102,10,1602.7324736656842,605.4572860030174,102.96165177478315,84.45688747188933,-1,-1,-1,-1
102,11,1602.791716776244,604.6777306498903,102.92859354762913,85.23644282501641,-1,-1,-1,-1
103,10,1656.7836858841724,604.998784672968,111.14768317199764,89.87015096925393,-1,-1,-1,-1
103,11,1657.0275858914329,604.704318055604,111.36353804354826,90.88150096216395,-1,-1,-1,-1
104,10,1708.3489431315006,603.4546365270093,121.03319678146954,96.57471172300575,-1,-1,-1,-1
104,11,1708.9118228897412,603.3538385458055,119.51512893414179,96.24847422655284,-1,-1,-1,-1
105,10,1763.4106867533242,600.8830151878252,132.8297929803075,104.9682306754296,-1,-1,-1,-1
105,11,1749.4033040453503,602.6289862878526,124.52949868937753,100.28666347374974,-1,-1,-1,-1
106,10,1802.64374171087,599.9269054704622,137.75794931445034,110.63913972084526,-1,-1,-1,-1
107,10,1845.1756438926304,598.854657810251,144.10496431933075,115.73668752101219,-1,-1,-1,-1
264,14,583.8581540507897,648.052707209588,63.01551884366654,84.2250760684924,-1,-1,-1,-1
265,14,568.0260172866928,647.7713707593848,67.19356859440359,89.91585918698513,-1,-1,-1,-1
266,14,544.9429222630222,626.2634374389507,86.52727561198333,118.51258220763759,-1,-1,-1,-1
267,14,531.9931087179506,635.6303674295691,83.00328264173993,113.70696145103875,-1,-1,-1,-1
268,14,515.0793903566397,629.4313093395775,88.21229183759908,121.68183366762412,-1,-1,-1,-1
269,14,498.6947545079696,652.4688046350275,81.53144298620873,111.71057864463296,-1,-1,-1,-1
270,14,471.83441347316784,655.0929072106026,88.58532691156574,121.53609971520564,-1,-1,-1,-1
271,14,449.10824177797457,661.0538765890235,90.0341461903011,123.25416521073396,-1,-1,-1,-1
272,14,420.53186012140276,660.9087100945897,100.25227368847476,135.86473105198706,-1,-1,-1,-1
273,14,390.5763284121982,661.4638227758129,107.47480591547856,145.05139434150135,-1,-1,-1,-1
274,14,359.5344476595079,677.2014958665676,107.68181809116294,143.08442261587402,-1,-1,-1,-1
275,14,321.9971241956013,681.1136709688355,121.469432785918,159.91653393977617,-1,-1,-1,-1
276,14,277.9102964426652,679.522385081188,135.15104069839617,177.39528419467615,-1,-1,-1,-1
277,14,235.60814281667845,677.5897960327374,150.13930208475344,195.46761676192398,-1,-1,-1,-1
278,14,213.81668639590393,679.4653745690102,155.5085095820239,202.46395055538528,-1,-1,-1,-1
285,29,638.535275576252,532.4178108828298,126.6307742579603,110.80788160298448,-1,-1,-1,-1
286,29,632.2625656047646,530.3439684609205,130.98828842896762,114.14846999931149,-1,-1,-1,-1
287,29,629.0478862760979,526.8228376027299,136.3651265517518,118.82248797672571,-1,-1,-1,-1
287,30,432.7292244161031,477.4047107719316,197.2802088535343,194.24487848707554,-1,-1,-1,-1
288,29,625.7660086758037,527.049166596099,137.21715251165824,118.98699448039497,-1,-1,-1,-1
288,30,418.2844329346991,470.92943762365894,208.25969781434083,204.26641400347944,-1,-1,-1,-1
289,29,623.5297956847281,526.5549720402095,138.43828356134964,119.59783473788309,-1,-1,-1,-1
289,30,402.10579807242385,466.6997624242465,216.5947730224529,211.03664655787452,-1,-1,-1,-1
290,29,618.8845253615199,524.4009367937595,143.33805099971994,123.81381781276355,-1,-1,-1,-1
290,30,393.3122950122897,463.92679556770236,222.73515368335075,213.92933228659854,-1,-1,-1,-1
291,29,605.8069131900204,522.3223639992723,148.7383342763676,127.96588704384419,-1,-1,-1,-1
291,30,375.86171402416,457.5915691004708,233.70484651390592,220.88675329467435,-1,-1,-1,-1
292,29,601.8072265066328,520.928601159316,150.3137873285341,128.15138759600097,-1,-1,-1,-1
292,30,352.3378754840867,450.68630415936383,246.4004322055075,230.63390683298297,-1,-1,-1,-1
293,29,598.1040107797533,519.8017136473896,154.22629539530033,131.41052626057478,-1,-1,-1,-1
293,30,329.79615373801266,441.6312506203872,266.576394236997,246.62149900480705,-1,-1,-1,-1
294,29,576.2804295564532,517.4624301500894,162.1104298292779,135.1902095318751,-1,-1,-1,-1
294,30,298.5328659954014,433.11734572465843,280.8185186908704,259.68230388321876,-1,-1,-1,-1
295,29,552.5913004030325,512.7142877882243,176.4544731282698,144.36427737054873,-1,-1,-1,-1
295,30,270.8207595671376,426.7101373249122,294.11495957073413,271.64668613770056,-1,-1,-1,-1
296,29,537.265721078257,509.651521905286,188.26630221780908,151.0192995929233,-1,-1,-1,-1
296,30,244.22306714756866,417.96660439201696,310.3325275537374,286.3326596045499,-1,-1,-1,-1
297,29,537.9714455872105,508.50080684638067,191.91059881088495,152.28002994324686,-1,-1,-1,-1
297,30,217.9932066980123,410.2254627173535,322.2771740267202,296.9723980462992,-1,-1,-1,-1
298,29,532.9092737233641,506.1965425508635,196.89101678737063,155.20660953573412,-1,-1,-1,-1
298,30,186.68389586659325,399.0662890378175,338.4722358925053,312.35293651637704,-1,-1,-1,-1
299,29,484.15928621322877,498.2793157678283,226.4023143786141,173.62857135343063,-1,-1,-1,-1
299,30,143.7278444504942,383.44047035937695,356.868702889064,333.9828838329653,-1,-1,-1,-1
300,29,461.20646900958786,490.9260597026994,239.07661449937268,177.50070795088072,-1,-1,-1,-1
300,30,182.93215780551762,374.8736303313822,387.6109106473805,344.8577390769492,-1,-1,-1,-1
301,29,449.36753204673255,487.9757342564142,245.30710137630103,182.12627496056683,-1,-1,-1,-1
301,30,174.95010273604282,365.34288531765355,425.3093604846297,356.4532888431695,-1,-1,-1,-1
302,30,144.78832568025186,353.5434209493601,457.59727708452397,361.37087526020764,-1,-1,-1,-1
303,29,424.4507057145453,479.5715797069096,257.68360849563885,189.44189980146064,-1,-1,-1,-1
303,30,119.29094313306328,347.1934812348354,483.3678489296191,362.2929320023502,-1,-1,-1,-1
304,29,454.73328778689364,473.4860136415387,255.21303631261213,191.31505662155274,-1,-1,-1,-1
304,30,103.55127737871555,339.541542533604,495.99921976382143,371.759603453317,-1,-1,-1,-1
305,29,462.71255616749073,470.03191407183965,255.51239719169251,193.26211395971097,-1,-1,-1,-1
306,29,452.7558436175766,465.57864813933,262.6591833981179,200.98136889261747,-1,-1,-1,-1
307,29,443.07286189983864,459.4729306293437,269.01568050463635,207.689072120449,-1,-1,-1,-1
308,29,429.30464709384205,454.62665562791204,274.4758671389234,212.10414300192582,-1,-1,-1,-1
308,37,207.98495746580102,441.93773567529115,217.14570962283176,252.7137001699332,-1,-1,-1,-1
309,29,414.1794560978193,447.7170207569694,284.80938605664835,220.73666735717677,-1,-1,-1,-1
309,37,188.69196459895832,437.33126111255694,221.87103420884793,258.21302204970607,-1,-1,-1,-1
310,29,394.1799861262753,438.7553034746874,300.76674787803694,234.17404658993956,-1,-1,-1,-1
310,37,122.42468423123447,423.5091982436722,248.02664717231048,290.59718271586195,-1,-1,-1,-1
311,29,377.6834882527995,433.4443646188936,311.3417763444305,244.3783475355317,-1,-1,-1,-1
311,37,59.69203306700359,415.5154561963975,260.2810357942068,301.5597155153655,-1,-1,-1,-1
312,29,357.9906725501131,426.40497219379085,323.1770275536105,254.6056148992609,-1,-1,-1,-1
312,37,29.11650202171745,408.80500200114795,267.819761724941,311.16619459600486,-1,-1,-1,-1
313,29,340.6656083570074,420.58208367489283,332.0902322352324,263.5501297512312,-1,-1,-1,-1
313,37,-6.82799404473343,401.7665988938467,277.77612675411217,322.73398738884504,-1,-1,-1,-1
314,29,317.58748240599124,414.61444932763845,344.37247151300727,274.5137417643972,-1,-1,-1,-1
315,29,291.7560034443454,407.3295638148977,358.39429845273844,286.8896797766927,-1,-1,-1,-1
316,29,269.0839112719448,401.4232590694122,372.86787291265335,299.1814088397771,-1,-1,-1,-1
317,29,244.5853323638609,397.33199233888723,384.8597390459734,308.2744187423229,-1,-1,-1,-1
318,29,214.1358131296208,387.62534651616284,407.53806672429005,326.87098879596033,-1,-1,-1,-1
319,29,180.10857790851975,377.63748369356915,425.83062209698363,342.8030997598843,-1,-1,-1,-1
320,29,147.00246639293508,364.9847821693295,447.5821208886781,361.5172418939933,-1,-1,-1,-1
321,29,109.56980911917384,351.930047354392,468.9482956375737,381.2920352575897,-1,-1,-1,-1
322,29,80.51911684165981,339.9785916066135,485.0226880100908,393.322551977566,-1,-1,-1,-1
323,29,30.80570570974828,324.6582081200994,509.09768791960005,412.95705146860246,-1,-1,-1,-1
324,29,7.545008055314668,310.60084866768943,520.8811603103638,421.0815748489888,-1,-1,-1,-1
325,14,318.96454009399304,467.4673056722725,193.0791196276241,246.3927482788617,-1,-1,-1,-1
325,29,-38.11503714972275,296.98090211105523,529.5862274197136,437.25041292448327,-1,-1,-1,-1
326,14,299.59271995484704,460.83215691877956,207.42370059284127,264.08972233352256,-1,-1,-1,-1
326,29,-63.833847749618,288.13622248679394,543.8340675037991,449.0145400265112,-1,-1,-1,-1
327,14,309.5314215344877,453.2102838010367,207.88023676576057,264.6776093804544,-1,-1,-1,-1
329,14,223.99563514331544,437.09037609370523,230.51489709393854,294.9941306670545,-1,-1,-1,-1
330,14,197.33243695300277,428.40868366833513,234.32390501754074,297.6824592280283,-1,-1,-1,-1
331,14,183.83860393970755,420.4639397665354,238.8223203711017,303.40463998357063,-1,-1,-1,-1
332,14,113.26159138577691,403.42193858509404,262.7092662019516,338.24732553767717,-1,-1,-1,-1
333,14,59.22663838881263,397.3452455253344,273.67576800482743,342.7488859987299,-1,-1,-1,-1
334,14,34.44409307416984,388.5336402542247,280.8918186179642,351.79369562492207,-1,-1,-1,-1
448,66,931.7916051960442,544.4598641369179,68.61156471714185,77.96915793002358,-1,-1,-1,-1
449,66,931.2680675127393,543.7996285824115,69.43764520548098,78.95651536019909,-1,-1,-1,-1
450,66,930.2342934397275,542.93297977412,70.20158676550614,79.95562618804206,-1,-1,-1,-1
451,66,930.7366096062237,542.6377156088829,70.0766360166158,79.65065504685072,-1,-1,-1,-1
452,66,929.6054646876894,541.7316058002046,70.77352661894633,80.44274966531373,-1,-1,-1,-1
453,66,931.1119813776403,542.5073907352136,71.2851990588025,81.05320131373401,-1,-1,-1,-1
454,66,930.134393259299,543.9362350526713,70.54406662708152,79.931984110955,-1,-1,-1,-1
455,66,929.1707047764003,544.4687557608161,70.19813071059275,79.50955536287915,-1,-1,-1,-1
456,66,929.6117479785838,546.6655130150197,69.16861706623195,78.01192679151063,-1,-1,-1,-1
457,66,929.6453722512234,548.8432032396182,69.10278086124174,77.42480183961254,-1,-1,-1,-1
458,66,929.691197491838,551.6497934939532,69.71881160055364,77.8602638655932,-1,-1,-1,-1
459,66,929.2570222813125,553.3535908377535,70.88761786385908,79.33839964996184,-1,-1,-1,-1
460,66,928.5554125873406,553.9800928092947,72.43163013903279,81.20030236104083,-1,-1,-1,-1
461,66,929.1135743621616,555.5046439227748,72.04632634376856,80.59181417617401,-1,-1,-1,-1
462,66,928.1811368153069,556.0671156697396,73.56398801416879,82.31052683918642,-1,-1,-1,-1
462,68,1733.6474805317428,606.0421807145782,130.85319737827604,40.65531053768473,-1,-1,-1,-1
463,66,927.5039864503883,556.2586015272285,74.80183785005204,83.59727090418096,-1,-1,-1,-1
463,68,1774.375248326107,606.2584623247284,142.86937051198902,45.02501175517091,-1,-1,-1,-1
463,72,1723.405332822903,604.5286483274297,243.97349734594377,62.98121042962225,-1,-1,-1,-1
464,66,926.6807927092295,556.3076412577691,75.11531951263976,84.07142703204295,-1,-1,-1,-1
464,68,1803.3556816383818,606.8711400936821,147.123794946285,46.36573087727811,-1,-1,-1,-1
464,72,1728.5814391643637,603.9681368069209,277.6034660150092,71.66271255935192,-1,-1,-1,-1
465,66,926.317056255688,556.3022299561554,75.34764440298318,84.23004960412732,-1,-1,-1,-1
466,66,926.6456498026788,555.6229538293549,75.17721349398619,84.26822980092129,-1,-1,-1,-1
467,66,925.9354392997918,555.3456993046817,75.48872792395218,84.91913640274299,-1,-1,-1,-1
468,66,926.1281578952471,553.9165530899514,75.35322875055567,85.14866797090633,-1,-1,-1,-1
469,66,925.5566736410929,552.703319085885,75.29695724665532,85.21681603779928,-1,-1,-1,-1
470,66,925.4425476040054,552.8947163459809,75.08497320579909,84.56716875230222,-1,-1,-1,-1
471,66,925.1050727677737,551.6476266920437,76.2727421557912,85.62287249509575,-1,-1,-1,-1
472,66,924.4523717125082,551.1798142960215,77.12951918295175,86.00861970687845,-1,-1,-1,-1
473,66,923.7612862765261,547.7211406259718,79.66935960010153,89.42539355497343,-1,-1,-1,-1
474,66,922.9428868874304,545.7765341685197,81.10269015237304,91.3484906329403,-1,-1,-1,-1
475,66,923.4601836050954,544.3910289595385,81.29610817347452,92.06844031978278,-1,-1,-1,-1
476,66,923.3268373720672,543.8805257893127,81.39495590608055,92.31401032894394,-1,-1,-1,-1
477,66,924.5980317292663,546.9816076585404,78.79105002525966,88.45366537375867,-1,-1,-1,-1
478,66,924.4383535283209,548.8850709815558,78.42456876241431,86.91992758566107,-1,-1,-1,-1
479,66,923.802130166632,548.9324571071134,79.44704333809057,87.67474705516918,-1,-1,-1,-1
480,66,923.6405473185506,548.8606099755306,79.61080309681336,87.85539852047657,-1,-1,-1,-1
481,66,923.3954644899087,550.5104717668914,79.37123156181099,87.22936287840707,-1,-1,-1,-1
482,66,923.2422576888359,550.6220860759338,79.45746600738926,87.32405557514392,-1,-1,-1,-1
483,66,923.7822412850559,551.731522873747,79.95250062764592,87.87676471528255,-1,-1,-1,-1
484,66,923.6284723573501,551.3078222907035,81.92647879803962,90.70744060653055,-1,-1,-1,-1
485,66,923.3716091589502,552.4651344030036,81.71890111873438,90.39459475776027,-1,-1,-1,-1
486,66,923.1562455356601,552.9041359846477,81.86555217808302,90.25560398695336,-1,-1,-1,-1
487,66,923.4173366610652,552.4018981957012,82.55143559799501,90.84874333801122,-1,-1,-1,-1
488,66,925.5165388403512,549.5742744409407,84.72274168895149,94.34818978725207,-1,-1,-1,-1
489,66,926.0540560049965,549.1553056609995,84.092453320569,94.35813310614003,-1,-1,-1,-1
490,66,927.8976068524513,548.997760696965,82.50726040335712,92.36606903252539,-1,-1,-1,-1
491,66,927.0062933061151,546.9584856807047,83.07413072639429,92.89917965720224,-1,-1,-1,-1
492,66,927.1042099482544,546.2044955190181,83.7141976292744,93.08751833347014,-1,-1,-1,-1
493,66,928.3264442348361,544.6157192500782,85.51022517227136,95.12024380807145,-1,-1,-1,-1
494,66,929.3744859544704,543.3762195987966,86.94972334617887,96.52883647431418,-1,-1,-1,-1
495,66,929.7691385804837,542.7705838608265,87.5035298821557,97.14360139432574,-1,-1,-1,-1
496,66,931.4176866860271,542.0376802630358,89.11037108769835,98.71636486029831,-1,-1,-1,-1
497,66,932.8560999286401,541.1394081889109,90.17203070868948,99.80937238732247,-1,-1,-1,-1
498,66,932.5698529213246,540.8249030673783,91.48447388227828,101.50213020454305,-1,-1,-1,-1
499,66,932.1144001443773,542.0282487490186,90.66299894964538,100.16655190062522,-1,-1,-1,-1
500,66,934.9858628532074,543.1798419913847,91.41045640187917,100.92843737799546,-1,-1,-1,-1
501,66,938.3009911275199,546.2475807995229,89.79582869374258,99.22911439587199,-1,-1,-1,-1
502,66,938.3872621295529,548.096560490691,90.13423739977634,99.87240177184742,-1,-1,-1,-1
503,66,938.324282827532,546.810927404689,94.98420578306104,106.02013208459903,-1,-1,-1,-1
504,66,937.7450809365546,546.9698881305385,97.87104821496541,110.23778701562992,-1,-1,-1,-1
505,66,939.3767516303343,548.9582438376291,97.13050942263055,109.92768809763697,-1,-1,-1,-1
506,66,939.898165177657,550.3910913282189,97.62760659335152,111.04451599352296,-1,-1,-1,-1
507,66,941.0368809630517,551.5791869277975,97.81463668197568,111.43176939413411,-1,-1,-1,-1
508,66,941.0986965914614,551.3682177523051,98.55468096428069,112.84181599533076,-1,-1,-1,-1
509,66,940.1466789546969,550.6207787529951,99.41122958767778,113.99453072972938,-1,-1,-1,-1
510,66,940.6182808508104,549.0157085427483,100.59649422504663,115.69978697153329,-1,-1,-1,-1
511,66,941.0349530676591,549.0417981720266,99.21579945792143,114.36230460056845,-1,-1,-1,-1
512,66,942.1497644873708,547.7329030242934,99.97800352440265,115.10535554245303,-1,-1,-1,-1
513,66,942.8137210737964,547.8910621044464,99.72700298344193,115.35535769223486,-1,-1,-1,-1
514,66,944.6302256931145,547.9532103626333,99.06299101032334,114.76030516937249,-1,-1,-1,-1
515,66,943.0143768560233,546.6612490547003,100.0682742309516,116.47469737670122,-1,-1,-1,-1
516,66,943.1134289505136,546.8298785383859,100.93966051268023,117.75263904930398,-1,-1,-1,-1
517,66,943.9967539869627,547.5540740857733,100.83972268239097,117.55750233884328,-1,-1,-1,-1
518,66,946.2266998640393,547.1794582934253,100.90669120030884,118.10499148474355,-1,-1,-1,-1
519,66,948.3414862076451,547.6950022378795,100.3123423839296,117.62967653192345,-1,-1,-1,-1
520,66,949.5387334415775,547.2354065096273,101.21073824641371,118.73708449198011,-1,-1,-1,-1
521,66,949.0301867240438,547.062404980296,102.74938549582805,120.44679823682588,-1,-1,-1,-1
522,66,949.8656911614407,546.3443777963537,103.16874118735086,120.41979370263846,-1,-1,-1,-1
523,66,950.5338489339155,546.2089808720027,103.75381571101059,121.10301066511192,-1,-1,-1,-1
524,66,952.9612722328505,545.2422579905272,104.1168267822535,121.9517615129356,-1,-1,-1,-1
525,66,955.5546576247634,543.6652414577688,105.01424523909736,122.88546123142282,-1,-1,-1,-1
526,66,956.5710517473344,543.3052503296273,105.63279560738033,123.6096180996501,-1,-1,-1,-1
527,66,957.101531341887,542.2135320995422,106.1191214677824,123.3012970080166,-1,-1,-1,-1
528,66,959.9878305786164,541.9281427768267,106.3462585878741,123.30106287235537,-1,-1,-1,-1
529,66,960.8086871783362,541.833401986831,108.11786523141245,124.61141375809427,-1,-1,-1,-1
529,86,1226.6939641927775,537.8621072664115,149.32988221751998,127.22276292459594,-1,-1,-1,-1
530,66,961.4300919658214,541.8106455947789,108.72095337918165,124.42919861649011,-1,-1,-1,-1
530,86,1236.925387264979,535.1918446226528,154.38949515434547,131.7216692586951,-1,-1,-1,-1
531,66,961.7015981177086,541.15898805801,110.08109831655418,125.65085527426697,-1,-1,-1,-1
531,86,1249.3363025537642,532.965124487883,159.1044727601868,135.91401367800586,-1,-1,-1,-1
532,66,962.8427785909361,540.2685542996173,111.04633491452603,125.43747854876801,-1,-1,-1,-1
532,86,1260.6844195387685,530.899226734599,162.74769435791063,138.60210355582603,-1,-1,-1,-1
533,66,963.4032778724114,540.6023170910632,112.37195846856491,126.6480352949061,-1,-1,-1,-1
533,86,1270.2682619584932,526.851829887048,170.67793476553288,144.83239762659844,-1,-1,-1,-1
534,66,964.2800656219017,539.4303609218555,114.0727785626384,127.74309919414895,-1,-1,-1,-1
534,86,1280.9527319532274,523.4377013683967,177.86423166362192,150.33068842416913,-1,-1,-1,-1
535,66,965.2649625041493,540.3088037644468,115.28469332491773,128.79352111291746,-1,-1,-1,-1
535,86,1295.2579316769586,517.6408658104272,186.2121749956425,156.20993814178155,-1,-1,-1,-1
536,66,966.7156220104417,538.6924167614716,116.76981431944148,130.48065494708226,-1,-1,-1,-1
536,86,1309.9397407765712,513.5443568131454,196.28913508283836,164.1696495492988,-1,-1,-1,-1
537,66,967.5684686426156,537.4341045046662,117.28771506103601,130.44411549990298,-1,-1,-1,-1
537,86,1324.0020912552723,508.1945698175046,207.7771056503325,172.90332751256113,-1,-1,-1,-1
538,66,969.2977039035752,537.6261565630463,116.53058080638402,128.42743937956345,-1,-1,-1,-1
538,86,1342.10589274095,504.27340554466025,217.57847083382126,178.7412243906881,-1,-1,-1,-1
539,66,968.5488111729359,537.0601733782239,119.59361895262293,130.9362413333821,-1,-1,-1,-1
539,86,1357.7855675984406,497.7286732365337,235.4668559930535,192.3643747461424,-1,-1,-1,-1
540,66,969.1986753044328,534.8978745113592,122.07168761408298,133.16694283335255,-1,-1,-1,-1
540,86,1375.6577057835732,491.46721414467504,249.18878369073877,202.6125384001407,-1,-1,-1,-1
541,66,969.3151131504867,534.088605175999,123.8371707289457,134.64889807361828,-1,-1,-1,-1
541,86,1394.3732572183965,486.5430932169812,262.8057832131492,211.58577983465773,-1,-1,-1,-1
542,66,973.8855294089806,533.8022332858084,124.50859524191446,135.1865178864499,-1,-1,-1,-1
542,86,1415.883338077813,479.6488117767467,282.11109284926465,225.0695593381165,-1,-1,-1,-1
543,66,976.0065983826181,535.0285487321524,125.88262782324648,135.35833961372327,-1,-1,-1,-1
543,86,1442.3897966196923,475.12556390634705,297.5140368895809,233.40182014240116,-1,-1,-1,-1
544,66,977.3349413234989,534.8624627691964,127.85971413668449,136.7048350458208,-1,-1,-1,-1
544,86,1462.7688084728288,463.3601605469189,324.7872976185049,253.5379243694931,-1,-1,-1,-1
545,66,977.5949253721235,536.1235070921447,128.96957228017345,137.188595488705,-1,-1,-1,-1
545,86,1490.4593099858891,454.4414874579995,349.01636240732546,270.67632423202946,-1,-1,-1,-1
546,66,976.4462068626052,533.9961884568061,133.05640451165607,141.27753504157602,-1,-1,-1,-1
546,86,1515.794313968649,444.7296104440101,376.85561753197044,291.1007144351516,-1,-1,-1,-1
547,66,978.712945994824,533.8491321953874,134.94783776910674,143.44867515338592,-1,-1,-1,-1
547,86,1535.0937624214234,439.06527719807804,386.9268296826781,299.15150804688534,-1,-1,-1,-1
548,66,979.7300521423422,532.5063729782889,137.2229987579817,146.1981026635733,-1,-1,-1,-1
548,86,1540.6487743797613,428.7863906459912,409.6703243964771,321.54806526492155,-1,-1,-1,-1
549,66,982.5784310925412,531.3546207609129,137.60384724798632,147.21117021539465,-1,-1,-1,-1
549,86,1561.439333968782,416.12299129546165,408.65184373320767,328.37386021087485,-1,-1,-1,-1
550,66,985.1715186161757,530.928732381779,137.8808640538914,147.54847099164135,-1,-1,-1,-1
550,86,1570.8279354339031,382.782495358927,427.3155750015244,356.5856454845516,-1,-1,-1,-1
551,66,986.6822898306369,528.1704270022219,143.3440205680398,154.16653587550616,-1,-1,-1,-1
551,86,1574.83440391562,353.07349205111575,464.43209387565093,409.64833730260466,-1,-1,-1,-1
552,66,989.2697435075249,528.4307150201603,141.27941086866304,151.4807099296562,-1,-1,-1,-1
552,86,1614.3084401073456,364.224819471708,425.69300923264814,396.93249307279757,-1,-1,-1,-1
553,66,990.2192621146596,527.9181018195097,141.6833009775005,150.9771777039764,-1,-1,-1,-1
553,86,1629.8292510069816,355.6454278504068,439.60125668975456,409.9020459826777,-1,-1,-1,-1
554,66,990.2541467415301,527.0909354578243,144.30008872167582,152.70916392464505,-1,-1,-1,-1
555,66,994.3609876103267,524.8381130301461,146.11914601119224,153.98015404743353,-1,-1,-1,-1
556,66,993.9226800597625,524.0010180233993,150.0304268724027,157.6910250219214,-1,-1,-1,-1
557,66,992.4610436349279,521.7580216794971,154.61581111860517,162.31463006485717,-1,-1,-1,-1
558,66,993.3832811114092,521.5692321467856,157.15035372837212,164.6922819660864,-1,-1,-1,-1
559,66,993.6621825726112,520.8838724771311,160.08201644427243,167.49553247745393,-1,-1,-1,-1
560,66,994.3334770864399,520.6504803278674,162.5346058567793,169.80931335994137,-1,-1,-1,-1
561,66,994.3097098674912,519.9420516442564,164.54913212788415,171.28240453350418,-1,-1,-1,-1
562,66,995.3341940890543,519.1368456386256,166.41870907764815,173.22712866589745,-1,-1,-1,-1
563,66,997.8407685061144,518.0772301087454,169.92253552903264,175.8071463960215,-1,-1,-1,-1
564,66,1002.9481209000146,518.4132580544153,168.74664154355878,174.6114663782431,-1,-1,-1,-1
565,66,1004.3263964961956,517.8961878498687,169.84621280022554,175.44753264261578,-1,-1,-1,-1
566,66,1007.3658325861197,516.414792785544,172.26907386419998,177.67335077733946,-1,-1,-1,-1
567,66,1008.0241422819123,514.5692334045629,173.37825367742187,178.46705769882897,-1,-1,-1,-1
567,80,918.414362223125,549.836251576532,65.93607157529618,77.83950737434918,-1,-1,-1,-1
568,66,1009.5461616504732,511.927561183543,174.99607799472744,180.01646919718934,-1,-1,-1,-1
568,80,918.8006438367623,549.3909585299775,66.18023024353181,78.127218189156,-1,-1,-1,-1
569,66,1010.6113607953374,510.29764838866447,177.0890202892366,181.85934569771518,-1,-1,-1,-1
570,66,1009.9602898107579,509.05945115685483,180.48808685435608,184.46747934590644,-1,-1,-1,-1
571,66,1011.690243318912,508.6248117765309,182.8837256884699,186.7132996761776,-1,-1,-1,-1
572,66,1017.0156998174294,509.1508608974,186.0571143065448,189.47014616475212,-1,-1,-1,-1
573,66,1018.0695523368754,506.1326251888925,189.73784523266932,193.07073900147628,-1,-1,-1,-1
574,66,1019.0278274507067,505.6550225785605,191.80547516735635,195.039233876315,-1,-1,-1,-1
575,66,1020.2249659665251,505.5123908571096,192.69470224441216,195.72292687459026,-1,-1,-1,-1
576,66,1022.1584170750212,505.49742810956866,194.4583493263102,197.21543811010076,-1,-1,-1,-1
577,66,1024.2494946245442,505.5251389843504,195.50968125977806,197.71916005980302,-1,-1,-1,-1
578,66,1024.767708365762,504.25912581502365,200.20785669586007,201.76973735680366,-1,-1,-1,-1
579,66,1024.9072258393796,503.15145291225525,205.2000419733747,205.20675209091752,-1,-1,-1,-1
580,66,1027.5561712417432,501.453515088934,210.19896256284437,209.06189724085942,-1,-1,-1,-1
581,66,1026.2637697326452,499.53071219340075,216.56336910376854,214.36937061171568,-1,-1,-1,-1
582,66,1030.6973147146855,498.17387274343093,219.9680879995915,216.33788445752202,-1,-1,-1,-1
583,66,1031.6000778398093,498.98715368112886,223.36576868114162,217.00234331034932,-1,-1,-1,-1
584,66,1035.9904507344945,496.07864262792003,228.74995363561175,221.0776408822548,-1,-1,-1,-1
585,66,1037.9430164475825,498.894133462352,229.4046143746823,218.0128220939066,-1,-1,-1,-1
585,80,924.5858056307587,545.9505253048607,76.76997352677677,93.86998967829345,-1,-1,-1,-1
586,66,1040.4203567623865,498.7245717189942,233.788801115345,218.01973010676147,-1,-1,-1,-1
586,80,924.8713936431832,545.7219842102652,77.47144035108238,94.72728441727327,-1,-1,-1,-1
587,66,1040.5382105233068,496.0593027321811,242.1022907423294,223.86184914955015,-1,-1,-1,-1
588,66,1042.832914699019,497.0216103549244,244.44751442961888,221.46738430240976,-1,-1,-1,-1
588,80,915.6908591875087,546.7088546280665,79.43727459001775,95.24194305832145,-1,-1,-1,-1
589,66,1045.8547668227861,494.8060536137535,251.28995395872334,225.03547415060171,-1,-1,-1,-1
589,80,915.1993593960201,546.6042787838462,80.06684817569374,95.99622214020144,-1,-1,-1,-1
590,66,1046.343374743775,495.2978611957802,257.56481763346324,227.63372040382427,-1,-1,-1,-1
591,66,1052.302736294502,494.8633096591596,264.4701049910425,231.1721999290134,-1,-1,-1,-1
592,66,1052.2048513749974,490.8103072510716,273.5572046816378,237.67159584219286,-1,-1,-1,-1
593,66,1053.5174622153152,488.6328838273704,279.2476251466833,240.7395899265315,-1,-1,-1,-1
594,66,1056.0357956761165,487.82633878852243,284.9019743978845,243.1316518134347,-1,-1,-1,-1
595,66,1058.2409877896857,485.6033260947771,292.1039509849643,247.2128771385909,-1,-1,-1,-1
596,66,1061.3151977744028,484.7876679520346,295.9571285156985,248.690758118529,-1,-1,-1,-1
597,66,1062.3202635282892,483.2148747967137,302.0208221683047,251.11215312111705,-1,-1,-1,-1
598,66,1066.7293962526348,483.95679302836356,306.39957534796713,251.29634786480415,-1,-1,-1,-1
599,66,1067.0940128525192,482.3259676290463,315.62195930540247,255.8460300607369,-1,-1,-1,-1
599,80,925.6723207634826,543.0800484058939,77.93360845562336,97.20458604724308,-1,-1,-1,-1
600,66,1068.583089029519,481.0869438345354,324.59034104858756,260.10437174933327,-1,-1,-1,-1
600,80,926.103619748625,542.8109092266504,78.20135657058916,97.53827758765328,-1,-1,-1,-1
601,66,1073.0764725690644,480.6480301908033,329.61618767233995,261.6514514019598,-1,-1,-1,-1
602,66,1076.2676373819718,479.21560325438776,339.35584768932245,266.7103208303702,-1,-1,-1,-1
602,80,927.3228099663361,543.7500995521006,77.45120675448618,100.59573976536842,-1,-1,-1,-1
603,66,1079.5308570489694,478.05153707172667,345.1554546170762,268.557397997454,-1,-1,-1,-1
603,80,927.6423630270052,543.6244873893914,77.88683559146546,101.16161282393057,-1,-1,-1,-1
604,66,1082.9552522767376,476.9907827171336,352.4323287728482,271.1165293464836,-1,-1,-1,-1
604,80,924.9784824042181,543.8922556043896,79.386020987145,104.29639268603069,-1,-1,-1,-1
605,66,1084.6030773679001,474.0140371733705,367.20153780508394,279.1720590018167,-1,-1,-1,-1
605,80,924.9494812421956,543.8069155388275,80.01678455551291,105.12525614832543,-1,-1,-1,-1
606,66,1083.0754620085074,471.6159192292722,381.3504764648908,286.6936200514609,-1,-1,-1,-1
606,80,926.3629448309613,542.3817948503552,78.93890589168632,104.43336630655972,-1,-1,-1,-1
607,66,1079.8765494803893,465.56064987461184,399.39672770640914,297.89649663529246,-1,-1,-1,-1
607,80,926.5594779158857,542.7274660418495,78.32215077826231,104.36165818286952,-1,-1,-1,-1
608,66,1081.26189123446,460.04823740863185,416.84088602313614,309.18515711252894,-1,-1,-1,-1
608,80,926.6138870738126,542.1927945117877,78.78460648627151,105.64694030535202,-1,-1,-1,-1
609,66,1082.445783680652,456.0293497443939,431.60967560855715,319.2236594320093,-1,-1,-1,-1
609,80,927.7868259571061,541.9974551509544,77.94562850691534,104.79944120544587,-1,-1,-1,-1
610,66,1090.5118842924162,453.8837081910797,439.7208695985976,323.63566671269587,-1,-1,-1,-1
610,80,928.6764894492742,543.2505641007536,76.71827246884868,103.12653286022851,-1,-1,-1,-1
611,66,1093.6236570688147,451.8398639910947,448.3426200259644,327.7387873633404,-1,-1,-1,-1
611,80,928.9118095029601,543.2075717072266,76.92282797991652,103.40189087763349,-1,-1,-1,-1
612,66,1104.872883200689,451.77199478571185,454.37859583303907,329.1456319059388,-1,-1,-1,-1
612,80,928.7174308620532,542.2562048506153,79.21790317045077,107.04900440179108,-1,-1,-1,-1
613,66,1104.1108245913435,443.3968967814676,476.1882379134663,343.11929488579017,-1,-1,-1,-1
613,80,929.103311042882,542.7054243864745,76.94729179252283,103.89557904785909,-1,-1,-1,-1
614,66,1104.1765646021631,437.6879886049845,494.34167104346443,354.7443151660176,-1,-1,-1,-1
614,80,929.0314111428208,539.5427292430134,78.50983805287865,106.04365283407856,-1,-1,-1,-1
615,66,1107.0198258103512,431.05189272256723,506.8348417810546,362.3176190596603,-1,-1,-1,-1
615,80,928.7325256787569,539.0447903119998,78.30273098928137,104.85639187381878,-1,-1,-1,-1
616,66,1108.781931751247,424.69195191372967,522.0906022668107,371.4953543794031,-1,-1,-1,-1
616,80,928.8091777356667,536.8879915847489,79.13346572182263,105.70331525106133,-1,-1,-1,-1
617,66,1110.0070588969272,417.18134181771387,545.7052086141798,387.0691973323431,-1,-1,-1,-1
617,80,925.3911557652011,534.7784492532429,81.71518595149917,108.6438443850268,-1,-1,-1,-1
618,66,1118.9445307643266,410.5302718314657,555.383788774034,391.0238630594248,-1,-1,-1,-1
618,80,923.1767126166689,532.0450168138573,84.52542077312057,111.69843297872706,-1,-1,-1,-1
619,66,1119.2566821786493,402.8981902386522,583.0191929028367,409.0356963613749,-1,-1,-1,-1
619,80,924.4278263270717,531.6717123949315,83.99967370085892,110.25144296403028,-1,-1,-1,-1
620,66,1124.4265985332868,396.2298500591494,606.0944032983621,423.45602213156803,-1,-1,-1,-1
620,80,925.5649650739787,531.5736824054192,83.82025335265541,108.9862392632275,-1,-1,-1,-1
621,66,1125.3621360465904,388.6402580060586,626.9966413670093,436.53863899479586,-1,-1,-1,-1
621,80,926.1857052866012,532.8931053656461,84.02848203955898,108.48342404483037,-1,-1,-1,-1
622,66,1124.1738391552744,378.13894564271294,659.3905574687269,459.9294611770404,-1,-1,-1,-1
622,80,927.0264026750219,533.4184752599914,84.20192841136293,108.27892150286993,-1,-1,-1,-1
623,66,1122.9985089795482,367.1889834105743,684.369332296013,478.3469188450902,-1,-1,-1,-1
623,80,927.8955088759641,532.9783124212544,85.78789154919446,110.83022898535035,-1,-1,-1,-1
624,66,1130.5154356798307,361.73616750333065,709.3691717354054,492.9579440922188,-1,-1,-1,-1
624,80,928.703681633236,532.8271442771695,87.36184679830706,113.73919576608273,-1,-1,-1,-1
625,66,1129.9813746253674,350.2218597549063,737.066342821239,511.75511575888686,-1,-1,-1,-1
625,80,928.9604142854525,532.3844443148436,87.962879259445,114.52173858617925,-1,-1,-1,-1
626,66,1134.1767864498017,347.1298883904758,746.7464176292885,514.3792261624437,-1,-1,-1,-1
626,80,929.0767296473713,531.986607756903,88.84612819425342,116.61017555185447,-1,-1,-1,-1
627,66,1128.0291875632442,341.6624809247847,763.3472369659412,525.2078764694643,-1,-1,-1,-1
627,80,928.2865632076564,532.5160107774931,90.79836523891538,120.50711273044169,-1,-1,-1,-1
628,66,1117.4571190216982,327.53399563153147,807.9359241420284,557.9405645514937,-1,-1,-1,-1
628,80,929.172080923705,533.3584718049019,89.80058163779177,119.9550658664981,-1,-1,-1,-1
629,66,1109.9725509337068,313.3374687850109,842.3131898710099,587.4460462407351,-1,-1,-1,-1
629,80,930.0647350794146,533.0461665986603,90.23420180494418,121.65163560517931,-1,-1,-1,-1
630,66,1101.248437659683,298.4051448246867,867.4786311437431,612.0834557806154,-1,-1,-1,-1
630,80,931.6796829460355,532.2831857372499,89.11726276752256,120.96004782734371,-1,-1,-1,-1
631,66,1099.9617997650394,285.71345424632943,876.2335370750052,625.8920996374839,-1,-1,-1,-1
631,80,932.3866266632468,532.6548191715813,89.78291897937049,122.61574057348764,-1,-1,-1,-1
632,66,1091.90878737608,272.0165373547071,895.978034728676,649.9604223397932,-1,-1,-1,-1
632,80,932.6854632853881,531.4984127106359,89.93317333996151,123.86581259191519,-1,-1,-1,-1
633,66,1090.9469475448955,263.0634693377302,904.5295744997381,667.2400232650486,-1,-1,-1,-1
633,80,931.9377511370403,530.410447223234,90.36154999779251,124.96165700889935,-1,-1,-1,-1
634,66,1071.8905192370755,241.97201597727286,948.490346942933,716.2410005488468,-1,-1,-1,-1
634,80,932.0424825008021,528.0454398652167,89.69822494147354,124.03749736619523,-1,-1,-1,-1
635,66,1060.4934105566253,225.1298533926102,977.0481265691683,756.9955599337004,-1,-1,-1,-1
635,80,934.1734524143798,527.1535291381648,88.50745505211512,122.3242623961338,-1,-1,-1,-1
636,66,1070.4167443750791,190.38890782696586,967.1917621375017,767.8187238088365,-1,-1,-1,-1
636,80,935.3796368054707,526.1782087447064,87.22541661542152,119.65728641965438,-1,-1,-1,-1
637,66,1057.1262856948742,141.07042985725695,996.5459647698754,813.9926722361945,-1,-1,-1,-1
637,80,934.7939852977686,523.8415734943228,89.44162240221908,122.6187082490087,-1,-1,-1,-1
638,66,1048.129227207611,107.64593566863323,1024.1617634164984,863.6712917717643,-1,-1,-1,-1
638,80,935.8093151006343,521.6865860055772,91.70069256841555,125.66923360241879,-1,-1,-1,-1
639,66,1061.3507847920134,97.20170471309149,1003.7074555733755,871.0338666299733,-1,-1,-1,-1
639,80,936.2412186029404,520.6931981084003,92.28316386943982,126.46830365183587,-1,-1,-1,-1
640,66,1090.2703203576627,105.81653025721084,955.9910034358556,850.6276031709233,-1,-1,-1,-1
641,66,1103.9543067112709,109.33576872253599,929.4644861582851,846.6636737084368,-1,-1,-1,-1
642,66,1111.3133607484792,103.3426318933889,920.5141694341623,859.4645174225759,-1,-1,-1,-1
642,80,937.2443779988809,513.5727406527116,91.88850343622983,125.46974766171934,-1,-1,-1,-1
643,66,1129.8160702760806,105.29183075849505,892.4900789084056,852.2356075520925,-1,-1,-1,-1
643,80,940.7938530408821,513.441290308544,88.34839051148242,119.78221758016412,-1,-1,-1,-1
644,66,1153.411277189878,116.35524604819165,852.2488135331564,829.1208601965745,-1,-1,-1,-1
644,80,941.8317518718277,512.7382094374971,87.45731725916039,117.86070478353042,-1,-1,-1,-1
645,66,1166.352507293306,118.46956446007232,831.1931400361839,823.5061040616051,-1,-1,-1,-1
645,80,942.6598878442725,511.55252115762096,87.20850163038187,117.52588977070855,-1,-1,-1,-1
646,66,1170.6794563360795,108.35762404107419,837.1681443033644,848.6893311419035,-1,-1,-1,-1
647,66,1185.0201667064084,111.24943265209458,813.0777556760213,839.7099671903643,-1,-1,-1,-1
648,66,1197.5479961386886,114.0717824317046,797.8638395310941,840.278120320497,-1,-1,-1,-1
649,66,1217.7156845030336,124.57536960932163,766.1628064953056,821.1257136635693,-1,-1,-1,-1
650,66,1235.8591000947793,135.49120261900515,734.0545376887374,797.5043984727508,-1,-1,-1,-1
651,66,1251.693991091192,152.45514688537241,708.8784945359203,779.0649246705177,-1,-1,-1,-1
652,66,1257.3347568734494,154.81141041387457,702.9884909254224,782.8751799843649,-1,-1,-1,-1
653,66,1271.975796253672,162.31477199081996,686.6977693929337,773.6719099734682,-1,-1,-1,-1
654,66,1272.5421726533932,147.13423982684878,693.4320350731227,793.5339108230728,-1,-1,-1,-1
654,80,937.2985803576245,507.7972587463672,103.60776527752125,140.24563221232575,-1,-1,-1,-1
655,66,1287.6575495366394,150.70660732486158,676.38755223054,784.4574483749122,-1,-1,-1,-1
655,80,937.2299829659773,508.32815669610085,107.14984211537035,147.07139311482325,-1,-1,-1,-1
656,66,1292.2222868186332,150.37917673090493,676.5378234850687,784.6611004881277,-1,-1,-1,-1
656,80,937.7022301409295,509.1790137350772,107.48972708975043,149.01481544240664,-1,-1,-1,-1
657,66,1313.4290630124713,178.15729949442448,636.1625621954549,744.3151454587389,-1,-1,-1,-1
657,80,938.4741618191588,508.8977201419001,108.98255303701603,152.92123796103,-1,-1,-1,-1
658,66,1317.433405223483,173.34809181024684,633.5263832824071,749.7291384524283,-1,-1,-1,-1
658,80,939.6545368918423,508.1607223313473,109.04869835190198,155.0191142090439,-1,-1,-1,-1
659,66,1327.9433651059712,181.06280992627688,616.289808673057,734.8863239445031,-1,-1,-1,-1
659,80,940.4007908564669,507.8884603483646,109.10434498337133,156.40826845576856,-1,-1,-1,-1
660,66,1339.6975201750704,187.2160912516445,607.9135174130722,732.8263476033239,-1,-1,-1,-1
660,80,940.5258985751362,508.44616841769636,108.76011964364773,156.87301935500528,-1,-1,-1,-1
661,66,1344.1735987737216,171.38120898456538,617.60198404792,757.5710584416495,-1,-1,-1,-1
661,80,942.7110799757673,509.3279507150776,107.55070791114179,156.328348949256,-1,-1,-1,-1
662,66,1352.9267550939237,165.4724046890501,616.598660946838,770.7316170348213,-1,-1,-1,-1
662,80,944.8653449862556,509.68101406563227,106.3697054301715,155.39381002581405,-1,-1,-1,-1
663,66,1364.7650779461742,161.21446447716403,610.0153098282904,778.4202403929814,-1,-1,-1,-1
663,80,945.7949713159339,509.8251941312602,106.30723362940216,155.62874268188966,-1,-1,-1,-1
664,66,1382.6908612612738,171.41428864606127,586.1935199597297,760.9587814922288,-1,-1,-1,-1
664,80,946.0042039430882,509.88638373073536,106.51525247819359,156.3236400991143,-1,-1,-1,-1
665,66,1399.5344322724134,177.34250519128278,567.8797585437919,750.8637817810497,-1,-1,-1,-1
665,80,946.1384257829206,509.26012995876687,106.42773543792032,156.54161755439378,-1,-1,-1,-1
666,66,1416.331534440397,179.52342020506262,554.8827237386081,749.1204267912447,-1,-1,-1,-1
666,80,946.2234414845886,509.0262547632416,106.26970818130212,155.92182682315547,-1,-1,-1,-1
667,66,1429.5599280435795,178.96447899072155,542.303018558182,747.1985346183315,-1,-1,-1,-1
667,80,946.4564166346547,508.2861877514347,106.41271322477837,155.6413767947547,-1,-1,-1,-1
668,66,1439.7328314808465,169.4208882604209,533.306367811743,750.5148938418627,-1,-1,-1,-1
668,80,946.8231124700941,506.6959198777379,107.18122689696327,156.81713544123681,-1,-1,-1,-1
669,66,1444.6090279790922,157.87539316014175,533.9572562013398,769.6644385302786,-1,-1,-1,-1
669,80,947.9801153379186,504.7908565635983,108.67768886529791,159.2029016577166,-1,-1,-1,-1
670,66,1448.6434070459559,144.3880285826678,534.6509096735256,790.6140399763456,-1,-1,-1,-1
670,80,948.6339918837397,504.0816311926799,108.77446231506963,159.42446873762015,-1,-1,-1,-1
671,66,1465.1544167472439,134.07626048565885,522.8094146646008,795.3010769882485,-1,-1,-1,-1
671,80,949.060717397597,503.17520204457327,109.71340641692382,160.78174060340763,-1,-1,-1,-1
672,66,1476.3793348296317,119.067771688856,517.8678698654462,812.6952798382026,-1,-1,-1,-1
672,80,948.9172426704931,502.19583832826214,110.6287367411503,161.91926178155796,-1,-1,-1,-1
673,66,1489.2543972458193,112.18200983978272,509.4323607148026,826.3471136508781,-1,-1,-1,-1
673,80,950.4210724596462,501.18938064125314,108.46097088747956,157.72810188960466,-1,-1,-1,-1
674,66,1504.0927216112243,99.93396550173406,498.30372831993304,837.2764189328173,-1,-1,-1,-1
674,80,949.9015717182026,500.16966883246596,111.7465914114357,162.71039819936186,-1,-1,-1,-1
675,66,1517.907601317469,56.96092001770688,491.6384587393102,859.5101590481572,-1,-1,-1,-1
675,80,949.6521934005643,500.4608604197011,112.39175173664603,163.88050155308446,-1,-1,-1,-1
676,66,1534.223776932862,38.77663045915534,470.4707642429005,854.1997422626348,-1,-1,-1,-1
676,80,949.3884456405971,500.60289430598215,112.9159524779185,164.29313681492766,-1,-1,-1,-1
677,66,1568.7179977201984,45.863717104008344,428.2039711828013,807.2378314240227,-1,-1,-1,-1
677,80,949.580562798342,500.6806568761931,113.79329191822467,165.0700596792742,-1,-1,-1,-1
678,66,1587.8898114638407,34.43334018012115,407.3966203171574,798.7781707989278,-1,-1,-1,-1
678,80,949.1671541867951,500.07291253773843,115.05667015651477,166.6450395786589,-1,-1,-1,-1
679,66,1598.9136168661662,21.878144863090938,404.56990215996666,829.5757369551252,-1,-1,-1,-1
679,80,948.2023894150313,499.85855287301933,115.80042177584141,167.2115342068323,-1,-1,-1,-1
680,66,1616.6510822311325,17.436841038333455,386.9316394056825,829.8161499102605,-1,-1,-1,-1
680,80,946.0356439191439,499.7951111326205,117.01387180881784,168.04730495904812,-1,-1,-1,-1
681,66,1637.3933030921535,18.77081756770366,368.0631860346889,829.7416189429705,-1,-1,-1,-1
681,80,946.4396307467421,499.78743857445284,118.27114919316637,168.98759513620257,-1,-1,-1,-1
681,91,823.1832564532576,588.1412821794709,98.5545455777301,59.435966977015596,-1,-1,-1,-1
682,66,1647.8547791186904,19.610914606835593,368.2645411809947,877.6871673097694,-1,-1,-1,-1
682,80,945.4903255113551,499.79946988640694,119.62612129508614,169.96792157022315,-1,-1,-1,-1
682,91,818.8107026766864,585.392480418785,105.04016798836551,63.347296174384155,-1,-1,-1,-1
683,66,1676.6684015489113,37.45366178303112,340.77040007422374,862.6071410793613,-1,-1,-1,-1
683,80,944.1178865561195,499.8174771353832,120.17374308908904,169.65114959554103,-1,-1,-1,-1
683,91,821.0073725012368,588.6658596909008,97.23953730747007,58.86050132780986,-1,-1,-1,-1
684,66,1685.106781004899,33.24135626084558,342.80445038548146,868.0530426995467,-1,-1,-1,-1
684,80,942.5070692085152,498.5210632103148,122.53884531582742,172.12661407864158,-1,-1,-1,-1
684,91,818.1000338590495,587.2924272336946,100.53258904241818,60.85383404617187,-1,-1,-1,-1
685,80,940.9601458623059,496.7326146159689,124.64883021541107,174.998205968758,-1,-1,-1,-1
686,80,937.0603815349373,495.4115438328742,126.84655508922697,178.01849651026993,-1,-1,-1,-1
687,80,933.9805404192723,492.3174048621806,130.8628414412833,184.3487369879345,-1,-1,-1,-1
688,80,932.1927544852281,489.8613937732647,132.99092203372584,188.66531158855753,-1,-1,-1,-1
689,80,930.1223017999431,488.9379021950263,133.36048046595636,189.62941372322808,-1,-1,-1,-1
690,80,929.298130949742,487.3180577822628,131.62150187376392,186.66387322443768,-1,-1,-1,-1
691,80,927.1535303982705,486.079973159789,131.36399910318914,186.08959483787976,-1,-1,-1,-1
692,80,924.3227632284783,483.67895467056053,133.38586567535788,189.1067764147598,-1,-1,-1,-1
693,80,922.2466461716397,484.11274995950725,132.2981953203564,187.59316568770737,-1,-1,-1,-1
694,80,920.0832932830446,483.01735187976266,132.712399628345,188.26160127052748,-1,-1,-1,-1
695,80,918.2940097769297,481.9834783708505,132.91990467406663,189.13058657852156,-1,-1,-1,-1
696,80,915.7781914552907,480.3163120067351,134.13232832135327,191.38993202255222,-1,-1,-1,-1
697,80,913.5507197586805,478.4106826730429,135.25979298537345,194.17384154386735,-1,-1,-1,-1
698,80,910.6509720664081,477.069884352847,135.30836596580764,194.539406725498,-1,-1,-1,-1
699,80,906.5728152914152,477.9152249890923,135.4616342804403,193.96873558752247,-1,-1,-1,-1
700,80,904.6709056205016,478.9424485882551,135.6768157882891,193.70191975283143,-1,-1,-1,-1
701,80,900.8327043653308,476.7350465260614,139.49243798641032,199.48610615985115,-1,-1,-1,-1
702,80,899.5125724010826,475.2767479538934,140.77677201781069,201.63131032845467,-1,-1,-1,-1
702,91,704.5019384273262,562.9944548798918,162.56326591052027,101.93198763645137,-1,-1,-1,-1
703,80,896.1040051726623,472.7910798340063,143.94671784253296,206.97447035257613,-1,-1,-1,-1
703,91,687.5864432431183,541.2169115490117,188.49710360537597,124.72628046633463,-1,-1,-1,-1
704,80,892.4021403862482,471.87401465707086,146.16715180929873,210.9116855965362,-1,-1,-1,-1
704,91,685.5056091908992,544.7731052091646,180.43453167252244,122.77235233241299,-1,-1,-1,-1
705,80,889.2226988693899,470.26208117143784,148.04685279827027,214.31231052889638,-1,-1,-1,-1
705,91,677.9056923766311,535.7683878613268,188.3433455055697,131.77937065135256,-1,-1,-1,-1
706,80,882.4299731951556,468.38097031202653,150.28705299033493,218.14714631346692,-1,-1,-1,-1
706,91,672.8254880322817,530.4491742804365,193.28146370240097,137.71455512707178,-1,-1,-1,-1
707,80,879.7461679503491,467.0478110608616,150.1144598846039,218.89792837306004,-1,-1,-1,-1
707,91,663.8319108712557,528.3885940581154,196.2562194344705,143.134318881789,-1,-1,-1,-1
708,80,879.5865586661887,465.92846242370746,147.81047458960848,215.83304781294788,-1,-1,-1,-1
708,91,655.5895358979617,527.0279710750413,195.01190572684482,145.18622756168816,-1,-1,-1,-1
709,80,877.9174523843047,466.2089603755136,147.0432637566504,214.557779527104,-1,-1,-1,-1
709,91,650.87266880946,525.9595086200984,196.38734602395925,147.76467349467214,-1,-1,-1,-1
710,80,874.709753129674,465.0426650572984,148.11457740655703,215.98969727668276,-1,-1,-1,-1
710,91,646.8700168361436,526.9053866136568,194.50585964499112,148.01868973076603,-1,-1,-1,-1
711,80,870.8516080065195,464.6387913213696,148.054528984561,214.5147909118091,-1,-1,-1,-1
711,91,631.0609809060378,524.1671852026108,196.8539916400233,150.54703692289877,-1,-1,-1,-1
712,80,867.1593950284011,463.2108831019454,149.35511941663424,215.2120757405615,-1,-1,-1,-1
712,91,623.4991409782905,519.967774643522,200.27498071036507,153.99118222975164,-1,-1,-1,-1
713,80,863.2707538929077,460.73438477380466,151.7164306978683,218.06825833316577,-1,-1,-1,-1
713,91,616.7048830130186,518.407964242554,201.95482911791225,155.22659963277658,-1,-1,-1,-1
714,80,858.6787995536511,459.1786150321279,154.4299691981489,221.07803027074266,-1,-1,-1,-1
714,91,608.7459511207928,518.540554644119,206.52543328864692,158.80735147715302,-1,-1,-1,-1
715,80,853.9293075693995,457.32027831031434,157.7134641946525,225.45151760512607,-1,-1,-1,-1
715,91,603.605594140071,523.8131083775121,201.1787418325374,154.30635074718305,-1,-1,-1,-1
716,80,849.7456593056447,455.3494646078013,158.66608085852386,226.4196616157147,-1,-1,-1,-1
716,91,592.544546609229,522.0835702641042,203.9246509767952,156.29008022634594,-1,-1,-1,-1
717,80,844.889852177178,453.98796677322474,160.49314617103357,228.68642498570074,-1,-1,-1,-1
717,91,582.63533489649,524.7259314690805,207.0155018780282,158.92041451404066,-1,-1,-1,-1
718,80,841.2265481966142,453.5172643651043,161.08405627483876,229.4918735388119,-1,-1,-1,-1
718,91,567.2044323108734,512.8172508099362,226.02287174084506,173.4744350435002,-1,-1,-1,-1
719,80,836.9175199164034,451.42397706982564,162.75494275624317,232.3550838294605,-1,-1,-1,-1
719,91,546.1311910316751,505.1646137371289,241.0902221354395,185.90159503473342,-1,-1,-1,-1
720,80,831.5432316120742,450.67154888927183,164.52465291608314,234.69500820975992,-1,-1,-1,-1
720,91,527.387635422589,500.2689782640865,251.09978021869983,193.93016323509005,-1,-1,-1,-1
721,80,826.804674690185,450.4330436512675,164.24642838061686,233.56639464505548,-1,-1,-1,-1
721,91,510.3815608548229,497.12498737914615,256.80443164447667,198.9083313974043,-1,-1,-1,-1
722,80,821.8947880785321,449.08085093752294,164.66344392340648,234.37246344419015,-1,-1,-1,-1
722,91,494.5379512651072,495.3380192002154,259.2686601174999,201.35975195691697,-1,-1,-1,-1
723,80,817.2087490065894,447.95445709547334,164.80048193576783,234.624659483708,-1,-1,-1,-1
723,91,481.5928136487291,492.17543853737084,262.65696740434333,204.71639715754532,-1,-1,-1,-1
724,80,812.3767634001113,446.91437112613323,165.29709804022275,235.9809658794386,-1,-1,-1,-1
724,91,469.3765928585775,489.10715595399427,268.5963608516797,210.36934828756512,-1,-1,-1,-1
725,80,808.446491638261,445.9063893216302,165.9983050745834,237.76108512503583,-1,-1,-1,-1
725,91,460.59612144409454,487.3566691050575,274.3599890385039,214.99760710373693,-1,-1,-1,-1
726,80,804.7745336221775,444.25418966109214,167.60646753298875,241.0133727002592,-1,-1,-1,-1
726,91,433.9416719512184,485.4849748596769,283.89320432636885,221.14658809732913,-1,-1,-1,-1
727,80,797.8753481175052,441.7040789186099,169.6646196504489,244.16439440802566,-1,-1,-1,-1
727,91,414.1676501878511,484.1995199776104,288.3124484266467,222.76634691412028,-1,-1,-1,-1
728,80,796.825682508903,446.6536479064007,164.26602226722673,234.20471554584446,-1,-1,-1,-1
728,91,395.65330600575317,479.9294030388507,298.71639318787356,230.3122603292266,-1,-1,-1,-1
729,80,790.2527986358934,439.9777883416233,171.58943747307626,245.58576919100153,-1,-1,-1,-1
729,91,378.2140352260341,477.7098835803781,310.43046065353707,237.58777202467945,-1,-1,-1,-1
730,80,784.147280252755,435.6235556030849,177.2332881052971,254.23959678493952,-1,-1,-1,-1
730,91,355.6984529733742,473.0879178595194,325.31468883876585,247.9671053768909,-1,-1,-1,-1
731,80,780.2464244563917,435.92429749898935,176.27685233657894,253.65135908772612,-1,-1,-1,-1
731,91,328.2595092480475,469.4446328958123,343.5392033128718,260.1652120040048,-1,-1,-1,-1
732,80,775.7971147875126,435.4654148667115,175.53926318309334,252.65322541487637,-1,-1,-1,-1
732,91,306.2066401350213,466.82113476408745,354.8089547764881,266.7221846294442,-1,-1,-1,-1
733,80,770.5040362341487,434.03341069148166,176.82500569562615,254.1604305486734,-1,-1,-1,-1
733,91,284.1496092778636,462.6927167357508,368.83173679380917,273.58005108235506,-1,-1,-1,-1
734,80,766.6228553836484,434.19252092355225,177.39580860881006,254.66997085103367,-1,-1,-1,-1
734,91,257.10985693955564,468.19062830632606,371.61542725134353,270.3299756897002,-1,-1,-1,-1
735,80,761.523982126522,432.33602722825583,180.55312533663835,261.359278698191,-1,-1,-1,-1
735,91,227.064223621697,469.21365931196203,391.72894452366745,279.7823910974106,-1,-1,-1,-1
736,80,755.7567294643771,433.6206069123465,181.84243561170115,262.53739221454964,-1,-1,-1,-1
736,91,172.81808726963064,473.49406751593847,395.8939634834362,265.3232871748726,-1,-1,-1,-1
737,80,750.6708465491522,432.86249005683726,183.78774194927314,265.5200167003213,-1,-1,-1,-1
737,91,154.2769905590601,516.9966069678812,367.72432271416926,223.44466937313166,-1,-1,-1,-1
738,80,745.8414080485243,431.3022894412726,184.7066904354583,267.2389363871308,-1,-1,-1,-1
738,91,146.95122779327593,539.6676947894305,367.22348466749474,208.19754363511936,-1,-1,-1,-1
739,80,740.950329066841,431.39531009625045,186.20569705447508,269.1250442558995,-1,-1,-1,-1
739,91,131.31353701289302,545.1127407545375,362.933068170801,205.76309618573555,-1,-1,-1,-1
740,80,734.4962163269956,429.5060987429269,189.04648488224268,273.0394883531674,-1,-1,-1,-1
741,80,727.668948433274,428.8175406121745,191.30779792370993,276.41762990403095,-1,-1,-1,-1
742,80,722.9060670307194,428.59030386246457,192.84825448178697,278.93575284291967,-1,-1,-1,-1
743,80,715.4661791565304,423.96911619153593,197.14472774926298,286.9960735044922,-1,-1,-1,-1
744,80,709.3254296516008,422.23712287209355,198.5151935062337,289.3459336026217,-1,-1,-1,-1
745,80,704.2885141368976,417.70736532774976,202.09381341815435,296.6536636441711,-1,-1,-1,-1
746,80,700.3365442854607,416.6651315196103,200.65802689106727,294.8229572304134,-1,-1,-1,-1
747,80,694.9735630350265,415.06777196568805,202.59316736927042,297.67198727922823,-1,-1,-1,-1
748,80,686.2009234810172,410.79763014181947,206.91959589758312,303.9705628150339,-1,-1,-1,-1
749,80,678.6319772955385,407.65077149973126,212.10532539872816,311.7049997376748,-1,-1,-1,-1
750,80,673.558841295438,405.883410692137,211.61083741444554,309.9232493155989,-1,-1,-1,-1
751,80,667.9349515726723,405.93611308027596,211.27196041699085,309.0813391822297,-1,-1,-1,-1
752,80,663.4730453965399,401.4381855521294,214.1600587263839,312.5818539466761,-1,-1,-1,-1
753,80,658.6468804779669,398.48470398318693,214.64893985016636,310.5556899340935,-1,-1,-1,-1
754,80,652.5177668345477,397.4346201965287,215.22616788352354,309.00293260147475,-1,-1,-1,-1
755,80,646.818757890015,395.7997639335885,219.25214769595448,312.2797307922918,-1,-1,-1,-1
756,80,638.3664954832801,391.9714008796708,222.54205756567967,316.73064351428957,-1,-1,-1,-1
757,80,631.952327761063,387.31351877955785,227.23975393553894,322.2773311254098,-1,-1,-1,-1
758,80,625.8600702638053,384.30438225822706,233.39064868395496,328.88301419317133,-1,-1,-1,-1
759,80,613.8171474170816,381.932478116548,237.27284792750936,333.2768417274195,-1,-1,-1,-1
760,80,604.5506729640351,378.50484187325725,241.84354978124247,338.7662070037267,-1,-1,-1,-1
761,80,597.1206321721295,379.87584773955007,241.29285005729741,334.91046279686,-1,-1,-1,-1
762,80,590.3253160845784,377.89442362309956,247.41654131437895,341.8047016588655,-1,-1,-1,-1
763,80,585.5920074515258,381.1156866679896,245.26147327130946,333.90379364899377,-1,-1,-1,-1
763,98,813.5355385349897,536.2368413561444,50.93276590875621,101.55911070625405,-1,-1,-1,-1
764,80,574.9226641604355,377.8481515618877,251.38126118981359,339.9320566054853,-1,-1,-1,-1
765,80,565.269172611421,374.05959225029835,256.15562487049874,344.0832029632671,-1,-1,-1,-1
766,80,555.0278656618582,366.79219098788246,263.6451042681532,354.08093488570523,-1,-1,-1,-1
767,80,545.7205502043267,364.0852722666709,267.9250622785879,358.4581550787341,-1,-1,-1,-1
767,98,801.4173496103344,534.3270701700287,53.167535631311466,101.20244181401426,-1,-1,-1,-1
768,80,536.3867884790725,360.5301636917832,271.0750166236842,361.9775856448141,-1,-1,-1,-1
768,98,798.6371203900953,533.9713483754031,54.5257367601929,101.135476780408,-1,-1,-1,-1
769,80,525.959288753205,357.9529771063153,274.6687473679948,365.15989294659835,-1,-1,-1,-1
769,98,794.6638291083046,533.8600851500419,57.05945579922968,103.83005395152918,-1,-1,-1,-1
770,80,517.1347831597254,353.1459789295886,280.9252186105808,372.12681993339703,-1,-1,-1,-1
770,98,789.3232610979762,535.1667595186213,59.24162680331381,104.13442385317398,-1,-1,-1,-1
771,80,508.5744663432083,346.8453231131578,288.90635322831554,381.17674283187756,-1,-1,-1,-1
771,98,787.3168833132114,535.0109478777094,61.58733951554916,105.55787913203096,-1,-1,-1,-1
772,80,497.2852520652598,342.5730081601779,295.42505682747424,389.0669676096203,-1,-1,-1,-1
772,98,786.8374626345058,534.9575236329076,62.7745831830789,104.74635010837278,-1,-1,-1,-1
773,80,488.2064722419717,339.7360227478832,298.7298367948555,392.6173800387762,-1,-1,-1,-1
773,98,785.4712028303809,534.9434339318318,64.48113823780659,105.07314222979198,-1,-1,-1,-1
774,80,483.3517710264189,336.1613253917004,303.8135280283982,398.3674662235147,-1,-1,-1,-1
774,98,783.2559482858741,534.2803348894305,67.35415205363654,107.16545151728519,-1,-1,-1,-1
775,80,473.386190578246,332.300438279909,308.76246702509843,403.0201414332999,-1,-1,-1,-1
775,98,781.9488694409334,534.6920973459606,69.50463896787232,107.93559451239707,-1,-1,-1,-1
776,80,463.4556562692466,328.3293983893635,318.07959165684025,412.44785298141664,-1,-1,-1,-1
776,98,779.8688900585877,533.5412566471139,72.3131585780468,110.17729204851082,-1,-1,-1,-1
777,80,452.39566185115746,322.3785436349076,329.4179919661701,424.3340500134218,-1,-1,-1,-1
777,98,777.5530145020908,533.1091627814715,74.57463598254117,111.00461527332732,-1,-1,-1,-1
778,80,445.65319629288786,318.8974544623905,337.83263894949175,430.6978124503618,-1,-1,-1,-1
778,98,776.550311377453,534.2625130030173,75.78667135987439,109.97903951841636,-1,-1,-1,-1
779,80,434.2098844393963,315.73485994579374,343.008334611126,434.90422187397115,-1,-1,-1,-1
779,98,776.4814721617058,534.7151495022533,77.06400852607283,110.20982710771864,-1,-1,-1,-1
780,80,424.8064395065413,312.04634983954355,346.933510434258,436.9686632059493,-1,-1,-1,-1
780,98,775.9356705183914,534.8889374094291,78.01900930858471,109.61657579264272,-1,-1,-1,-1
781,80,407.4892160761043,306.1984966879893,358.0392776727871,451.87946773261297,-1,-1,-1,-1
781,98,775.3120484776699,535.6165795058655,79.30455935193845,110.02792586386931,-1,-1,-1,-1
782,80,394.6408573328846,300.1960260420677,364.7780673699626,459.35161371158773,-1,-1,-1,-1
782,98,774.851833781944,535.8910054386558,80.31064092675012,110.16648948534555,-1,-1,-1,-1
783,80,383.53925173441314,296.05440958305905,372.9630510299163,467.2099599270699,-1,-1,-1,-1
783,98,774.272026104653,535.9925443000852,81.57131086726054,110.86055632193575,-1,-1,-1,-1
784,80,372.38612591405007,292.6483697156724,380.61293385892765,473.2677143685884,-1,-1,-1,-1
784,98,773.5847247174914,535.3700697330316,83.04118014956748,111.76541205407727,-1,-1,-1,-1
785,80,363.2362225620817,284.3415936869221,393.7339442062505,486.4025904281623,-1,-1,-1,-1
785,98,773.7032429230775,534.4741442441843,84.20483160673894,112.09210073124734,-1,-1,-1,-1
786,80,346.959937007342,275.46082397647297,406.000056542759,500.93545946809786,-1,-1,-1,-1
786,98,773.6071662931147,534.7905007330323,85.63563511199038,112.85488960062742,-1,-1,-1,-1
787,80,333.87084177467835,268.2918112200531,415.0674219214396,511.49893944398775,-1,-1,-1,-1
787,98,774.5156332983793,535.57017988229,86.29271419598376,112.46976362179112,-1,-1,-1,-1
788,80,327.0653784456788,262.4385273553319,422.4840467401059,515.3476494842289,-1,-1,-1,-1
788,98,774.730586691323,535.2096882845834,86.8344932883565,112.30249191911298,-1,-1,-1,-1
789,80,313.30402324508395,253.86693245597297,434.5211986193883,525.6126474632767,-1,-1,-1,-1
789,98,776.032116849708,535.0718822802731,87.91026599659222,112.88329941696145,-1,-1,-1,-1
790,80,302.24578212081144,246.2051768511197,444.63335165935507,533.846180109216,-1,-1,-1,-1
790,98,776.6483748948026,534.3618004283268,90.04696627141493,115.06407700131012,-1,-1,-1,-1
791,80,286.2789936843173,239.54181669641042,455.5624826728293,544.5266176361313,-1,-1,-1,-1
791,98,778.2613748113648,534.0943450304629,90.70266815385651,115.87490711594035,-1,-1,-1,-1
792,80,273.51535641956275,231.9821329648745,467.5961619212296,556.1482251981354,-1,-1,-1,-1
792,98,779.2768283675338,533.3396561292029,90.79496077494582,115.50772520816929,-1,-1,-1,-1
793,80,259.29579549111486,224.72437090470834,480.9458230163816,570.0635208823967,-1,-1,-1,-1
793,98,779.6525170096689,533.0558313787036,90.81882406167927,115.34345167361107,-1,-1,-1,-1
794,80,245.17745162604115,220.81317359940545,489.6070813443729,576.4707237939771,-1,-1,-1,-1
794,98,780.2399043872776,532.9550126843938,91.87611809208784,116.5805274346452,-1,-1,-1,-1
795,80,231.42908894372013,215.63113766351137,498.99230358551233,583.8081202114727,-1,-1,-1,-1
795,98,780.8880245679055,531.6110106699886,94.0125908630456,119.00075999181627,-1,-1,-1,-1
796,80,217.47311215949563,209.2944694318166,509.396116608944,592.8196889166943,-1,-1,-1,-1
796,98,781.9696316312273,531.7597823284593,93.76794705639759,118.59666549565645,-1,-1,-1,-1
797,80,197.99318935890238,197.32848657368453,531.7417168008815,616.0840147860285,-1,-1,-1,-1
797,98,782.9032862150636,531.1727660029468,95.2113763006754,120.3822272740889,-1,-1,-1,-1
798,80,178.27886205081535,189.6762788650027,548.4956999690864,631.8513745359921,-1,-1,-1,-1
798,98,783.8496529814273,529.6515368214764,96.4846222471682,121.69087502057948,-1,-1,-1,-1
799,80,167.4838122498963,183.04350919389492,545.654883635975,622.8817015374213,-1,-1,-1,-1
799,98,785.6581274645479,530.3883417436471,96.63479141924063,121.51100554571929,-1,-1,-1,-1
800,80,151.4109088316797,170.94275141246322,560.4377589858541,635.8144968791755,-1,-1,-1,-1
800,98,786.5573215707418,529.3738420107359,97.52227530636014,122.72424851520111,-1,-1,-1,-1
801,80,132.9555858595092,156.17394854821055,580.207913634965,656.0206594877292,-1,-1,-1,-1
801,98,786.645850183957,530.3096631141199,97.64046106554076,122.50564842701999,-1,-1,-1,-1
802,80,114.46338355511057,144.89653942031026,596.915683136356,669.974442292221,-1,-1,-1,-1
802,98,786.6546386728145,530.0249316940543,98.96852826427164,124.36485534494466,-1,-1,-1,-1
803,80,90.94149786071733,136.25569689652366,612.7717231636318,680.8636172127776,-1,-1,-1,-1
803,98,785.6234280189854,529.9248988253145,98.86439280699892,123.73846143872788,-1,-1,-1,-1
804,80,71.4016490762229,123.48731732337495,631.9261461082463,698.2979411992039,-1,-1,-1,-1
804,98,785.8534941795479,529.8966928158261,98.81131584385207,123.46537910057464,-1,-1,-1,-1
805,80,51.13766386756572,105.91793376910101,657.5953763870141,724.6839993088761,-1,-1,-1,-1
805,98,785.2782092525053,529.2357226937587,99.40522931009366,123.99774817184993,-1,-1,-1,-1
806,80,25.48641527577979,89.74108208077502,681.8812301010292,749.3297669596002,-1,-1,-1,-1
806,98,784.4557555009366,528.3359205679501,100.79470020214455,125.49536078624487,-1,-1,-1,-1
807,80,5.529353795968348,69.61840024573797,707.9549218502905,777.1506871345528,-1,-1,-1,-1
807,98,784.3628593106332,527.348718947857,101.50222693065245,126.04403607615097,-1,-1,-1,-1
808,80,-8.508315809067653,56.29516491079619,728.6394262112761,802.3198189777091,-1,-1,-1,-1
808,98,783.6470208040716,525.6710578775385,102.4398139834102,126.88584589409868,-1,-1,-1,-1
809,80,-40.27507494118527,53.32888991780527,786.0394905277575,877.5571277838326,-1,-1,-1,-1
809,98,783.3535442857051,525.0482577741169,103.46277852679032,127.83928024890724,-1,-1,-1,-1
810,80,-46.85005929737065,22.304798684724062,793.2711417954024,896.4350317108103,-1,-1,-1,-1
810,98,782.8490067184042,522.8632179035674,104.61031097569753,128.83424920019843,-1,-1,-1,-1
811,80,-45.0602099631671,4.313609540914001,783.5955529806956,894.2846465446655,-1,-1,-1,-1
811,98,782.1878389227683,522.0513756701885,105.30371578815425,129.18835690633557,-1,-1,-1,-1
812,80,-44.63616604873266,-2.9770631870095485,779.6921818508414,898.9902222867651,-1,-1,-1,-1
812,98,781.4515715557483,521.7689185049088,105.85472419779194,129.29637672753086,-1,-1,-1,-1
813,80,-46.566237165060045,-5.388541395863399,775.7574384056543,904.7067302744488,-1,-1,-1,-1
813,98,779.8492785174982,520.3737334163584,108.03192563860614,131.9421276171746,-1,-1,-1,-1
814,80,-45.37267119273878,-5.908060223156838,772.1176614545916,910.1926526243042,-1,-1,-1,-1
814,98,778.7871795734214,518.5623379835763,109.7577134763003,134.2267628213359,-1,-1,-1,-1
815,80,-38.57194525147031,-5.711960275094214,753.3151756195412,895.521433910402,-1,-1,-1,-1
815,98,778.1854134177923,517.8948520423702,110.14858476177528,134.42081316680924,-1,-1,-1,-1
816,80,-29.266545789965846,-4.529816795709792,737.1491663111879,881.2713643676168,-1,-1,-1,-1
816,98,776.0086023111188,515.0514651242315,112.87199381177936,137.73236852296304,-1,-1,-1,-1
817,80,-40.22941508399305,-4.374430550409386,751.2411414716375,908.9182961283141,-1,-1,-1,-1
817,98,775.1095633000328,514.0002054666323,114.70213270480053,140.25954135324434,-1,-1,-1,-1
818,80,-35.08147564832933,-4.135038515013946,749.2702076002322,913.8281382446241,-1,-1,-1,-1
818,98,773.873577366997,512.9822577263916,115.89024719325425,141.84261913510966,-1,-1,-1,-1
819,80,-36.712752738069184,-3.7312146191557076,742.4871715289057,914.5843090270603,-1,-1,-1,-1
819,98,775.0050761436148,513.9312687067212,114.43862557406942,139.79994809281663,-1,-1,-1,-1
820,80,-36.7030566071017,-2.6656457642556575,735.6480132323688,915.0938186465337,-1,-1,-1,-1
820,98,774.7257231918024,514.3449177157858,115.32072029500864,140.92585497484208,-1,-1,-1,-1
821,80,-24.486913063224506,1.2381430728686382,704.3313283804114,882.1298908922575,-1,-1,-1,-1
821,98,774.28213001035,513.627167299504,116.1378021765953,141.92370521287444,-1,-1,-1,-1
822,80,-16.71644873107215,3.671457249938044,687.2210132955115,866.3048926785079,-1,-1,-1,-1
822,98,774.9418911068964,514.5238080382001,115.80460580875194,141.43769092581442,-1,-1,-1,-1
823,80,-25.42025488171737,0.06448083278729655,697.0123508901131,889.5642757598669,-1,-1,-1,-1
823,98,774.8266647059598,514.6621922992153,116.25631386252007,141.42109513464595,-1,-1,-1,-1
824,80,-18.710373240296747,0.7835085772458683,679.6481735513728,873.8282069415245,-1,-1,-1,-1
824,98,774.387709349464,514.7199559069549,116.55279700220842,141.402161508154,-1,-1,-1,-1
825,80,-14.435342820662356,-0.7532307559454807,669.2786354062919,866.8336568751345,-1,-1,-1,-1
825,98,774.4811070255494,515.416714976848,117.46237326039898,142.0273560143239,-1,-1,-1,-1
826,80,-55.796057331320526,-1.2144775555115643,741.6258961316178,984.2327974728225,-1,-1,-1,-1
826,98,774.571754635963,515.6950728013971,118.3532629420489,142.89711995923915,-1,-1,-1,-1
827,80,-40.28744675934519,2.366184902378393,706.1718914064536,948.6118039429753,-1,-1,-1,-1
827,98,774.8615207042003,515.1547222215681,119.49026389351911,144.51650609083754,-1,-1,-1,-1
828,80,-34.34374870011101,0.13329633801356522,688.3504977989671,937.038385211595,-1,-1,-1,-1
828,98,774.8854652612599,514.9582568089844,119.43066182814994,144.45123784352552,-1,-1,-1,-1
829,80,-32.13208961424448,-0.6380837984370373,678.6310451626772,936.2927370092541,-1,-1,-1,-1
829,98,774.1953878791951,514.2364398966304,120.13370389374518,145.05230127726804,-1,-1,-1,-1
830,80,-33.29120215808348,-0.8613280748984948,672.6024476419299,939.7036336860433,-1,-1,-1,-1
830,98,772.8021655955116,513.3155758172519,121.33764174671558,145.91195743398237,-1,-1,-1,-1
831,80,-33.72326858763023,-0.8797799359731471,668.561436077136,944.6993418438432,-1,-1,-1,-1
831,98,773.0398739068916,513.6344344688971,121.56755531763861,145.55643625588266,-1,-1,-1,-1
832,80,-32.204430607993174,-0.8253718614490708,661.2737718715371,945.0555354658595,-1,-1,-1,-1
832,98,773.5724370964368,513.1121161888511,122.74598165121404,146.71056782808841,-1,-1,-1,-1
833,80,-35.09307130131822,-0.7461503209254943,649.8970830720185,941.0076819812199,-1,-1,-1,-1
833,98,773.7690623108535,512.2687653094173,123.85195341807048,147.7823590608582,-1,-1,-1,-1
834,80,-33.08963873468622,-0.6631316980645465,635.0021658536946,930.0220966619925,-1,-1,-1,-1
834,98,773.4162634747265,511.960353125337,124.45858376622527,148.16572258291632,-1,-1,-1,-1
835,80,-27.107367921569505,-0.5827133401286346,618.5530778388375,913.7582974869788,-1,-1,-1,-1
835,98,772.6932889916926,511.20019673230684,125.19214127446276,148.94241243841157,-1,-1,-1,-1
836,80,-23.152585962009084,-0.5084830697331881,605.9509842250776,902.1994055764941,-1,-1,-1,-1
836,98,771.6931347097625,510.925610027275,126.25126860834973,149.86976375319654,-1,-1,-1,-1
837,80,-25.626450448492903,-0.44492169632525247,602.1106763247471,905.1849122071799,-1,-1,-1,-1
837,98,770.7726981015686,510.1798877432969,127.72490954553132,151.51034264829667,-1,-1,-1,-1
838,80,-33.76715667197362,-0.3937271744002828,601.4594208533688,918.2349742294906,-1,-1,-1,-1
838,98,769.2807117865817,509.91085165518143,128.59892436035614,152.10841952230044,-1,-1,-1,-1
839,80,-38.6717134564816,-0.35061597025827496,597.9213898051238,928.4003540093411,-1,-1,-1,-1
839,98,767.3561789343216,509.1684833293801,129.6697283353899,152.96245483283786,-1,-1,-1,-1
840,80,-37.685322816688966,-0.3108458354056438,587.248697735563,926.2916352139921,-1,-1,-1,-1
840,98,764.8980324368063,508.24546866477533,131.56720188447252,155.22726346489412,-1,-1,-1,-1
841,80,-35.996900661457744,-0.27277449673857745,571.0228873233343,915.4923693308135,-1,-1,-1,-1
841,98,764.0752181957389,505.9491243661346,133.38978602446377,157.36741722212378,-1,-1,-1,-1
842,80,-37.0198337688239,-0.23799802599978648,560.6194868132848,914.6479712686938,-1,-1,-1,-1
842,98,762.3831125770482,505.08942202350073,134.25339735771593,158.15186200680483,-1,-1,-1,-1
843,80,-34.84050787556413,0.4517459129342569,541.3535806534754,898.4401211970352,-1,-1,-1,-1
843,98,760.3015800328199,504.7862473707932,135.50830818998372,159.7213598765623,-1,-1,-1,-1
844,80,-35.731635812154735,3.3931213491784433,527.2717802955301,890.3054886545115,-1,-1,-1,-1
844,98,756.7347328424278,503.38737516700894,138.29312065361808,164.20652416952703,-1,-1,-1,-1
845,80,-39.20251965483024,3.164899915446483,522.7098069391338,899.3181737529642,-1,-1,-1,-1
845,98,756.8868008621813,502.8754170281504,137.66518276604847,163.28157660967645,-1,-1,-1,-1
846,80,-40.025853018828826,5.059130795121405,509.2022276803425,891.502614858907,-1,-1,-1,-1
846,98,755.2663174537748,500.0863147563355,140.18578218162156,166.79109577587695,-1,-1,-1,-1
847,80,-42.108806527901095,11.751919601745897,496.14282095974716,884.5980123620714,-1,-1,-1,-1
847,98,755.314649217966,500.3557203656362,139.85256158177447,166.12909286154922,-1,-1,-1,-1
848,80,-46.19180308324937,18.898588709448802,483.0198895353028,879.424574903607,-1,-1,-1,-1
848,98,754.9956252561484,496.5647152021087,141.1063402579489,167.77880612224908,-1,-1,-1,-1
849,80,-63.87087152436021,6.9064444436866665,500.9196998090381,939.395412549984,-1,-1,-1,-1
849,98,754.3802824347341,494.5015814330824,142.6060961205343,169.6712532728252,-1,-1,-1,-1
850,80,-76.23064621938957,2.4942238033258946,503.25927845930016,976.2426542575477,-1,-1,-1,-1
850,98,751.679767492579,491.7935743455393,144.87620186119966,172.96187800766478,-1,-1,-1,-1
851,80,-79.7484064903569,16.90617640553836,488.47620241129147,981.4714444464105,-1,-1,-1,-1
851,98,749.6516349618523,489.4979365113086,145.8113248315601,174.82500667746035,-1,-1,-1,-1
852,80,-74.3690008043636,9.535958643321692,458.06597235585957,953.8286617384189,-1,-1,-1,-1
852,98,748.9830847380023,487.3604623407464,145.98500632439163,175.48541037971495,-1,-1,-1,-1
853,80,-80.44437132609085,7.954166103434943,438.2068464248532,951.3700763477391,-1,-1,-1,-1
853,98,749.106182078806,486.5951461742415,145.33970235806294,175.025403279174,-1,-1,-1,-1
854,80,-88.8762981862735,15.924941353224028,427.8362673412102,971.4178758006503,-1,-1,-1,-1
854,98,746.4142557775426,484.3927811586645,147.33759927215988,178.07389392313172,-1,-1,-1,-1
855,80,-96.54129524142735,5.843540380316085,417.7695838797517,996.4720809628603,-1,-1,-1,-1
855,98,744.9701089902443,483.60451603664376,148.32966817403292,179.83907553632287,-1,-1,-1,-1
856,80,-95.59689401411491,1.9633666790387565,387.91663692679583,974.005518565315,-1,-1,-1,-1
856,98,744.5873315676379,484.01160988000936,148.41863460808827,180.46263206272715,-1,-1,-1,-1
857,80,-99.65195119080676,0.4606659201604657,368.2471265334415,978.7463737664291,-1,-1,-1,-1
857,98,741.8693780656079,482.2587085613055,152.34058381146428,186.5376809428867,-1,-1,-1,-1
858,80,-110.84723089934799,-0.2375398932341568,369.74440499485655,983.0443027296335,-1,-1,-1,-1
858,98,740.4271625526005,481.62860079164227,153.39239095665357,188.79751597922882,-1,-1,-1,-1
859,98,738.9324759181727,480.3845339449919,154.95698603257313,190.72262520113765,-1,-1,-1,-1
860,98,736.7670258660106,479.80037366319414,157.55818851973697,195.2214370202273,-1,-1,-1,-1
861,98,736.0967588382415,480.1988244767231,157.68468632794247,195.80578832948004,-1,-1,-1,-1
862,98,734.9485131092611,479.713481835769,158.91188706123796,197.28500502335646,-1,-1,-1,-1
863,98,733.3549019450503,478.90959110641984,160.43403706992956,199.08685830250465,-1,-1,-1,-1
864,98,729.5630130215108,477.98365237292415,160.2543624897878,199.055462357978,-1,-1,-1,-1
865,98,727.7994593118577,478.32011093259246,159.54578204639506,197.6579734395268,-1,-1,-1,-1
866,98,725.7869531940967,476.51304128775956,162.69297150851264,201.6594948984668,-1,-1,-1,-1
867,98,724.0740524459789,475.2047222209695,163.89636738044715,203.12345549328774,-1,-1,-1,-1
868,98,721.0017382680177,472.12126986919856,167.30684131317219,207.54484339067045,-1,-1,-1,-1
869,98,718.2543475169804,470.97794280762173,168.5752396529973,209.17531428077768,-1,-1,-1,-1
870,98,717.8352023155581,469.9297728304525,169.17295260422372,209.72876888618703,-1,-1,-1,-1
871,98,715.6621733576224,466.9546265994347,172.86381430854055,214.44957111860532,-1,-1,-1,-1
872,98,713.7499187249987,465.86078907172043,173.90357351264902,215.53705764720473,-1,-1,-1,-1
873,98,711.5232550252928,463.532220700771,176.054815380199,217.83392311902816,-1,-1,-1,-1
874,98,709.983388542389,461.38363548091115,178.32797766321062,220.6003043186613,-1,-1,-1,-1
875,98,709.9727610945548,461.26260438576435,177.46226197374847,218.98190981247478,-1,-1,-1,-1
876,98,703.9294679370854,456.68213322248096,184.69395850878118,227.46400822798148,-1,-1,-1,-1
877,98,699.7224216660506,453.0549989562982,189.3893183816349,232.54497101390774,-1,-1,-1,-1
878,98,698.1826411018159,449.76266907391437,193.69399745683336,237.6720491043318,-1,-1,-1,-1
879,98,694.3192466813538,448.5536608583132,196.1487712913788,238.91629226860545,-1,-1,-1,-1
880,98,692.1065324900217,447.5131841453461,197.30200155178693,238.6329948604536,-1,-1,-1,-1
881,98,686.2771363643803,445.88021382262525,199.9469523297298,240.37942980589412,-1,-1,-1,-1
882,98,685.1847104371133,442.0567674363618,206.61462511078514,248.14274456158324,-1,-1,-1,-1
883,98,681.6307112782592,438.7131023269134,209.685588238023,251.0276189392025,-1,-1,-1,-1
884,98,678.7269869966664,440.09020914299947,209.46172636675988,250.0860244662722,-1,-1,-1,-1
885,98,676.5757496839557,438.0946590206604,212.18743859335814,252.87299669311005,-1,-1,-1,-1
886,98,671.2506088089372,432.17764250533367,217.7640049171688,259.0672600834506,-1,-1,-1,-1
887,98,667.851172035748,432.56925934265473,217.5197022600437,258.1106583246501,-1,-1,-1,-1
888,98,664.6279207213971,430.85664086770635,219.38986484431337,260.2276524833371,-1,-1,-1,-1
889,98,659.8595455721418,427.6590390651487,224.03288465971502,265.5196642474617,-1,-1,-1,-1
890,98,654.9173322134914,425.8515012497421,226.9601659131048,268.7582326270533,-1,-1,-1,-1
891,98,651.6717910752086,425.23110667102856,228.29637780306757,269.90465902504275,-1,-1,-1,-1
892,98,647.4074495803056,425.7240203939979,228.45961866744767,268.27804232102017,-1,-1,-1,-1
893,98,644.2627370405163,423.36315554405496,231.70475540764676,271.4871805396167,-1,-1,-1,-1
894,98,641.6228996888309,422.52350941642453,234.66843989690517,273.93667791563735,-1,-1,-1,-1
895,98,634.8442833505378,418.34320513360126,240.9609787929602,280.0187279378126,-1,-1,-1,-1
896,98,629.3679575226877,410.9496942211669,247.32539813584992,288.1147471483235,-1,-1,-1,-1
897,98,622.6757689080536,405.5802958862877,253.26204420771523,295.02279942589723,-1,-1,-1,-1
898,98,616.9443417395966,401.6432696380491,257.4640882590428,298.8812314473455,-1,-1,-1,-1
899,98,613.0474512972826,400.2171384506148,260.0204788178187,300.24381972642914,-1,-1,-1,-1
900,98,602.8484481515835,397.169059244974,266.2073126573931,305.19184071993874,-1,-1,-1,-1
901,98,595.2201090465753,393.4928248106827,272.94600752485974,310.2212044675979,-1,-1,-1,-1
902,98,588.0328096891975,388.2772623132847,281.64735780260673,319.1748919186599,-1,-1,-1,-1
903,98,582.7360470943206,385.71326479850296,285.72674850448254,323.1487509313387,-1,-1,-1,-1
904,98,573.5059892377567,380.94099542128333,294.1010316828972,332.3174070778389,-1,-1,-1,-1
905,98,565.3693499653845,377.26129216279196,299.58453559611996,338.29636237785735,-1,-1,-1,-1
906,98,555.3888434006526,374.003912986607,304.5882137367821,343.6885226168188,-1,-1,-1,-1
907,98,546.5491527776422,369.6184615506575,310.8882636568587,350.7882791941294,-1,-1,-1,-1
908,98,538.4185604176706,365.44531774750357,317.1895743902776,358.541884078808,-1,-1,-1,-1
909,98,530.8329965660748,362.00277519986656,322.95877506103886,365.25105489339586,-1,-1,-1,-1
910,98,520.4761335574846,354.9692662747817,331.2603652636427,374.7797280219884,-1,-1,-1,-1
911,98,512.220027899607,347.8452618617332,338.7219892489254,384.0941081316025,-1,-1,-1,-1
912,98,503.26045549484667,338.7582721168427,345.68128731208793,392.6763489262089,-1,-1,-1,-1
913,98,495.35813629457965,337.29026301808835,349.1380752670878,397.09859047105556,-1,-1,-1,-1
914,98,486.46940893042364,331.06448909660975,355.9618628874228,405.7023743532607,-1,-1,-1,-1
915,98,474.8687503933486,323.63339828750736,365.54731294874637,417.2166654645357,-1,-1,-1,-1
916,98,463.39716279518916,315.10149870963016,375.1429538425093,428.5558790016081,-1,-1,-1,-1
917,98,451.3259331382619,304.8583097611122,387.33238873036044,443.6793230190335,-1,-1,-1,-1
918,98,439.02596491493887,298.46098100995715,392.8502252868557,448.70640778067576,-1,-1,-1,-1
919,98,426.49705049111924,292.9325804779947,399.1762127364383,455.5306880777861,-1,-1,-1,-1
920,98,410.8928087752296,288.39504099466416,411.8726927072843,468.892534585433,-1,-1,-1,-1
921,98,397.66585857875396,279.09328109527337,423.16482933682187,481.54243803565987,-1,-1,-1,-1
922,98,385.3165869685048,271.14640216507416,432.7169730037414,492.6353543083485,-1,-1,-1,-1
923,98,371.8392264502628,259.87985970766056,446.4662065210629,508.25353450624914,-1,-1,-1,-1
924,98,353.5850212577542,249.91061384355436,459.63572293716845,522.3958556920854,-1,-1,-1,-1
925,98,334.61612549381834,236.60233367451463,477.95623818740637,542.3723011310569,-1,-1,-1,-1
926,98,316.41558885327333,226.49896937396045,492.41589107361835,556.2666786671081,-1,-1,-1,-1
927,98,297.928722971605,217.64968878940704,507.14661359067566,572.2580953464401,-1,-1,-1,-1
928,98,275.59614822608603,208.66750780022267,524.3790399109648,591.6092161027534,-1,-1,-1,-1
929,98,257.5762894126423,192.61184744791922,539.2979029813785,605.861267226817,-1,-1,-1,-1
930,98,238.9423861062126,178.87154227053912,555.3721968657651,621.302676181544,-1,-1,-1,-1
931,98,218.51079118399014,168.64438694811128,568.6300722521881,632.0738845664093,-1,-1,-1,-1
932,98,195.4769216682817,154.0235405383322,589.0555010167132,652.5661712571184,-1,-1,-1,-1
933,98,173.4635482581877,139.6464202242612,608.2873120241209,671.6886681774675,-1,-1,-1,-1
934,98,148.12882175329327,119.5972624576599,633.2047029690029,701.1649387214568,-1,-1,-1,-1
935,98,107.4860944783756,89.12560283753055,684.5944076335581,764.498503901712,-1,-1,-1,-1
936,98,82.79812468533436,65.53256233002946,705.7388523395296,790.2194308518121,-1,-1,-1,-1
937,98,53.26822088873473,48.176684294364065,724.3769366977161,809.4251605532802,-1,-1,-1,-1
938,98,22.622788863937444,25.826163840426034,748.0412084098973,831.6560333697414,-1,-1,-1,-1
939,98,-3.153146727786691,6.624563051215546,781.0247192428976,869.730245243126,-1,-1,-1,-1
940,98,-14.474565659597204,-3.067381899175814,798.8989919757803,891.746243010323,-1,-1,-1,-1
941,98,-16.53349887261635,-6.395392241959087,801.3374830141829,895.9350652171838,-1,-1,-1,-1
942,98,-22.526430121476096,-7.141734744408211,803.249025365438,901.8868940379305,-1,-1,-1,-1
943,98,-21.701043372066067,-6.968956368155943,801.6000468076099,902.8724707402073,-1,-1,-1,-1
944,98,-17.916965006141652,-4.501723000218419,793.4541857074855,895.4374566651386,-1,-1,-1,-1
945,98,-19.35631895118871,-4.405025444237879,791.5933454196022,896.444154577981,-1,-1,-1,-1
946,98,-18.564632064732393,-4.024774572979936,786.1452423490539,893.0554575095447,-1,-1,-1,-1
947,98,-16.727110954257455,-4.186152564329063,784.1850529752535,893.1967777260527,-1,-1,-1,-1
948,98,-12.335676307451877,-1.988267089175224,776.5628587182164,885.6125948529709,-1,-1,-1,-1
949,98,-5.176990079014502,3.754721412760034,755.9494651171458,861.217055653543,-1,-1,-1,-1
950,98,-3.636643310895124,3.5736931375405447,747.6483164430646,851.5143239091138,-1,-1,-1,-1
951,98,-2.5624405595696658,8.331596131110587,739.9477392176075,842.4101131293029,-1,-1,-1,-1
952,98,-30.48483157464142,2.314220422841572,787.4530295573475,906.645389161211,-1,-1,-1,-1
953,98,-31.62891076520816,2.0727936994752554,785.4874468133079,911.4694851843612,-1,-1,-1,-1
954,98,-30.73796882320778,1.5174991767782444,779.2253667129833,910.9526115493529,-1,-1,-1,-1
955,98,-38.35733902889382,-0.5292059335671979,790.4680707748369,934.0064255279997,-1,-1,-1,-1
956,98,-25.475061106198154,3.3317088647123683,760.8232570488066,902.8521133206206,-1,-1,-1,-1
957,98,-29.038922567086217,3.016795405108553,759.5651619616199,908.7036002178941,-1,-1,-1,-1
958,98,-34.92587669447812,4.277013480843664,761.2081684022027,919.928493731577,-1,-1,-1,-1
959,98,-35.95804881245192,5.477846919530691,751.1744192795296,916.7905073227782,-1,-1,-1,-1
960,98,-23.85469012039306,7.325155059167912,721.3406544758918,884.391680107622,-1,-1,-1,-1
961,98,-23.80160593624123,6.096304014069858,715.4913026915909,883.1160476015318,-1,-1,-1,-1
962,98,-21.665273862859408,1.6984429653448956,700.7313452660121,870.0221136814323,-1,-1,-1,-1
963,98,-26.04816551946209,0.08770438186110141,700.5492549746969,877.0516594637861,-1,-1,-1,-1
964,98,-30.570669956244558,-0.4635093001668906,700.5832957784462,885.6336820184592,-1,-1,-1,-1
965,98,-35.23151968663029,-0.6187748005147,698.2329881357321,894.797673168905,-1,-1,-1,-1
966,98,-39.334764460656686,-0.6283905918533605,697.0592773060146,905.4650828863992,-1,-1,-1,-1
967,98,-39.955042647651624,-0.5886370046919183,689.7991540180976,907.4693338444397,-1,-1,-1,-1
968,98,-41.13637647166661,-0.5307925172979822,686.6316416521535,914.7007676663583,-1,-1,-1,-1
969,98,-41.233761402653556,-0.4752805780061067,666.647343076057,900.2588367831602,-1,-1,-1,-1
970,98,-42.13636234845961,-0.4157066072249336,655.8129360765838,898.5672086329225,-1,-1,-1,-1
971,98,-44.813794136980334,-0.36739139218843775,649.5078282500419,903.1760063469153,-1,-1,-1,-1
972,98,-43.38987785897518,-0.32603762440714945,637.3531746478701,899.5962039872541,-1,-1,-1,-1
973,98,-44.27089334791469,-0.28675833120223615,629.3831517759443,902.8099756514829,-1,-1,-1,-1
974,98,-40.241074686085085,5.024099293575318,602.8492976688791,877.5968624704523,-1,-1,-1,-1
975,98,-42.25088859179465,11.745204521755113,588.965417381939,872.610291695221,-1,-1,-1,-1
976,98,-47.56738379617258,12.221158248558993,578.073719868084,874.1557664182237,-1,-1,-1,-1
977,98,-47.2127219944534,14.354473199875713,560.4805068477652,864.2019008310647,-1,-1,-1,-1
978,98,-49.65035812468588,13.790148201665431,549.554330974356,865.183283057677,-1,-1,-1,-1
979,98,-13.885228930092808,157.4651812465973,454.7084243125036,713.7612693295746,-1,-1,-1,-1
980,98,-16.591841081039405,200.71666860031962,423.7228477920164,671.1844479573097,-1,-1,-1,-1
981,98,-24.86227591109656,202.15630328471104,414.26984916264536,665.7856408364003,-1,-1,-1,-1
982,98,-39.366196213743876,197.27646896504206,408.1123027495178,671.4352358355327,-1,-1,-1,-1
983,98,-54.0922952472755,192.2019258144652,394.47152110692065,670.0642758751887,-1,-1,-1,-1
984,98,-71.29120801201988,145.02109949535543,390.99983425834165,691.9288141147542,-1,-1,-1,-1
985,98,-110.42478338058896,51.827766162738044,430.28403199837703,806.612396382127,-1,-1,-1,-1
986,98,-123.79726247402432,43.788732550194595,423.1820523693346,843.7191108297225,-1,-1,-1,-1
987,98,-140.3535048799641,35.43021986953323,427.8726656424543,853.1814274211201,-1,-1,-1,-1
1160,107,1507.2049268061758,459.5861964193171,329.60013163469193,144.2682329289094,-1,-1,-1,-1
1161,107,1508.232107937922,450.5223372201865,366.3949259711244,160.78676781252238,-1,-1,-1,-1
1162,107,1524.5350758497623,444.19610659303714,386.77129082754664,169.7286208257301,-1,-1,-1,-1
1371,123,1502.2281389175919,594.0318598647206,102.36565809645663,103.11465978044839,-1,-1,-1,-1
1372,123,1541.8436797786605,595.4337374729826,107.9735505520764,106.71008375954307,-1,-1,-1,-1
1373,123,1600.8947235163857,595.4913010870806,116.95147220807007,113.6841071099908,-1,-1,-1,-1
1374,123,1658.1358668314267,593.5623786165114,130.48706018997268,124.02093151473366,-1,-1,-1,-1
1375,123,1722.6502653868527,591.5546901754174,143.51358514926346,132.9723526474247,-1,-1,-1,-1
1375,127,1707.2182978405049,591.7230192187372,177.00836831719607,131.97799710014147,-1,-1,-1,-1
1376,123,1774.8175026066706,590.7832772488835,146.28950188961767,136.30848000912385,-1,-1,-1,-1
1376,127,1737.012611980169,590.648662527705,183.3112826281731,136.67746920218065,-1,-1,-1,-1
1377,123,1815.3965393540575,589.6787033032124,153.67854691687694,143.19336055217832,-1,-1,-1,-1
1605,135,978.7003104586963,529.0236660492272,77.64907879980251,111.97049592877636,-1,-1,-1,-1
1606,135,979.4655393124863,527.4769056549644,81.60209143888687,114.28422519904575,-1,-1,-1,-1
1607,135,980.5242612088116,526.7853283891149,82.33781113748569,115.31443323791962,-1,-1,-1,-1
1608,135,979.8572723034598,526.0211959203094,85.56568969538432,117.6257447339442,-1,-1,-1,-1
1609,135,978.8975865260963,523.0963719513671,88.87423881953941,122.95244781419296,-1,-1,-1,-1
1610,135,979.3647902058347,522.0525193443553,90.36392686181307,125.50318702827269,-1,-1,-1,-1
1611,135,979.4539707043914,522.3325855172504,91.0283560623584,125.7827597716389,-1,-1,-1,-1
1612,135,979.6974493667632,522.4814986311302,90.7606874990887,125.16533514763171,-1,-1,-1,-1
1613,135,980.2933830111476,521.7537189778542,91.74199791555156,126.51828313318504,-1,-1,-1,-1
1619,135,986.012755299526,508.59277031968753,99.55568294144393,137.7875692131484,-1,-1,-1,-1
1620,135,985.7890320071433,505.01988444313344,102.50018804844967,143.87477138225967,-1,-1,-1,-1
1621,135,986.3978088758583,503.4051906269766,103.92993786248098,145.88150557893823,-1,-1,-1,-1
1624,135,986.7315259305657,498.0736621308027,108.8871317692832,151.9870962978486,-1,-1,-1,-1
1625,135,987.2355086068067,496.4176735322141,110.33015801432475,154.00106427350016,-1,-1,-1,-1
1634,135,998.6683396025846,477.18186846981513,130.77126286432986,182.56189750278685,-1,-1,-1,-1
1635,135,997.695663622665,477.0848604759321,133.92866258147706,185.09209270615048,-1,-1,-1,-1
1636,135,1000.1121842730108,475.10205242931045,136.01118171791768,188.57575268994458,-1,-1,-1,-1
1637,135,1001.9887634243582,473.7487796080069,138.02870919736915,191.1232328016722,-1,-1,-1,-1
1638,135,1002.981894822783,472.6405020597376,140.7310624120555,193.95571538101444,-1,-1,-1,-1
1639,135,1004.0717202475058,470.93530702244357,142.73335389636952,196.7146669032718,-1,-1,-1,-1
1641,135,1007.3336140284415,466.26071141929316,149.34811455647684,203.69782669275077,-1,-1,-1,-1
1642,135,1008.5784757663425,464.44233981956745,151.4677797399354,206.58795365897527,-1,-1,-1,-1
1645,135,1011.8122103811934,447.6372179190124,170.6677810484298,229.88948334896065,-1,-1,-1,-1
1646,135,1011.0365387105478,439.0189232680164,179.87154964016372,243.23489634515767,-1,-1,-1,-1
1647,135,1012.2361831410317,437.17536244335906,182.79422195148936,246.15065105081817,-1,-1,-1,-1
1648,135,1012.977506819981,432.72111779843726,187.05016305246727,250.3238865221865,-1,-1,-1,-1
1649,135,1012.7785674607599,425.94667697747127,195.28232115504534,262.0791201618988,-1,-1,-1,-1
1650,135,1014.0536840206612,423.40463624367817,198.80964857025083,265.23934561996816,-1,-1,-1,-1
1651,135,1015.2750403860532,419.32570955594383,206.2574240836334,273.9920655067335,-1,-1,-1,-1
1652,135,1015.1211011928453,414.0022656158226,212.15558150563584,282.36112235638393,-1,-1,-1,-1
1653,135,1018.6737755328805,408.8289417122012,217.27442870953143,286.1108090689045,-1,-1,-1,-1
1654,135,1022.8808001364108,401.13794113666006,223.74054814811427,291.8771993161412,-1,-1,-1,-1
1655,135,1027.2369576473802,399.55672037280715,225.74093213345463,291.3702402939459,-1,-1,-1,-1
1656,135,1028.1551846559696,395.8638633391887,231.69128728306282,295.48520272698613,-1,-1,-1,-1
1657,135,1030.121502765523,388.09723692649436,240.2131754177533,302.7338731673367,-1,-1,-1,-1
1658,135,1032.044073781937,384.5768136234177,247.38174255167564,307.9583924706782,-1,-1,-1,-1
1659,135,1032.3039433705553,378.83596554959604,257.9660160724893,318.2086650392332,-1,-1,-1,-1
1660,135,1036.1343025983012,375.4545787323502,266.556211207733,323.9471583041782,-1,-1,-1,-1
1661,135,1036.3873943839708,364.61777094279245,277.9047383328657,334.37154952548127,-1,-1,-1,-1
1662,135,1037.051096131647,352.84314459934467,294.3718554668128,351.72294943169163,-1,-1,-1,-1
1663,135,1039.0156586477272,344.569986741221,307.2987708432488,365.31522572375604,-1,-1,-1,-1
1664,135,1041.317109818955,333.19299190542677,323.68259689682145,382.5700820947494,-1,-1,-1,-1
1665,135,1042.4545702560056,318.72509979139124,343.9524609916964,405.00724568048054,-1,-1,-1,-1
1666,135,1046.7413413737627,307.49516094173566,354.70022772555285,415.5419164669628,-1,-1,-1,-1
1667,135,1053.8134859162033,300.0629345320042,361.8355973481189,420.04067579976163,-1,-1,-1,-1
1668,135,1059.645907817262,290.33948233588467,374.773078485008,431.0723917594505,-1,-1,-1,-1
1669,135,1059.4614740692598,276.535760411394,398.37945280790973,455.5565438049515,-1,-1,-1,-1
1670,135,1057.5484315080387,251.72246785699465,422.94002180415896,479.4203337387262,-1,-1,-1,-1
1671,135,1064.6972506978761,233.2410323464754,445.4786530560352,499.33663616659567,-1,-1,-1,-1
1672,135,1066.1165913906273,212.87305043267628,475.1962619657727,528.4244794242895,-1,-1,-1,-1
1673,135,1074.0421895272348,189.9728415843585,504.4921181552336,556.603346230211,-1,-1,-1,-1
1674,135,1071.5949805701698,164.14988612429119,540.7474717151217,595.1436918183845,-1,-1,-1,-1
1675,135,1074.3386839646155,139.1456280773491,575.3782306244334,632.0166530342892,-1,-1,-1,-1
1676,135,1081.1294344336038,117.55204264088587,603.6098227321029,657.0469740463916,-1,-1,-1,-1
1677,135,1088.3273275304439,89.15508066649011,643.0989027492603,694.859124427886,-1,-1,-1,-1
1678,135,1087.0550729927654,51.292517342704,699.03761286136,753.8880734598397,-1,-1,-1,-1
1679,135,1103.835369152747,17.273962854822003,733.3622267109242,785.1093337615753,-1,-1,-1,-1
1680,135,1105.4719251828083,6.433954867948557,773.8489858391436,820.8801263268697,-1,-1,-1,-1
1681,135,1104.949736859376,0.09764598129817159,799.0781229799034,843.3351009623207,-1,-1,-1,-1
1682,135,1096.467592288834,-4.997383108004783,832.2460272787282,879.9501586604061,-1,-1,-1,-1
1683,135,1057.3780239966632,-7.840336601134936,921.6950033779099,991.414581685256,-1,-1,-1,-1
1684,135,1045.036291732804,-8.901648538376662,953.7486929480981,1044.6441132930408,-1,-1,-1,-1
1685,135,1071.3416098977382,-8.708430387159126,904.244988326107,996.6094113374415,-1,-1,-1,-1
1686,135,1087.4242605914258,-6.432314426800815,869.0246042353749,960.8336509041617,-1,-1,-1,-1
1687,135,1093.7678388419108,-5.728801877723299,854.2126372927842,947.368320618146,-1,-1,-1,-1
1688,135,1101.2671112971952,-2.489240825036177,844.8600288043795,940.9211205936093,-1,-1,-1,-1
1689,135,1108.0122351066755,-4.141291748899448,834.7377583810492,932.5480881776324,-1,-1,-1,-1
1690,135,1114.309980247216,-4.407318573312068,829.8749378926752,931.2991214001711,-1,-1,-1,-1
1691,135,1114.1819149903477,-4.195711393057195,831.1030036407835,937.5122267871711,-1,-1,-1,-1
1692,135,1097.8619312669266,-3.8428012159058653,881.1873424888795,1011.4265003161129,-1,-1,-1,-1
1693,135,1089.7152259673571,-3.6284813579576394,900.0189267350595,1050.4619677779665,-1,-1,-1,-1
1694,135,1097.731929423859,-3.293374353034551,893.3286500620434,1061.4991277761621,-1,-1,-1,-1
1695,135,1110.029900765972,-2.9252874198062955,882.8086605931253,1067.5758017934795,-1,-1,-1,-1
1696,135,1121.5129664489994,-2.598498955893092,868.0441393013045,1066.609605769296,-1,-1,-1,-1
1697,135,1130.9553014779572,-2.303253416950838,857.6668036200749,1072.043802139797,-1,-1,-1,-1
1698,135,1139.2489454329082,-2.052451224534366,846.4860284167005,1074.202316782038,-1,-1,-1,-1
1699,135,1148.8999924847428,-1.8232835267916698,839.2301029884186,1082.9395736057163,-1,-1,-1,-1
1700,135,1170.074335101093,-1.6253836683874852,816.7225223365542,1071.437876544843,-1,-1,-1,-1
1701,135,1187.834762087292,-1.4267944544761804,807.3955686929046,1080.877274486093,-1,-1,-1,-1
1702,135,1205.9966728816073,-1.2713758038350988,792.9798700196493,1084.0863047131445,-1,-1,-1,-1
1703,135,1228.6055536842355,-1.1263120384319336,770.0203474932944,1075.064638480934,-1,-1,-1,-1
1704,135,1280.7637320924528,4.283594433663609,690.7244205386553,974.9853180619502,-1,-1,-1,-1
1705,135,1310.0828971765548,7.198588645502639,655.7090773486423,938.2739149743807,-1,-1,-1,-1
1706,135,1315.3298261330704,2.1359974827455517,681.5316929652149,1002.2859450147785,-1,-1,-1,-1
1707,135,1361.8936444246315,2.31453039872315,631.1220603452275,952.4119153659507,-1,-1,-1,-1
1708,135,1402.5125544735783,5.168374087518316,595.8112728891945,925.0091292681775,-1,-1,-1,-1
1709,135,1460.4973808100326,104.86693422827517,522.0071664659336,828.7487081932115,-1,-1,-1,-1
1710,135,1514.4333806941843,146.3558069754182,474.2284239929645,777.2123578461158,-1,-1,-1,-1
1711,135,1542.4074627565367,69.87165708251365,492.1381270724794,851.9246698583547,-1,-1,-1,-1
1712,135,1563.9687056485395,72.34150269878194,487.13687978509324,843.3192652235128,-1,-1,-1,-1
