104,20,250.46687022790482,573.1922366090407,160.11444278553606,132.7829234976963,-1,-1,-1,-1
105,20,233.71115502251547,572.3350824982671,164.38797082814682,136.32696047124114,-1,-1,-1,-1
106,22,436.22141316598413,592.4510531711638,80.28827483770704,84.48376741693392,-1,-1,-1,-1
107,22,416.8652845260377,592.0386047365724,84.63340949816035,89.0377258231307,-1,-1,-1,-1
108,22,397.1115170712895,591.2018754569882,86.14458177717228,90.51035302117418,-1,-1,-1,-1
109,22,379.509192740915,590.9193223871065,89.38956978058377,93.67156835993296,-1,-1,-1,-1
109,23,29.218919323460085,560.3705073917233,217.20725626420762,179.562897166413,-1,-1,-1,-1
110,22,354.4984685922578,591.5134747491991,92.29305563757316,96.07531432412736,-1,-1,-1,-1
110,23,5.092926601527736,558.1494168665356,223.0954790829196,184.43062735173976,-1,-1,-1,-1
111,22,330.7079058289017,589.7507609943273,96.65116434170233,100.87548956267483,-1,-1,-1,-1
112,22,312.8986789570379,589.2704623208481,99.40992804594106,103.75482827014832,-1,-1,-1,-1
114,25,1063.9273428317636,553.2125653992103,115.29256647578586,97.36230380236896,-1,-1,-1,-1
115,25,1062.9968602650765,551.4320735766274,119.27151573454694,100.45920375518938,-1,-1,-1,-1
115,26,191.89193520780623,587.8054658193024,148.4238542434316,118.20530806480076,-1,-1,-1,-1
116,25,1071.2660516258188,549.4227106319719,123.2568055764034,104.29446236156366,-1,-1,-1,-1
116,26,162.76266293639708,588.0854072087484,152.9643110047839,121.94575130681983,-1,-1,-1,-1
117,25,1078.3773135018773,546.6779098623816,126.43743207378157,107.63112143987735,-1,-1,-1,-1
117,26,125.05998426467717,585.2844918287662,163.57361939295754,130.89385886394962,-1,-1,-1,-1
118,25,1083.26991318607,545.047087359464,130.7795701288644,111.45505361787878,-1,-1,-1,-1
118,26,84.84334322179016,580.8799742473846,175.28551979827336,141.41445319475542,-1,-1,-1,-1
119,25,1087.1559178541168,542.5010317588393,135.19497624846917,115.44205338681604,-1,-1,-1,-1
119,26,40.9274092433415,573.3106057972402,186.6496477995562,151.78961920784343,-1,-1,-1,-1
120,25,1092.5559289591595,539.6180084399781,140.44005919883602,120.13778603941739,-1,-1,-1,-1
120,26,2.1467860983714786,569.7377478108439,192.0758321497849,157.56831749583614,-1,-1,-1,-1
121,25,1097.3446186529525,536.6168201293327,145.0955201242923,124.44011086692399,-1,-1,-1,-1
121,26,-29.028371355727614,567.3277602900271,200.21203904246124,164.24282275372536,-1,-1,-1,-1
122,25,1101.4932869833362,534.6235869181769,149.04517751912545,127.8275123967046,-1,-1,-1,-1
127,25,1141.3105649238717,513.0969578075516,186.11540894134578,159.59294901473754,-1,-1,-1,-1
128,25,1145.0414762994553,509.4087589888421,197.6818493669748,166.01393993526608,-1,-1,-1,-1
129,25,1159.6479058445384,505.5195423011346,204.61415509188646,169.6387304343216,-1,-1,-1,-1
130,25,1174.4870106287724,500.89453550713176,219.24439304961584,177.28372880979202,-1,-1,-1,-1
131,25,1182.6826525597014,494.0986937663969,232.4116136740006,186.48905580233463,-1,-1,-1,-1
132,25,1193.2450082510843,490.8567085027691,242.62397154284645,191.90160851127013,-1,-1,-1,-1
133,25,1205.7744615222778,483.33818963468184,259.833549975579,204.66814384403665,-1,-1,-1,-1
134,25,1218.3467496478415,475.43999651847014,277.80269530957867,217.72520749513274,-1,-1,-1,-1
135,25,1231.7824075845033,470.49272089766225,293.8791998889583,227.81662769010904,-1,-1,-1,-1
135,31,1073.1631337512908,552.6658436061018,104.76496957045515,98.47257923429686,-1,-1,-1,-1
136,25,1248.8776615560162,464.2289634859862,312.673110035141,239.22728696676455,-1,-1,-1,-1
136,31,1077.972248160356,552.7548328280245,107.15764849514221,100.80744202144876,-1,-1,-1,-1
137,25,1261.1084856461446,446.77531316695934,346.33295715736585,263.69130785221284,-1,-1,-1,-1
137,31,1081.8704339267995,552.1029734259301,110.66187822263919,104.38344421204044,-1,-1,-1,-1
138,25,1283.187783967794,435.61224492823135,372.90577510808635,281.9092648470655,-1,-1,-1,-1
138,31,1089.2415562749322,552.5897771278284,109.40030349767449,103.45032008063197,-1,-1,-1,-1
139,25,1299.3970059304056,420.64146582137136,406.4832207024508,306.5104602478878,-1,-1,-1,-1
139,31,1090.7324378573157,551.4105544530044,115.84039887435392,109.8906084274721,-1,-1,-1,-1
140,25,1325.7374930093251,409.1569601023218,438.3435864925566,327.9845926204232,-1,-1,-1,-1
140,31,1098.2547821287767,550.3313254180946,118.60479718825445,112.15085808307185,-1,-1,-1,-1
141,25,1346.488594358671,389.1709958128157,483.6906274759183,360.0007714302777,-1,-1,-1,-1
141,31,1102.3616374170326,546.6208077517634,121.51972044176591,114.2237018684583,-1,-1,-1,-1
142,25,1365.9376042696201,367.7222994249319,526.4259555002375,391.1448043877776,-1,-1,-1,-1
142,31,1107.116608054552,544.5651775442412,124.43253390489826,116.23047838326784,-1,-1,-1,-1
143,25,1370.0488286071327,346.8080822290556,569.1731085081542,427.58794727541976,-1,-1,-1,-1
143,31,1111.090453589227,539.2247783346095,129.38637175152962,120.1827679906163,-1,-1,-1,-1
144,25,1371.9644680274712,329.85360186642765,604.8372974931688,464.25720847391494,-1,-1,-1,-1
144,31,1121.121071016767,535.269245663785,131.4655305965232,120.32040536972136,-1,-1,-1,-1
145,25,1386.340566296925,292.4740478530275,618.8034141940859,489.4215030618841,-1,-1,-1,-1
145,31,1122.167723134882,532.483895177956,138.22218349386003,126.79742727915993,-1,-1,-1,-1
146,25,1421.9569478296871,283.4816258718123,588.5303733371729,479.52621979546166,-1,-1,-1,-1
146,31,1125.329337999327,526.9747383310861,148.4885762382878,136.26168783998514,-1,-1,-1,-1
147,25,1447.197005150837,286.06548508711666,575.0130145078806,485.3620214611329,-1,-1,-1,-1
147,31,1132.9538428229791,522.3372805864971,155.90343905524242,141.79334899304956,-1,-1,-1,-1
148,25,1478.4300172145913,287.339894261537,569.0443456676135,503.78439948683854,-1,-1,-1,-1
148,31,1144.6826383746154,517.3781594001691,162.10486316061133,145.79712170164964,-1,-1,-1,-1
149,25,1511.8728525697013,271.64540777960076,563.6697936784715,529.6052591157302,-1,-1,-1,-1
149,31,1154.1708910914617,512.9439126456407,169.14082182851416,151.08791606177,-1,-1,-1,-1
150,25,1526.6955203960956,261.7065097083761,580.4029915158344,545.3297183559014,-1,-1,-1,-1
150,31,1159.7971624952152,510.02726884977517,173.4222105161159,154.91228099158263,-1,-1,-1,-1
152,31,1178.8801132369167,504.0356145526604,196.46214641425627,171.8998255525945,-1,-1,-1,-1
153,31,1185.259035390332,501.1059949084622,201.70760229846996,176.48937053005466,-1,-1,-1,-1
156,31,1225.9590269151681,476.62099740759624,251.2375621425026,216.60113065200522,-1,-1,-1,-1
157,31,1246.6302737667809,471.553423060159,272.4161871880526,227.50221585080322,-1,-1,-1,-1
158,31,1257.0232395065486,463.38131799177967,297.4618064074175,242.91379788745343,-1,-1,-1,-1
159,31,1270.9363806596798,452.1281961954187,327.7666474810228,263.2121599846273,-1,-1,-1,-1
160,31,1286.8100840039897,437.18797673207405,354.0608579712375,281.1136388947068,-1,-1,-1,-1
161,31,1309.0710299787302,425.01974650993867,381.36824468229156,298.7306908465068,-1,-1,-1,-1
162,31,1331.33318917362,409.6732782117317,414.2198078173069,321.78549957029554,-1,-1,-1,-1
163,31,1363.3096651010069,395.5765276597365,445.628997710096,341.3891454263917,-1,-1,-1,-1
164,31,1380.423000352024,374.49901347732293,497.6970275308354,378.87318612973604,-1,-1,-1,-1
165,31,1390.29054139838,353.3080348213647,534.0344400258864,409.03175706837226,-1,-1,-1,-1
166,31,1389.8852525369373,326.9278639595266,576.4754369824775,450.66867632069557,-1,-1,-1,-1
167,25,1442.0362713879942,266.7594899426971,529.506988555426,516.2234364037138,-1,-1,-1,-1
167,31,1402.2926467563527,316.86012082966886,596.6436687632504,466.4344860803212,-1,-1,-1,-1
168,25,1432.7049888814745,242.79925977222007,558.5292783852656,579.2266770381059,-1,-1,-1,-1
169,25,1473.7151836485616,256.96987131974436,502.95253180149916,544.495677650975,-1,-1,-1,-1
170,25,1520.6237414830352,260.8682878079536,464.2115495796445,530.6690935592787,-1,-1,-1,-1
171,25,1567.6584243554335,258.86710292510753,433.8629121533311,529.7911498596461,-1,-1,-1,-1
172,25,1577.0355177960305,258.47331146142716,432.8188960272778,528.5260498819334,-1,-1,-1,-1
181,33,1369.5228651370076,622.1105960704966,89.68004417780344,61.4264895040568,-1,-1,-1,-1
182,33,1397.4000301719932,620.2731839761133,93.2425126760611,63.89248397662709,-1,-1,-1,-1
183,33,1425.0885750800628,620.1451144461493,98.58450149988698,67.32827937298259,-1,-1,-1,-1
184,33,1454.7760748901965,620.0908652023486,105.19643109073968,71.14662801618113,-1,-1,-1,-1
185,33,1490.189137276641,619.4415043027781,112.44907847925151,75.74243565256359,-1,-1,-1,-1
186,33,1534.3246243063663,619.8004763468429,117.56210371928705,78.77529725083639,-1,-1,-1,-1
187,33,1585.2293410180641,619.3186771354771,124.53659347853431,83.68214802453554,-1,-1,-1,-1
188,33,1607.9422920588706,619.3324914359902,128.78885243575814,86.53944715808007,-1,-1,-1,-1
239,47,421.01826637002034,548.4942663525476,173.72003291539033,97.55825214161098,-1,-1,-1,-1
240,47,413.3000059534326,548.7426040792664,174.25921671489056,97.86104857404052,-1,-1,-1,-1
242,47,388.28719942075253,544.3896905617928,188.87667456593152,106.36530027250922,-1,-1,-1,-1
243,47,384.7103905212742,543.8850043142418,187.34954616601698,106.01040973671581,-1,-1,-1,-1
244,47,375.945903840366,543.1630583326906,190.09599788453409,107.56447212539638,-1,-1,-1,-1
245,47,366.48064329186803,542.0898902917182,194.87676542296236,110.61659318549903,-1,-1,-1,-1
246,47,352.2100223818264,537.7210482259343,204.56750823944543,117.53390850323251,-1,-1,-1,-1
247,47,326.27388817735874,534.8762904379862,214.14635118372274,121.92838541456149,-1,-1,-1,-1
248,47,318.5903234235865,532.5170037272514,216.75440582100907,123.5584132908524,-1,-1,-1,-1
249,47,309.8010289716542,530.999818126678,221.65556136070722,126.68331566883899,-1,-1,-1,-1
250,47,301.89567186918447,531.1090164534739,222.8050231088493,127.16189996182572,-1,-1,-1,-1
251,47,287.1434403946071,530.5647919900345,227.78071992157783,129.19160383412793,-1,-1,-1,-1
252,47,276.8107318247329,529.7514060439534,230.49783507333944,131.1904405430696,-1,-1,-1,-1
253,47,265.74150129424913,528.1849128336183,232.7021667822563,131.88132201556425,-1,-1,-1,-1
254,47,247.6858006844724,527.6245438713593,231.83318917915764,131.4089079568315,-1,-1,-1,-1
255,47,226.05918803967873,523.5348296769246,244.53044367487175,137.68038377875712,-1,-1,-1,-1
256,47,206.02326972179634,520.0892244558769,255.48205753406472,143.86234647805793,-1,-1,-1,-1
257,47,192.71822400222658,518.4084733480128,260.3095442237051,146.5807011116325,-1,-1,-1,-1
258,47,152.88370985563733,516.9339572689815,257.62821691161696,145.28532023116088,-1,-1,-1,-1
259,47,122.57761761164838,513.0895461079697,263.5338119720186,150.54777497461657,-1,-1,-1,-1
260,47,107.71273794341533,510.433425419138,270.6001882908763,155.64270880188798,-1,-1,-1,-1
261,47,90.62465424485708,508.48998529774633,275.57798006505493,158.50585137156452,-1,-1,-1,-1
263,47,26.912799681719378,492.57435908343666,306.3595691346384,173.10174979376018,-1,-1,-1,-1
264,47,4.903815595839291,485.93036487184196,321.3533179731659,181.4901997904837,-1,-1,-1,-1
265,47,-13.08204090464045,479.04679099999373,337.23908084997123,192.19416179976474,-1,-1,-1,-1
266,47,-22.907647465410605,475.79409782945925,343.43755407562105,198.18796688987663,-1,-1,-1,-1
267,47,-33.75326712311809,473.34978822149895,341.186091028497,201.06181948824855,-1,-1,-1,-1
268,47,-47.17698858735311,467.39352160700497,347.46691279997816,210.98443047780523,-1,-1,-1,-1
269,47,-65.56635052600569,463.7021304369937,355.73612318027784,216.00586926621577,-1,-1,-1,-1
285,58,1173.1370448232885,501.8963236741165,144.37069874294684,97.88395809576173,-1,-1,-1,-1
286,58,1182.0394912181096,496.25175502549916,153.82364881515764,102.10922146791836,-1,-1,-1,-1
287,58,1192.7287018112747,493.0936758517804,157.5232543222187,104.56504002110705,-1,-1,-1,-1
290,59,1170.1319253407935,478.6276984165361,268.22132768020833,129.46050724751694,-1,-1,-1,-1
291,59,1187.7163367953938,468.11809355667486,279.01964439324365,134.36235014688583,-1,-1,-1,-1
292,59,1194.9287705042002,463.5435083493626,286.6784961664014,138.05048205879075,-1,-1,-1,-1
293,59,1213.4465814505359,451.5143294074266,314.431702674867,151.09860696067238,-1,-1,-1,-1
294,59,1225.3053737573446,443.7802637658116,340.3835675176583,163.66972067803135,-1,-1,-1,-1
295,59,1240.3984570692385,433.90959092938687,359.70220880513466,172.73515486099137,-1,-1,-1,-1
296,59,1251.0534086291168,427.07146669885776,374.39719459853586,179.79193666508536,-1,-1,-1,-1
298,59,1283.3021938727607,399.1319311642938,447.90443042844777,215.30180215082322,-1,-1,-1,-1
299,59,1295.004820025607,390.9121772804384,466.89675112515715,224.4311612642847,-1,-1,-1,-1
308,60,1593.4374351229271,145.47161148880343,426.21703261107814,627.7331018191584,-1,-1,-1,-1
309,60,1598.552739243301,130.33670577281129,445.25574283736546,655.7733557602876,-1,-1,-1,-1
334,59,1740.4276292110296,683.6503733273876,105.93770523008016,51.53847394918921,-1,-1,-1,-1
462,68,1394.999841972925,503.8708310227775,326.1684793841446,144.02559926820282,-1,-1,-1,-1
463,68,1423.058619368204,495.2067653927962,359.4189630810863,159.0961207813001,-1,-1,-1,-1
464,68,1418.4095680132255,486.1019053291679,474.5788686544138,212.19068263903233,-1,-1,-1,-1
465,68,1424.2366441929603,476.5925236824463,560.2090242303962,254.87713706414468,-1,-1,-1,-1
466,68,1428.6253212774118,464.209062200013,620.7854199836343,290.02431915577176,-1,-1,-1,-1
467,68,1439.7777279931026,457.40821347277233,670.5348508262066,313.26677093303783,-1,-1,-1,-1
747,95,1482.362790492342,534.184609254879,253.20987457245906,168.21198448373195,-1,-1,-1,-1
748,95,1522.2740342170007,530.2686557608287,269.76406570401673,178.48721480703955,-1,-1,-1,-1
749,95,1579.22414391973,546.6377951637705,250.30075220996287,162.727695210913,-1,-1,-1,-1
750,95,1613.4691372886273,540.3964934199637,276.1059614077651,178.3190674270437,-1,-1,-1,-1
751,95,1647.3101339259447,541.3956681384506,281.4959593980152,181.80010893073973,-1,-1,-1,-1
788,88,976.2050221612453,557.9346037776802,64.22464579329721,80.38254307787565,-1,-1,-1,-1
789,88,977.4950900292246,557.1630168398107,63.80054039349295,79.8665910999058,-1,-1,-1,-1
790,88,977.035489742061,556.8821260728524,64.83102297491166,81.57644950206725,-1,-1,-1,-1
791,88,976.923367997376,555.4923101756867,66.34475341788209,84.14512061091864,-1,-1,-1,-1
792,88,979.3438184486339,554.9721062996109,65.17649824474677,82.52316381289495,-1,-1,-1,-1
793,88,978.874456637614,554.7959705557172,65.51281223780416,83.13779117050353,-1,-1,-1,-1
794,88,979.1454260942638,554.093301426727,67.30291478466245,85.95599680377529,-1,-1,-1,-1
795,88,979.9650077812382,553.840417184516,68.4473743034439,87.6492957969258,-1,-1,-1,-1
796,88,981.3599711315546,553.1143709613766,68.62353369579341,87.62162582233248,-1,-1,-1,-1
797,88,981.2767647021212,552.8534012839992,68.56532080842317,87.56439865756249,-1,-1,-1,-1
798,88,981.2158862414567,552.119098981211,71.14872372465311,89.46817927265704,-1,-1,-1,-1
799,88,982.7849772150681,550.5560922012673,71.49425339057018,89.51422396839507,-1,-1,-1,-1
800,88,983.0145912541075,549.3185362642972,71.65896422731339,89.49071915737102,-1,-1,-1,-1
801,88,983.5864308516855,548.621272069237,72.30643798224241,90.29955759275708,-1,-1,-1,-1
802,88,984.9187546541891,547.9826432565358,73.53905697579444,91.7963559876298,-1,-1,-1,-1
803,88,985.7359307924662,547.09697971676,74.32061630320572,92.22430195264735,-1,-1,-1,-1
804,88,986.5462040730289,544.8212344463004,76.16229373054637,94.33096201982971,-1,-1,-1,-1
804,100,982.7317548697829,547.4244925844744,81.09560096668838,89.0,-1,-1,-1,-1
805,88,986.1982028205696,543.3324371217707,77.45814953001673,95.75273657506057,-1,-1,-1,-1
805,100,983.0425710906846,546.141413088381,82.48957394458091,90.52650237032503,-1,-1,-1,-1
806,88,987.5056221242695,541.4887758828579,78.89869161652098,97.56725672665425,-1,-1,-1,-1
806,100,983.3613750749064,545.1555591148077,82.9736992434664,91.05779572567519,-1,-1,-1,-1
807,88,988.4756052420792,543.4091026976087,77.15016237187592,94.33454655039407,-1,-1,-1,-1
808,88,989.8376764165403,542.8911434895438,77.03040157428086,93.01074957312528,-1,-1,-1,-1
809,88,989.706465094043,541.3995693336744,79.5171924541088,95.14213823766113,-1,-1,-1,-1
809,100,985.9426685311879,538.2726094337594,89.53422454308372,98.58775268592933,-1,-1,-1,-1
810,88,992.4332888148288,538.2485177225801,85.29692794088396,102.45965629381101,-1,-1,-1,-1
810,100,986.4935524517497,536.6748030046275,90.8571555194577,100.0444569952,-1,-1,-1,-1
811,88,993.9126745802549,536.4346051799404,87.17842228610436,105.20805435872342,-1,-1,-1,-1
811,100,989.7503717101154,535.8115326132689,95.30809330218699,105.87719619289726,-1,-1,-1,-1
812,88,994.9237627441626,535.3118410471569,88.41221921129545,106.69702893784972,-1,-1,-1,-1
812,100,990.5948684554949,534.3056222226295,97.11220217816981,107.8813757108328,-1,-1,-1,-1
813,88,995.6452166141523,531.7604336010913,90.59408998919207,110.32900411733578,-1,-1,-1,-1
813,100,991.6901286503926,532.1792434362699,98.57380430957573,110.75021388663038,-1,-1,-1,-1
814,88,996.598136306548,530.4149037646762,91.97805227670688,112.01454401093667,-1,-1,-1,-1
814,100,992.5123609939045,530.6074634321408,100.43932374537314,112.84618652728875,-1,-1,-1,-1
815,100,995.3143693952898,530.5540048779076,100.68421924120366,114.21391582147771,-1,-1,-1,-1
816,88,1000.991741810366,532.933119101408,89.97468675135133,110.08548929560175,-1,-1,-1,-1
816,100,994.3143332564076,529.7096107049385,102.39360122376286,117.4114200190827,-1,-1,-1,-1
817,88,1002.1428819841015,532.0354448612316,90.9797673304347,111.3153621542657,-1,-1,-1,-1
817,100,996.6008097398494,528.7687463256725,102.86866342582243,119.19464061471103,-1,-1,-1,-1
818,100,999.2805477394303,529.7469065712615,103.88040775966886,121.10582904755995,-1,-1,-1,-1
819,100,1001.7866325066184,530.1711331769181,104.45039124076447,122.42041334478017,-1,-1,-1,-1
820,100,1003.0245530069901,531.6731796279116,105.94705777245053,124.15145585435494,-1,-1,-1,-1
821,100,1005.5820008997498,532.2850455855719,107.4164908694479,126.04733449219464,-1,-1,-1,-1
822,100,1006.2371382502506,531.8974353498107,108.51242913060514,127.35945422234079,-1,-1,-1,-1
823,100,1012.6161053481337,530.469507739752,112.76857246263444,130.39312147671467,-1,-1,-1,-1
824,100,1015.7757815480919,527.9983979532026,116.09192174469388,132.79283584401605,-1,-1,-1,-1
825,100,1019.8420118899385,525.7675117990595,120.57417641870597,134.30024004337793,-1,-1,-1,-1
826,100,1020.7057636716038,522.3370524579321,123.53069189540884,136.1069136875018,-1,-1,-1,-1
827,100,1019.5240036733322,517.8034264327703,126.83093535521004,139.32968652002944,-1,-1,-1,-1
828,100,1016.6146728951121,514.1575316481353,129.583711579402,143.09332253286777,-1,-1,-1,-1
829,100,1018.8105019785297,510.8600305604132,132.20210230923556,146.4178967769401,-1,-1,-1,-1
830,100,1020.4711836338149,508.3457128393512,135.31270666692876,150.21428526897387,-1,-1,-1,-1
831,100,1023.3321429347906,504.8543591861453,135.78847658752295,150.96842263234657,-1,-1,-1,-1
832,100,1025.1958323605772,502.2679168597157,138.81903599725024,153.75704163619048,-1,-1,-1,-1
833,100,1028.116474586078,500.04543979739685,141.87740057628207,156.69622856155456,-1,-1,-1,-1
834,100,1033.8625925743422,497.3176396792518,146.5749519186288,161.6323161482219,-1,-1,-1,-1
835,100,1035.8913251396582,495.0408793993522,150.5301100190161,166.0399486066085,-1,-1,-1,-1
836,100,1036.1502696406314,493.5827313833786,153.55663712268142,169.60048983487718,-1,-1,-1,-1
837,100,1035.911367712228,491.8017751555551,155.82358795988716,172.1810109190094,-1,-1,-1,-1
838,100,1038.5808430649051,490.5378264965889,158.05068264271836,174.37504931743,-1,-1,-1,-1
839,100,1041.8345309474666,489.47409027608995,161.3808855680386,176.41965378004755,-1,-1,-1,-1
840,100,1043.3600722917383,486.5418977735217,168.39695451859598,183.59068620869238,-1,-1,-1,-1
841,100,1046.1426451462175,484.18312090244166,174.2234312004723,188.8366463335513,-1,-1,-1,-1
842,100,1047.625755880813,482.0432853208833,179.3423417963877,193.35522705122622,-1,-1,-1,-1
843,100,1050.6308306007486,479.3477761850575,183.95924867034637,197.58013540982455,-1,-1,-1,-1
844,100,1053.5987377326153,474.50505449685414,192.85876679663875,206.18962351767328,-1,-1,-1,-1
845,100,1055.5481743582282,467.57740429150823,205.35898699335507,219.00824354794867,-1,-1,-1,-1
846,100,1060.4181735464929,463.0249285764252,211.95731602899082,225.82803536941634,-1,-1,-1,-1
847,100,1066.8304396111391,460.0301931189788,214.89670952731194,227.7455153904118,-1,-1,-1,-1
848,100,1075.2941425627607,458.3153708271638,214.76793363550655,225.09528145004396,-1,-1,-1,-1
849,100,1077.124557169293,451.9183273083776,225.0606470421228,234.90601971677546,-1,-1,-1,-1
850,100,1082.2944147253427,444.43352617861774,233.23630070482886,241.74083728661344,-1,-1,-1,-1
851,100,1087.072590863102,437.1096333703507,243.40323270298381,250.04022840781113,-1,-1,-1,-1
852,100,1089.0554039990602,431.1556712685092,260.22138902687425,265.28820005697,-1,-1,-1,-1
853,100,1093.1825572987827,426.3915757754154,269.91110888876665,273.01664149239207,-1,-1,-1,-1
854,100,1102.4267800258658,420.1767364916222,277.2299083074954,277.79783452989506,-1,-1,-1,-1
855,100,1107.4285782740794,411.46229236753936,296.15947776073335,294.83960987701585,-1,-1,-1,-1
856,100,1112.2633801916766,402.4875160207233,313.1976222593137,310.1598798924555,-1,-1,-1,-1
857,100,1112.3255652259286,390.2112928088974,334.61222006488833,331.2108618616227,-1,-1,-1,-1
858,100,1113.8414156011208,380.44328824394734,355.40056309011175,351.2944965618901,-1,-1,-1,-1
859,100,1123.297244391137,368.53164549573415,372.51391148843686,368.5209575182715,-1,-1,-1,-1
860,100,1133.0175009166487,355.12314795060246,394.6783781196998,391.4923220023118,-1,-1,-1,-1
861,100,1142.737518207983,342.4266776806303,414.5074810912927,411.66246410184,-1,-1,-1,-1
862,100,1151.5305080006246,326.2349310658125,438.4560380395201,436.3803365323563,-1,-1,-1,-1
863,100,1159.5044666059027,308.06613042630875,466.0709719708336,464.7223016875844,-1,-1,-1,-1
864,100,1169.0888720340497,286.00798994405983,495.6016520232429,494.4881920546208,-1,-1,-1,-1
865,100,1181.0336497882356,259.89713864634786,530.5653061990026,528.5550586999802,-1,-1,-1,-1
866,100,1191.0744322880091,235.93287973717662,568.9822689367256,567.3994279161864,-1,-1,-1,-1
867,100,1202.5567655991508,209.15145688687994,609.257675873627,608.7419241295304,-1,-1,-1,-1
868,100,1222.1264625608123,177.52304456982284,646.4017506297739,643.6547133003351,-1,-1,-1,-1
869,100,1221.753190027792,139.50531004370964,698.438078955402,698.9701348620667,-1,-1,-1,-1
870,100,1212.2107526030659,94.28984052108962,752.8745060932765,765.8072637964865,-1,-1,-1,-1
871,100,1190.2803709631305,46.763227414580115,814.6618209015603,848.3564855181804,-1,-1,-1,-1
872,100,1154.7203179990156,21.533461669379108,899.7228544982509,968.8371004178815,-1,-1,-1,-1
873,100,1152.4474032421995,6.00506327962762,922.7931104130375,1028.7353262157296,-1,-1,-1,-1
874,100,1182.26974297114,6.333121241560889,895.4066725091741,1034.4856148884314,-1,-1,-1,-1
875,100,1205.8454936238072,0.4437618329582165,868.3551119680619,1039.015899280118,-1,-1,-1,-1
876,100,1248.823659364491,1.218335033657695,794.4091636388728,975.7751355195344,-1,-1,-1,-1
877,100,1257.8414944230042,-5.313175156073498,814.6371692342611,1041.812477222078,-1,-1,-1,-1
878,100,1283.6202447188575,-7.756665993285424,799.2630067524092,1066.7033466081605,-1,-1,-1,-1
879,100,1350.818585552352,-5.5692711909323975,709.3786858477274,983.2621940707534,-1,-1,-1,-1
880,100,1398.7219259764927,-6.2790653777621515,657.965110297582,951.75498748618,-1,-1,-1,-1
881,100,1410.9119160018768,-18.20995999679866,667.9866854762363,966.2736277157148,-1,-1,-1,-1
1040,130,752.2808912331366,583.2849759225633,76.75381070416859,74.15684809687912,-1,-1,-1,-1
1041,130,749.9178410934366,589.3975921692107,73.3525829806224,70.84746583172625,-1,-1,-1,-1
1042,130,747.1643634946092,592.4438175935974,72.46009005765313,69.96067048843804,-1,-1,-1,-1
1043,130,739.6645515159885,588.4523497926268,78.42042895656903,75.950719829494,-1,-1,-1,-1
1044,130,734.4499476696136,588.3830429402302,78.45598112349649,76.01040771990756,-1,-1,-1,-1
1045,130,730.8109506659838,586.9667736497804,80.00478674531428,77.91556635964264,-1,-1,-1,-1
1046,130,726.7904594908683,586.416902436375,80.1788344089091,78.56575750038473,-1,-1,-1,-1
1047,130,722.0354007748531,585.5330453814115,82.32871744436329,80.7198532011513,-1,-1,-1,-1
1048,130,718.297414105656,589.7699068564897,79.38483579375509,77.56021479143203,-1,-1,-1,-1
1049,130,709.6734398897854,586.0867188571585,85.59467487668326,84.23590932981392,-1,-1,-1,-1
1050,130,703.468218402688,584.1177534076745,89.54894758673811,88.56312859903267,-1,-1,-1,-1
1051,130,696.6196785977703,582.6924834969187,92.49062459450727,92.13923558956094,-1,-1,-1,-1
1052,130,690.6280980815802,583.4127678817107,91.53303437643422,91.56608560380539,-1,-1,-1,-1
1053,130,685.3138908278343,582.4179493914855,94.13380877748227,95.12443250739807,-1,-1,-1,-1
1054,130,679.2857880951452,581.4028029580638,94.9848393214321,96.43753999354317,-1,-1,-1,-1
1055,130,673.9336105991828,579.7239035867921,97.73024140644816,99.45233315861856,-1,-1,-1,-1
1056,130,666.3981365603298,579.7257909808426,99.06242671231735,101.20318039177835,-1,-1,-1,-1
1057,130,658.8727383764624,579.7446461751689,100.66062274707997,103.10099656959085,-1,-1,-1,-1
1058,130,652.8909967421864,579.7669978020053,101.89273004868016,104.41419818025884,-1,-1,-1,-1
1059,130,643.0823843289635,578.4981221277584,107.33108970218598,111.31198792519672,-1,-1,-1,-1
1060,130,632.4497401967587,578.6531248848659,109.38290285547782,113.91611559832154,-1,-1,-1,-1
1061,130,622.1911784323321,578.0940925261276,112.9983937951049,117.41987939928197,-1,-1,-1,-1
1062,130,611.4349061219912,576.6086888349877,117.99882089126675,122.55148375081603,-1,-1,-1,-1
1063,130,601.0839389347921,576.0385078514303,119.83183898966786,123.21774512797856,-1,-1,-1,-1
1064,130,590.4358639313155,575.83245354235,121.87115072087488,124.0064333092073,-1,-1,-1,-1
1065,130,578.1525561656061,575.1241948535238,127.11006451835522,128.74329093689528,-1,-1,-1,-1
1066,130,562.2308363292984,574.2239523746717,133.29108685941196,133.7026205912423,-1,-1,-1,-1
1067,130,545.8825088681019,573.2478708516214,142.2952132870978,141.94916675295315,-1,-1,-1,-1
1068,130,527.2889189801189,571.6144716791929,151.59472002722418,150.7979143016937,-1,-1,-1,-1
1069,130,509.32856408487794,569.7210429722597,160.47336851700334,159.8946655814857,-1,-1,-1,-1
1070,130,489.6356836017301,568.9815955390422,168.1502297477523,166.56959347212353,-1,-1,-1,-1
1071,130,473.5841858377678,570.6019273911918,174.1861552838186,171.00840082999753,-1,-1,-1,-1
1072,130,448.54538779229523,568.7392732584324,182.7517272856789,178.34085498225193,-1,-1,-1,-1
1073,130,428.80655517477766,566.7567166427255,193.10843840467857,188.6979551854182,-1,-1,-1,-1
1074,130,401.6151336262104,565.9886272266526,206.31154144513255,200.85254889992746,-1,-1,-1,-1
1075,130,373.28755619578993,563.8243503313555,217.64579573804514,210.58659377420258,-1,-1,-1,-1
1076,130,348.1792949585075,561.7188392872824,226.42652875325712,218.10587365503534,-1,-1,-1,-1
1077,130,311.41021056778277,556.4852418128892,246.90180211420318,236.07294069594786,-1,-1,-1,-1
1078,130,279.96292841916545,556.3082057037664,255.7495177339241,241.80045402837663,-1,-1,-1,-1
1079,130,248.98995992082203,556.2922439181398,261.2988612503502,243.8534469606018,-1,-1,-1,-1
1080,130,211.90822657862935,551.8677520041132,270.0492989335364,248.87842825672874,-1,-1,-1,-1
1081,130,190.97537873627414,550.4671406213633,277.04551761410903,255.32558021458988,-1,-1,-1,-1
1090,110,768.4427015148574,581.4697752813627,66.87517144392007,75.16492758436937,-1,-1,-1,-1
1090,133,768.3903491088599,581.4671305234327,66.9708423804276,75.17829789090547,-1,-1,-1,-1
1091,110,766.5300433107359,581.3067646444442,67.72969933878449,76.13007598900379,-1,-1,-1,-1
1091,133,765.1012536067484,581.1051125235394,68.76797830512783,77.35729640437046,-1,-1,-1,-1
1092,133,763.4356245071641,580.9712415039318,69.06220603536951,77.51803528242942,-1,-1,-1,-1
1093,110,761.2688021582348,580.1656094018689,71.6056251749003,80.50361132464866,-1,-1,-1,-1
1093,133,761.0980958894811,580.2758161817862,71.38034604382199,80.13796260287654,-1,-1,-1,-1
1094,110,759.2254660731662,579.9284268484842,72.65736026430966,81.69107862511544,-1,-1,-1,-1
1094,133,759.121390826386,580.0156900860786,71.93763433135109,80.4650541180348,-1,-1,-1,-1
1095,133,757.0844757217369,579.7812680076685,72.9109061267734,81.55401265126739,-1,-1,-1,-1
1096,110,754.9217517077554,579.9088220909523,73.49693565594976,82.34504774698826,-1,-1,-1,-1
1096,133,754.8043493462328,579.8937844441931,73.62084090766416,82.15070711296426,-1,-1,-1,-1
1097,110,752.8695800855526,579.7111572597386,74.41879098431446,83.38296675068443,-1,-1,-1,-1
1097,133,751.4292231369625,581.2294311850004,74.4965409027069,83.73068002350533,-1,-1,-1,-1
1098,133,748.7633257060778,581.7121176658437,75.79566147906723,85.58926469479854,-1,-1,-1,-1
1099,110,748.1749546541769,581.5678185436443,75.93877955741118,85.07387264258068,-1,-1,-1,-1
1099,133,747.6692974905352,581.8984098122339,75.89614147745488,85.62037106561809,-1,-1,-1,-1
1100,110,746.070953437728,581.5714067043933,76.82986096260356,86.0773915346457,-1,-1,-1,-1
1100,133,745.4624547969017,582.6229394581615,75.7293197290112,85.58419174105654,-1,-1,-1,-1
1101,110,740.0600026923647,580.3474973207028,81.12764574040932,90.9146818920832,-1,-1,-1,-1
1101,133,742.4886218359264,581.5924172289615,77.43053839794027,87.49242117115978,-1,-1,-1,-1
1102,110,737.2353314452871,579.4248008926975,83.36328446994685,93.40814297913835,-1,-1,-1,-1
1102,133,739.3076087321443,581.1990551195345,79.0350178912256,88.83832169995674,-1,-1,-1,-1
1103,110,733.4945831309465,579.7292781778317,83.83198667142233,93.66621780276625,-1,-1,-1,-1
1103,133,734.3746061788761,580.3982826335698,81.99348719168847,91.91936493641413,-1,-1,-1,-1
1104,110,730.6593775789818,579.8553511863951,84.3160555610907,94.3585468254388,-1,-1,-1,-1
1104,133,730.5927101580119,578.158718591196,85.07874746546281,95.64914809559446,-1,-1,-1,-1
1105,110,728.7724905827879,580.5583990654598,84.28404794173503,94.5784019550714,-1,-1,-1,-1
1105,133,727.8071920359362,577.9344633641699,85.82241708978518,97.05957116893796,-1,-1,-1,-1
1106,110,725.0275750386832,579.5298481717289,86.54960244612926,97.87435273838969,-1,-1,-1,-1
1106,133,723.9086815350031,577.2139175290481,87.35740313869371,99.49232675074472,-1,-1,-1,-1
1107,110,721.9959013357892,579.7851112307599,88.15037591529358,99.74145223422909,-1,-1,-1,-1
1107,133,721.6819564585661,578.8778803395556,87.58391651364718,99.7424797504533,-1,-1,-1,-1
1108,110,719.2460975035646,579.6882223424755,89.42040677186924,101.18485299740689,-1,-1,-1,-1
1108,133,718.7345705918591,578.8950782017247,88.10456353651114,100.42475122801818,-1,-1,-1,-1
1109,110,714.1574945241855,578.3767590371662,92.5569922062964,105.20171610583259,-1,-1,-1,-1
1109,133,714.6658718405679,578.9077815131348,89.77475725568524,102.58611119718353,-1,-1,-1,-1
1110,110,708.9189383195919,577.4001104182296,94.35025089393298,107.61758408376613,-1,-1,-1,-1
1110,133,708.9889193997892,576.9764010846785,92.9612804870419,106.60705228259678,-1,-1,-1,-1
1111,110,705.7138984047655,577.1188441947756,95.87939063855868,109.368822290053,-1,-1,-1,-1
1111,133,706.246284121642,576.8785301276513,93.5003791521201,106.83149657322986,-1,-1,-1,-1
1112,110,702.3146677835786,578.483544918587,93.66662469707035,106.46166488315953,-1,-1,-1,-1
1112,133,702.0256361501888,576.8538837944294,95.66265545990166,109.4408628897886,-1,-1,-1,-1
1113,110,697.9663184815189,578.7874465478783,95.0632606512778,107.93235211859496,-1,-1,-1,-1
1113,133,698.7520642404113,576.5847646128489,97.12528064027742,111.11471461764972,-1,-1,-1,-1
1114,110,692.9167488816101,576.2831708085649,98.70294359985826,112.36068297937288,-1,-1,-1,-1
1115,110,687.3930285605304,576.6266125773323,97.12655177048134,110.78553811736265,-1,-1,-1,-1
1116,110,680.6352176586141,576.7795135612964,99.37646128824838,113.35194597961231,-1,-1,-1,-1
1117,110,675.2145451229688,576.8440282687745,101.58962004653768,114.93396217384532,-1,-1,-1,-1
1118,110,668.0877669283436,575.5778931637574,106.9048846241343,120.04004882170238,-1,-1,-1,-1
1119,110,661.5494492565483,574.456606867108,112.2393263502538,125.16643108521691,-1,-1,-1,-1
1119,133,661.5950127536295,573.1366321811317,112.89909719248897,127.52546304804912,-1,-1,-1,-1
1120,110,654.7272684749502,573.3873970898952,116.03782372508965,129.03463696835774,-1,-1,-1,-1
1120,133,657.0455447655163,572.7295850425419,114.80457925871622,129.67835208444046,-1,-1,-1,-1
1121,110,650.4365125428463,573.6203612553606,118.42753576289442,130.4835708738608,-1,-1,-1,-1
1121,133,651.5612596230436,573.6151769263621,117.26798231192754,130.42010119832264,-1,-1,-1,-1
1122,110,639.4540669540567,573.7295129201129,122.1125279504912,133.54493159573838,-1,-1,-1,-1
1122,133,639.8473789765069,573.7705407095832,121.38186565933768,133.48061684915592,-1,-1,-1,-1
1123,110,630.4463206144617,573.1396771803062,125.5594288943239,137.2353468024146,-1,-1,-1,-1
1123,133,630.7566900311359,573.181389520073,124.90714713982504,137.15497359840583,-1,-1,-1,-1
1124,110,621.7846024799885,572.9208653803927,129.12794459879126,139.8829047020439,-1,-1,-1,-1
1124,133,625.2330625023296,572.8933119804832,126.9757595285721,139.4267400386642,-1,-1,-1,-1
1125,110,609.5537743597085,572.2040471655192,133.7109670299891,145.34045614606578,-1,-1,-1,-1
1126,110,601.372336725718,572.5755199090759,134.9542581421266,146.10791816319647,-1,-1,-1,-1
1127,110,590.6939686663126,571.4464156222356,137.83300529312737,148.88076302098295,-1,-1,-1,-1
1128,110,581.1917515146706,571.0204438895755,142.94533058754791,153.74153128628586,-1,-1,-1,-1
1129,110,569.136413845594,570.2250804733458,149.1760238276173,159.39830690291774,-1,-1,-1,-1
1130,110,555.0678033529986,567.3675772425036,155.9711400326305,167.28049724257994,-1,-1,-1,-1
1131,110,542.685578506653,565.6254124346505,161.27346179718108,172.18924946517734,-1,-1,-1,-1
1132,110,528.9391015115125,564.3174544318513,167.45225833349093,177.84631698008172,-1,-1,-1,-1
1133,110,517.3324524824121,562.5506298106374,171.86783529950617,181.87098222471184,-1,-1,-1,-1
1134,110,500.16323521249365,559.9606457862418,178.1614097744016,189.08870405019582,-1,-1,-1,-1
1135,110,484.8117598862191,557.7007637966638,186.86106853927163,198.16922162627952,-1,-1,-1,-1
1136,110,468.9528840970426,555.5719675224265,192.6059196591944,202.89655720272629,-1,-1,-1,-1
1137,110,451.34749969266915,554.1263935562142,202.10513267664095,211.63469632640067,-1,-1,-1,-1
1138,110,430.1220115604912,552.3230173104854,208.28290729812585,216.83800553885726,-1,-1,-1,-1
1139,110,407.3604170973616,547.183009332269,220.24029670997334,228.3036088973431,-1,-1,-1,-1
1140,110,385.4261458992913,548.3700694346185,228.05134147800516,235.19466159227306,-1,-1,-1,-1
1141,110,361.82357521223514,546.3591747510666,239.95469708369137,245.38522279036874,-1,-1,-1,-1
1142,110,332.26033179869285,540.5357503547854,257.90564492173496,263.18406402192875,-1,-1,-1,-1
1143,110,302.43388051387,535.140634112739,274.2527345802239,280.0913528767319,-1,-1,-1,-1
1144,110,272.21435564314345,532.3926767625976,289.78845084831414,295.4646443092714,-1,-1,-1,-1
1145,110,237.48476690730598,528.8401289269059,305.5672056716797,311.46090583579735,-1,-1,-1,-1
1146,110,198.67691359474054,526.220557726419,319.16796985024155,325.7948068382261,-1,-1,-1,-1
1147,110,167.22911548479414,523.3508258797877,324.54830634800294,328.77793042145925,-1,-1,-1,-1
1148,110,129.89646161905273,512.7340146435193,332.0698136646288,332.78237652841415,-1,-1,-1,-1
1149,110,107.31115382309929,509.75607999976285,340.53382226993676,341.27650687484515,-1,-1,-1,-1
1184,133,687.3277040920731,588.9793542131644,69.40302498654478,79.5670131303558,-1,-1,-1,-1
1185,133,676.2517975181099,588.8207550314269,70.22192489889528,80.76835649766781,-1,-1,-1,-1
1186,133,665.3555949651414,588.1429592500093,71.01321991809743,82.41695136394299,-1,-1,-1,-1
1187,110,637.3990704448452,586.9361721080072,83.91485735836875,88.21836847023849,-1,-1,-1,-1
1187,133,652.3734069940065,587.8880641029622,73.12589557193132,84.9015943406556,-1,-1,-1,-1
1188,110,630.8020764165424,585.059053202361,84.9507107680331,91.8379452904145,-1,-1,-1,-1
1188,133,638.7921414985939,585.8963493192697,77.27384972328173,90.25699131222643,-1,-1,-1,-1
1189,110,650.6513512704497,587.8072684906667,76.55364392123181,82.7646086093938,-1,-1,-1,-1
1189,133,624.1367640498313,585.7522759275214,79.60912893198145,92.9376932281441,-1,-1,-1,-1
1190,133,610.309615071799,585.7154569143291,82.9304218628763,96.45807245562469,-1,-1,-1,-1
1191,133,591.6949110761084,582.5518444584314,90.0641006950832,104.73916736872764,-1,-1,-1,-1
1192,133,572.2923594285076,580.6963215936339,96.13068214123723,111.68190249913323,-1,-1,-1,-1
1193,110,541.8762053239619,581.025615271417,105.69954058228313,113.90282278894267,-1,-1,-1,-1
1193,133,549.4330707795264,578.7155206375824,102.22242538748856,118.77755495619226,-1,-1,-1,-1
1194,110,519.401236012489,578.4638452973396,113.20182875083037,120.78019022927708,-1,-1,-1,-1
1194,133,538.0488120585311,577.8300414904625,105.40013858768282,122.47107979068551,-1,-1,-1,-1
1195,110,491.5976837482201,575.3397025373289,121.75168160791259,128.79494940624204,-1,-1,-1,-1
1196,110,460.5911271072539,571.5689164362208,132.25736382585796,138.214611197468,-1,-1,-1,-1
1197,110,425.56866499186003,568.8268190414123,143.69970631751528,149.3777735674447,-1,-1,-1,-1
1198,110,386.31006435242875,564.0302175866586,160.26499354738257,164.3116812462348,-1,-1,-1,-1
1199,110,340.61700882840165,560.269601845621,174.40297946765753,176.4042637855879,-1,-1,-1,-1
1200,110,286.70552485951845,556.9138652053301,188.46240742999288,188.62182979254374,-1,-1,-1,-1
1201,110,220.6046104709207,548.7961130183593,210.46679954454908,208.884686790758,-1,-1,-1,-1
1202,110,151.11822426987584,544.9329605744406,222.54444830881994,216.3622899244051,-1,-1,-1,-1
1203,110,69.86653809295346,536.5654286736992,240.974431089601,230.98359876944494,-1,-1,-1,-1
1204,110,35.47413492817405,533.6786334104398,249.78160936896086,239.4309410624369,-1,-1,-1,-1
1208,162,1405.4531951540775,443.79716369675396,526.5198772726012,297.3144460229006,-1,-1,-1,-1
1209,162,1422.9825588089911,438.6887617336345,540.9302692726853,307.43934627139123,-1,-1,-1,-1
1210,162,1432.0768144172507,433.0315671465299,563.2101395859381,320.10218192970336,-1,-1,-1,-1
1252,176,1361.5967364475152,439.43575465443644,426.43407809059136,254.38640126855046,-1,-1,-1,-1
1253,176,1363.307031631165,421.17956510126476,536.460088827595,322.2740329126592,-1,-1,-1,-1
1254,176,1369.4422222348664,401.0275118900954,612.0856924011255,372.20321936775963,-1,-1,-1,-1
1255,176,1373.7892357521114,372.30770569718686,671.7471953769614,417.09277306330375,-1,-1,-1,-1
1256,176,1378.7000801886898,358.00554368564116,730.7365548760731,453.71974160422025,-1,-1,-1,-1
1261,133,750.2625188548823,589.4842064290576,73.2678074957272,71.39151421569784,-1,-1,-1,-1
1261,143,750.1868628089967,590.5601205719383,73.71688444394954,70.23678471347512,-1,-1,-1,-1
1262,133,746.4100275702444,587.1470497773863,76.24177469988558,74.28804427514467,-1,-1,-1,-1
1262,143,745.030208473047,587.900792824579,77.93862056331113,75.09743032109134,-1,-1,-1,-1
1263,133,744.0440017933745,590.1959424189562,75.24590882721475,74.04994448396315,-1,-1,-1,-1
1263,143,743.3340045430433,590.0123864562656,76.5159652877478,74.46893003608386,-1,-1,-1,-1
1264,133,740.0369467472128,588.7731745214787,78.10146372146642,76.88761373335274,-1,-1,-1,-1
1264,143,739.7836371674056,589.0161841821043,78.66655730465436,76.68378108437776,-1,-1,-1,-1
1265,133,736.2704413768073,586.9514268813276,80.78436775653893,79.52759864833968,-1,-1,-1,-1
1265,143,735.9893993505098,591.8446702484046,77.4356511515922,75.58480273809732,-1,-1,-1,-1
1266,133,729.4031576710707,588.7853777485107,81.80610864027108,81.29118677120402,-1,-1,-1,-1
1266,143,729.7201828889076,590.4206504314718,80.84143519884219,79.60847133582467,-1,-1,-1,-1
1267,133,726.52548115468,589.7167251658175,81.97255162796785,81.98616370160437,-1,-1,-1,-1
1267,143,725.912526293313,588.6193817322562,86.34871233464014,85.56149254495188,-1,-1,-1,-1
1268,133,722.6929810185034,590.089132260865,82.49316224573613,82.84584884941512,-1,-1,-1,-1
1268,143,721.8531377253188,587.2989920506691,89.35152236478461,89.11938230573332,-1,-1,-1,-1
1269,133,718.7226706535608,588.9602432674828,84.73836970939567,85.09966567460333,-1,-1,-1,-1
1269,143,715.451880184669,586.1623144256149,92.67863842351255,93.64573084583344,-1,-1,-1,-1
1270,143,709.3832218188094,582.5807785185082,96.14878756251449,98.53513059104137,-1,-1,-1,-1
1271,133,709.6034485814508,587.7672047310265,88.47359758651237,89.9295441902949,-1,-1,-1,-1
1271,143,706.741264834242,584.9561006847731,93.09361563270761,96.00901555102462,-1,-1,-1,-1
1272,133,704.8413888355922,586.909340756879,89.56821741684848,92.07117472534401,-1,-1,-1,-1
1272,143,702.8982988059428,585.9884728517751,91.86311246013554,95.47886561219752,-1,-1,-1,-1
1273,133,702.0148057170047,588.5357346653951,88.99351413771183,91.54595014476695,-1,-1,-1,-1
1273,143,700.7687082536564,588.3543079079459,90.29601397355009,93.91084621003972,-1,-1,-1,-1
1274,133,696.7936000520534,587.9145223651168,90.11064746468287,93.1968504172388,-1,-1,-1,-1
1274,143,696.1575110925492,587.9881147971485,91.63111930483888,95.84083993696936,-1,-1,-1,-1
1275,133,689.9985569221138,586.4079556218873,91.91459008504171,95.708090011438,-1,-1,-1,-1
1275,143,692.2297510577592,587.601701149678,93.20904009045739,97.5000514204977,-1,-1,-1,-1
1276,133,685.4907905743838,585.8474284779336,94.63138579927875,99.19308042143211,-1,-1,-1,-1
1277,133,679.2019518371881,581.8127091078676,99.84201073158647,105.61210614842219,-1,-1,-1,-1
1278,133,673.0417270998743,580.8902563824743,101.85534889691382,107.43370989827179,-1,-1,-1,-1
1278,143,672.8902491077814,581.7143023815938,101.90414483417669,106.40646332181029,-1,-1,-1,-1
1279,133,667.7714997077068,580.5667996036211,103.41795571094497,108.6961716614228,-1,-1,-1,-1
1279,143,667.4846974940326,580.9728948255312,103.84932991453366,108.13584029973424,-1,-1,-1,-1
1280,133,661.5600058563742,578.5496929791265,107.4300541182057,112.96098565265777,-1,-1,-1,-1
1280,143,661.2567930685441,578.7699132861637,107.99163700021563,112.62798054781001,-1,-1,-1,-1
1281,133,655.4228097638968,579.7091771536803,107.06530230379883,112.63683531759818,-1,-1,-1,-1
1281,143,655.1532235406402,579.8639588702881,107.59075861816461,112.38261530106115,-1,-1,-1,-1
1282,133,648.5794216216037,580.2220735719029,109.58683245122711,115.62535577533242,-1,-1,-1,-1
1282,143,650.2395821295619,579.127102434367,109.47930896835555,114.36554362701122,-1,-1,-1,-1
1283,133,641.3450906850062,580.4429410421053,112.26968081289749,118.63932432000558,-1,-1,-1,-1
1283,143,641.0874853126084,580.3787253239519,112.97225724092812,118.36878064849202,-1,-1,-1,-1
1284,133,633.4198900780593,579.2704301293645,114.15659960793732,120.38130939561506,-1,-1,-1,-1
1284,143,633.0445753173693,579.2821050411321,114.85742170479227,120.18351526911704,-1,-1,-1,-1
1285,133,625.3262808364535,580.1249633831846,114.86918381955127,121.6197686306607,-1,-1,-1,-1
1285,143,625.0097144444353,580.1793962408967,115.46523062997278,121.46513631624964,-1,-1,-1,-1
1286,133,617.0460118375079,579.1911149738504,119.91108203271074,126.54275263816646,-1,-1,-1,-1
1286,143,616.3660521819345,579.2516347505757,120.61326410025754,126.41912456741193,-1,-1,-1,-1
1287,133,610.9278176219809,578.5737169154619,122.28978453759419,129.05280986250978,-1,-1,-1,-1
1287,143,608.1715875724582,579.5477391296142,122.97147080645641,128.9094980424727,-1,-1,-1,-1
1288,143,598.9863197532103,579.0402290457902,125.24334270956297,130.44671571019023,-1,-1,-1,-1
1289,143,588.5123811639041,575.627474942162,131.23538713138464,136.1299074635183,-1,-1,-1,-1
1290,143,578.5662415569366,575.6057998715526,135.40720888746478,139.5383131529942,-1,-1,-1,-1
1291,143,565.9761861366786,575.6236060680588,139.38909414896204,142.71459355354557,-1,-1,-1,-1
1292,143,551.9300988661483,575.0103307553937,144.80163913525826,147.72230721650578,-1,-1,-1,-1
1293,143,536.8274328466441,571.5902833861232,152.4706861600339,155.3496988873393,-1,-1,-1,-1
1294,143,523.2112533022333,570.9045758445475,157.27448479335192,160.15923949091052,-1,-1,-1,-1
1295,143,506.2277591146085,568.111138192808,165.60166892644793,169.6075382096069,-1,-1,-1,-1
1296,133,489.83920188238784,563.459634059061,170.3884808256626,178.69886005530657,-1,-1,-1,-1
1296,143,488.88261833354113,564.5116935658348,173.55376670256942,177.64334317953399,-1,-1,-1,-1
1297,133,479.37270992134495,562.2096111696669,174.4898896056684,182.99976245615358,-1,-1,-1,-1
1297,143,474.33940232393917,566.2655713957195,177.9220592128076,180.72789882261623,-1,-1,-1,-1
1298,143,452.95498480177173,563.1883294132653,185.9037495590087,188.17709742915304,-1,-1,-1,-1
1299,143,431.89804076890636,560.1080622774064,196.47334671210484,199.22880499698977,-1,-1,-1,-1
1300,133,412.96378534626245,559.7735421008655,199.88375643543708,208.78055869343632,-1,-1,-1,-1
1300,143,409.0652651099094,558.9226938657658,206.22890653036615,209.1430496396838,-1,-1,-1,-1
1301,133,386.45432795909824,553.667706887756,210.63455951498656,217.89551448810414,-1,-1,-1,-1
1301,143,383.9369866979711,553.4464384346738,215.6174348085902,218.00027322884978,-1,-1,-1,-1
1302,133,360.1514100983726,553.3182334228511,221.7478313106294,227.5754847308683,-1,-1,-1,-1
1302,143,358.01529169263904,553.1908886378999,225.89300947619495,227.6863267701524,-1,-1,-1,-1
1303,133,345.36372141804554,551.8835160617828,227.42119919471156,233.39608362107435,-1,-1,-1,-1
1303,143,328.00887702923393,545.5644902980251,246.67970084389134,249.67424105761472,-1,-1,-1,-1
1304,133,304.1970954776642,550.1142859795451,246.16499170107147,249.490096923024,-1,-1,-1,-1
1304,143,299.26203829623637,545.6874708836799,256.8434522939099,258.23408943408833,-1,-1,-1,-1
1305,133,264.8908539981535,546.9525531872962,262.82266478593783,265.650938369243,-1,-1,-1,-1
1305,143,282.00043430093325,543.8318383289679,264.1880345177719,265.6393419305807,-1,-1,-1,-1
1306,133,224.26077992902825,540.1181492285659,282.48932812437033,284.9111635001975,-1,-1,-1,-1
1306,143,224.49353778334404,538.2796928473085,285.90301789663545,287.12538306695444,-1,-1,-1,-1
1307,133,178.08299927194938,535.5581514462777,307.32331053263135,309.8726677298472,-1,-1,-1,-1
1307,143,176.9637970482187,532.8693723133371,310.7799425843151,313.6813670256669,-1,-1,-1,-1
1308,133,156.05736253069523,533.3813489563888,316.7209399627129,319.3443999938469,-1,-1,-1,-1
1308,143,131.35670164751141,524.6149012346201,328.8092044545582,333.08929077096025,-1,-1,-1,-1
1309,143,87.95481938088395,522.5551954275402,338.26564903081817,340.72653890187166,-1,-1,-1,-1
1310,133,33.588745668525206,512.1880472362476,356.5870842261645,356.4764763959289,-1,-1,-1,-1
1310,143,31.989052127793002,512.3708835113,357.00837204525226,357.3015051724526,-1,-1,-1,-1
1311,133,6.231475568808435,508.8539044589644,367.31735409755095,367.1982557135192,-1,-1,-1,-1
1311,143,4.518912638009795,509.0905548337279,367.70420340213616,368.0345527024233,-1,-1,-1,-1
1379,179,1406.6362604858741,376.04295076899655,528.9646677159353,341.07348782324163,-1,-1,-1,-1
1380,179,1399.1136140380315,357.5707857164397,573.3526434376456,372.4794670598611,-1,-1,-1,-1
1381,179,1400.5209986004297,340.91867179071716,613.1192243811088,404.3956435996153,-1,-1,-1,-1
1382,179,1400.6701805851048,329.1384246929272,647.325288594692,426.9569902726523,-1,-1,-1,-1
1531,183,1623.6468361125717,596.34158828477,137.14974025104902,88.99493228159758,-1,-1,-1,-1
1532,183,1670.2614530878411,594.9360681596684,143.92229603572423,93.51913308844553,-1,-1,-1,-1
1533,183,1735.5815156871934,592.4473628533636,154.93411045591392,101.02259792056213,-1,-1,-1,-1
1534,183,1790.428450253877,588.924086009871,161.52500490623743,108.27219773749584,-1,-1,-1,-1
1535,183,1829.848163265058,586.8893167995575,170.5913084888889,114.34946163373559,-1,-1,-1,-1
1542,196,1584.7337919024937,384.4320466358208,208.08095431228298,306.66255171125226,-1,-1,-1,-1
1543,196,1587.7331260343938,370.6676696944087,219.05684100663484,322.8384310845927,-1,-1,-1,-1
1768,204,1288.9425049160322,440.1752984235651,280.0909105559831,150.6187259287458,-1,-1,-1,-1
1769,204,1295.0968962343743,436.27150696648783,288.9068131762476,155.35947234788893,-1,-1,-1,-1
1771,204,1350.0806491355254,401.84665126432094,348.2498271621091,186.66587957274817,-1,-1,-1,-1
1772,204,1381.7950207498652,390.9355791483547,361.647465978084,192.5627973935932,-1,-1,-1,-1
1773,204,1402.6768767492824,372.06974736570066,403.1517048578148,214.0791385094011,-1,-1,-1,-1
1774,204,1420.39610333878,361.5111206319106,422.31493298097985,224.25506927139924,-1,-1,-1,-1
