469,35,945.7405860188843,565.7991437654756,74.38133028124037,69.22614786441488,-1,-1,-1,-1
470,35,944.2504705331816,564.4392656978425,75.92560638627617,70.59218888136161,-1,-1,-1,-1
471,35,944.9351107172866,563.2974161084749,77.90517996164465,72.38552853468411,-1,-1,-1,-1
472,35,945.6786485642954,562.2310953701144,77.66677026098284,72.40480303893196,-1,-1,-1,-1
473,35,947.4990933388285,561.1904298330672,77.7195903592974,72.3806694547203,-1,-1,-1,-1
474,35,948.5637528375833,560.1632845530231,76.956247907759,71.6921559988026,-1,-1,-1,-1
475,35,948.4379134807352,557.8265612604913,78.32695415927174,73.37717902019347,-1,-1,-1,-1
476,35,948.7129718787537,555.6678979020346,80.7611711968566,75.94919374417327,-1,-1,-1,-1
477,35,951.2966001810886,558.7463110136314,77.3398832543752,72.39143339414613,-1,-1,-1,-1
478,35,950.9847562620675,558.0387530531591,79.22078293802065,74.25384849366401,-1,-1,-1,-1
479,35,951.8395166975414,557.791689066036,79.24675979270557,74.27357722937973,-1,-1,-1,-1
480,35,952.7651335045724,559.0360424893028,80.62335697597098,75.57174673660393,-1,-1,-1,-1
481,35,951.440903550905,556.9138444541225,83.78977770744746,78.65956083835408,-1,-1,-1,-1
481,46,1461.4558294381716,512.8560971124081,152.93212955111653,162.79362096136913,-1,-1,-1,-1
482,35,951.9921623178226,557.4091040264929,84.12933318126159,79.17318406670563,-1,-1,-1,-1
482,46,1495.1884658356555,513.2813605364084,159.26699261435851,169.75940446178504,-1,-1,-1,-1
483,35,951.6537731980219,555.6743263110889,89.20852384381476,83.89874970313201,-1,-1,-1,-1
483,46,1525.7383702307995,507.09653710304957,171.08849407830257,182.6672433100445,-1,-1,-1,-1
484,35,952.2376233564862,555.026698016741,90.95582628632224,85.6716154115037,-1,-1,-1,-1
484,46,1564.7809913562487,506.2902659097282,179.1802499350929,191.84860071428795,-1,-1,-1,-1
485,35,956.6405707659748,556.0832620360079,87.73923036921803,83.10415488633646,-1,-1,-1,-1
485,46,1603.488153385191,499.4336629401637,191.45764898056996,205.6859925080987,-1,-1,-1,-1
486,35,954.8709666922039,553.9012310303888,92.06480738729329,87.28683886355384,-1,-1,-1,-1
486,46,1610.946641638963,497.5196802203875,205.7931539492863,210.75689812836254,-1,-1,-1,-1
487,35,954.041000106773,551.8157964957751,93.9877044575901,89.4635302313992,-1,-1,-1,-1
487,46,1677.0554823227963,485.833121689127,226.50827495353974,233.83843996903033,-1,-1,-1,-1
488,35,954.743935922593,551.0195044380365,93.24771307984838,88.98433315428167,-1,-1,-1,-1
488,46,1723.3398916996105,483.2746546746082,230.74614215335532,245.09627098547185,-1,-1,-1,-1
489,35,956.7297583573386,550.0888380715195,93.3599702283093,89.39000222242021,-1,-1,-1,-1
489,46,1761.8617555351677,481.75855609445364,225.90589582449707,251.8329679340377,-1,-1,-1,-1
490,35,957.2174078474619,549.3083912058329,94.47240113940973,90.45514012157605,-1,-1,-1,-1
490,46,1794.1520211687844,478.3098156920979,234.5086872622287,261.42317318229254,-1,-1,-1,-1
491,35,960.685771265725,548.8902834076399,93.46516797423715,89.58577057697039,-1,-1,-1,-1
492,35,963.308061526937,550.7343082536611,92.49483471264591,88.13779336410778,-1,-1,-1,-1
493,35,965.2949353529164,548.7596952380705,93.97311261782625,89.58931520440308,-1,-1,-1,-1
494,35,967.0220914179451,546.7321663078495,95.74384845945292,91.41921614404464,-1,-1,-1,-1
495,35,968.9873139977417,545.9800087884958,96.3158226347166,92.09307253904137,-1,-1,-1,-1
496,35,974.914339579347,550.2966694984667,93.26371011613594,88.39758113589232,-1,-1,-1,-1
497,35,974.6814727479301,548.0133018498659,95.62884241863446,90.91945341360838,-1,-1,-1,-1
498,35,977.5391375410052,544.5721234130076,96.41738945458974,91.83192865822264,-1,-1,-1,-1
499,35,978.0647744998088,545.2324422863984,96.41266222390516,92.15932019605486,-1,-1,-1,-1
500,35,978.0810188362085,543.5468742437628,97.28249282709373,93.57279087699601,-1,-1,-1,-1
501,35,978.5504292593964,540.9681822613852,98.5271377965405,95.39619080694149,-1,-1,-1,-1
502,35,980.3725535843619,542.6146175233778,96.90721297423579,94.11510108961158,-1,-1,-1,-1
503,35,980.8846257993649,541.319956536329,97.83450663837641,95.55791501756903,-1,-1,-1,-1
504,35,985.0865936507713,540.854127188235,100.53426982445387,97.38947197773564,-1,-1,-1,-1
505,35,984.7968641101365,539.397663259949,105.25017029309083,102.62731986720655,-1,-1,-1,-1
506,35,987.6084329608333,540.1440661953972,105.608725096272,103.31659253905389,-1,-1,-1,-1
507,35,987.4331418698225,539.177048053498,107.5023453286417,106.13058007371194,-1,-1,-1,-1
508,35,987.475841571569,538.1792614786,110.47398198036365,109.75717636903948,-1,-1,-1,-1
509,35,990.4688690259607,542.3150162714473,108.77125426650264,107.26075974131345,-1,-1,-1,-1
510,35,992.15001205462,545.3035652161147,108.87797975256944,106.84419620063886,-1,-1,-1,-1
511,35,994.1891867412742,547.7505895207961,109.2608359258843,105.99235649812147,-1,-1,-1,-1
512,35,1002.0482602671185,558.5432519621253,100.35722489114698,94.4492707803148,-1,-1,-1,-1
513,35,999.3523768827013,553.7879145037347,108.79630906531156,101.57328152973423,-1,-1,-1,-1
514,35,1002.1153612607158,556.7618523349506,108.90272840835439,100.0581138865681,-1,-1,-1,-1
515,35,1005.8506926530733,561.214615744916,105.4132458961858,94.78992383950117,-1,-1,-1,-1
516,35,1008.1633651812463,562.5518749815243,104.96911311571921,94.39016440649596,-1,-1,-1,-1
517,35,1010.0867975497572,561.6013016177465,106.50944183485308,93.20612822659689,-1,-1,-1,-1
518,35,1006.2001666647532,556.0499247572376,116.54571759645114,101.128905478511,-1,-1,-1,-1
519,35,1001.9784049246641,547.7225896346423,129.6974134417983,112.20729104934946,-1,-1,-1,-1
520,35,1005.0282280857516,547.0296251836786,131.0204243822186,113.31784029894652,-1,-1,-1,-1
521,35,1011.0994951781869,550.6517370850587,126.86143801017067,108.51956094487957,-1,-1,-1,-1
522,35,1007.9272003435141,542.2039188133873,138.09273272393546,118.4324804007698,-1,-1,-1,-1
523,35,1009.2247100142675,541.1450721941196,140.29149804824635,120.31734928321987,-1,-1,-1,-1
525,35,1014.0014173480915,540.6487728695622,143.34344885099972,122.37160791575263,-1,-1,-1,-1
526,35,1014.0089316417279,535.2052162221929,148.78502579331325,127.39726031876114,-1,-1,-1,-1
527,35,1015.312938195833,530.0896728653452,153.9123852413628,132.37565381693935,-1,-1,-1,-1
528,35,1018.88561206335,529.4268664380385,155.38261354882297,133.60654557160365,-1,-1,-1,-1
529,35,1025.522614933217,536.9826570262315,150.46193352015393,127.54100703320955,-1,-1,-1,-1
530,35,1023.5250175734944,531.4498898315236,158.75920214012592,134.28806572734493,-1,-1,-1,-1
531,35,1025.6774134013333,536.50930874076,157.26525267850843,131.59448510636742,-1,-1,-1,-1
532,35,1030.8121744955147,539.9050965193819,157.6474739437508,130.41285972501885,-1,-1,-1,-1
533,35,1028.9733395047413,534.6378901942368,167.7928982014514,138.45853631756006,-1,-1,-1,-1
534,35,1030.1108639740444,530.7596856236994,174.89933723953413,143.99676177813126,-1,-1,-1,-1
535,35,1032.020969276646,531.8226863913335,178.41164850582913,146.1104450034942,-1,-1,-1,-1
536,35,1034.962235302044,532.9313108943613,182.27120210306748,148.78866451871806,-1,-1,-1,-1
537,35,1036.439555257546,529.513191569918,188.6892024165677,153.6254730191381,-1,-1,-1,-1
538,35,1033.8507794154107,522.4295466367187,201.14702914616396,164.42170875721922,-1,-1,-1,-1
539,35,1039.7386515241897,526.0369664561332,198.37737289204165,160.95196656317682,-1,-1,-1,-1
540,35,1041.139731853008,524.3471295373678,204.69408306899663,165.19118823889153,-1,-1,-1,-1
541,35,1044.2288231200737,522.443068458557,207.60119429489464,166.09101580011588,-1,-1,-1,-1
542,35,1048.3110496624172,522.3894082652755,211.77299771143475,168.27460209193714,-1,-1,-1,-1
543,35,1048.5382146671404,517.2266731628654,222.94707894633189,175.50343962972886,-1,-1,-1,-1
544,35,1052.4348810740014,515.914729456533,227.10721787653142,176.92875947636696,-1,-1,-1,-1
545,35,1056.2755600346213,514.1641795498904,232.85777317714906,179.30184398992208,-1,-1,-1,-1
546,35,1063.28215089037,514.1835097885964,239.27594705041088,182.06197295563265,-1,-1,-1,-1
547,35,1064.315849488727,507.76973629181657,251.91669318629215,190.15024628523815,-1,-1,-1,-1
548,35,1063.9307016266084,501.49860953874105,264.4887665132626,198.30782268315164,-1,-1,-1,-1
549,35,1067.9459850461274,500.37012367380555,270.33721305774407,201.4058688000423,-1,-1,-1,-1
550,35,1071.1757383849658,498.0823714795144,281.17739301864685,208.27218457328246,-1,-1,-1,-1
551,35,1072.8196667001378,494.69452239998054,291.33016848667876,215.95040960595156,-1,-1,-1,-1
552,35,1078.8338731191275,492.79405121613956,300.17824897629293,220.75154282205756,-1,-1,-1,-1
553,35,1080.6243931505353,490.84290407554573,310.8290795486432,226.97830572068432,-1,-1,-1,-1
554,35,1082.4174923610724,489.50947250541014,322.0174541120916,234.39686728994172,-1,-1,-1,-1
555,35,1087.4472621676762,486.4982717967017,328.2168098763584,236.52152702549006,-1,-1,-1,-1
556,35,1091.6032944992553,484.7478600981896,338.0627808096176,241.68037409134234,-1,-1,-1,-1
557,35,1104.0342780375138,484.1367015815698,343.62302190892206,241.61089605179814,-1,-1,-1,-1
558,35,1104.6746648601002,482.03978631876294,358.9071619992519,248.5280139626011,-1,-1,-1,-1
559,35,1112.1005588988214,478.0728019078301,372.5190592746917,254.28195437777867,-1,-1,-1,-1
560,35,1115.586150637565,469.5120149364143,396.0917554906696,268.60788331203275,-1,-1,-1,-1
561,35,1127.978554432146,468.79931091550736,408.17151347968274,273.40202887165196,-1,-1,-1,-1
562,35,1126.8833848576185,459.6438344369726,436.554869565555,290.49751065844566,-1,-1,-1,-1
563,35,1133.7153705522962,458.69059613904074,447.82048443959025,293.8297344974112,-1,-1,-1,-1
564,35,1139.9638125773931,452.6760993760009,466.28572778775174,301.9397361559815,-1,-1,-1,-1
565,35,1146.8762220532046,445.94404167318,490.1463959177213,313.8737250277552,-1,-1,-1,-1
566,35,1150.6174079680954,430.02831713822707,534.3718913066577,339.3795297766644,-1,-1,-1,-1
567,35,1154.4627806120964,418.24155066576503,567.142939950664,357.35767113296157,-1,-1,-1,-1
568,35,1159.1053398864494,409.2206774664472,599.1764720199978,375.676931256466,-1,-1,-1,-1
569,35,1164.3872704069188,394.4388549019226,642.7469856873404,401.61286027539666,-1,-1,-1,-1
570,35,1174.1984614404264,385.55984949901307,679.0205102726231,421.70165589834784,-1,-1,-1,-1
571,35,1168.2762349482803,371.5032417525171,730.1012949975523,452.05529095161324,-1,-1,-1,-1
572,35,1161.2289405119259,354.2055855795837,767.8721965675718,476.9783188791838,-1,-1,-1,-1
573,35,1142.4230549425374,334.2784583487048,819.0942814540624,514.803032856752,-1,-1,-1,-1
574,35,1141.8708039674295,309.724045638735,833.6860419396533,530.892031855873,-1,-1,-1,-1
575,35,1114.2438468393543,270.4299121271028,896.4127507450066,584.0069387133892,-1,-1,-1,-1
576,35,1113.7844355206041,258.4670371209358,925.0331205960279,602.6352664666877,-1,-1,-1,-1
588,68,1364.37055433989,209.12747461337727,587.4605185599585,656.6069313681696,-1,-1,-1,-1
589,68,1370.0666018896723,194.2889068419696,602.4394683335108,678.2686488695495,-1,-1,-1,-1
590,68,1391.400802073594,187.36407823205855,604.5853964029977,689.4694714077318,-1,-1,-1,-1
591,68,1394.5689657171074,157.83794914532922,614.4140061446546,711.8510208890677,-1,-1,-1,-1
591,69,1318.0246006436346,483.3422370342993,173.98310834295216,190.13610870908315,-1,-1,-1,-1
592,68,1418.3369462279227,120.9288450479799,611.9456114018628,726.262582856142,-1,-1,-1,-1
592,69,1338.9287832363966,474.77628172167897,203.56524075673315,221.30746965969865,-1,-1,-1,-1
593,68,1426.201127758059,105.03905167260632,622.9937836794215,739.3747734242147,-1,-1,-1,-1
593,69,1354.730752799354,470.4452413469439,210.98178957654181,229.37042329908462,-1,-1,-1,-1
599,71,1464.9732174271555,414.35102221407726,491.86765210592694,306.04372168812483,-1,-1,-1,-1
600,71,1468.3803288351392,408.7645175592079,512.2093082754668,318.70045370734215,-1,-1,-1,-1
836,83,1293.7637480577089,470.1973458339447,279.41108571672567,121.97214091368255,-1,-1,-1,-1
837,83,1316.8795487920077,459.8944790686174,308.5305236995657,134.7812046274052,-1,-1,-1,-1
838,83,1341.8664053448456,448.9036812243071,348.65309127540763,152.87543251161037,-1,-1,-1,-1
839,83,1370.2788488116,433.88696256952295,383.2730058733184,168.64591560422326,-1,-1,-1,-1
840,83,1406.8326994881595,419.84579103003716,419.4563547085586,184.82734064260512,-1,-1,-1,-1
841,83,1433.3790946821289,401.2674235079258,475.95861396721466,211.11691119890776,-1,-1,-1,-1
842,83,1454.625325069376,390.5387241252332,505.38344576263967,224.16864374263366,-1,-1,-1,-1
863,66,774.8357576703069,596.6629649338274,82.51638448458868,61.08884973040381,-1,-1,-1,-1
872,66,763.6340168132707,595.7769176557388,86.04109287987853,64.45170728746848,-1,-1,-1,-1
872,81,765.1991513844209,596.9330250345008,82.80739083346259,62.5307621710092,-1,-1,-1,-1
873,66,763.4021153534645,595.8496432073733,85.04813500058731,64.35473034069844,-1,-1,-1,-1
873,81,763.8675683947291,596.2564752981709,84.00978341920904,63.78713675615495,-1,-1,-1,-1
874,66,763.3090078582312,597.1879648396423,83.40368766312383,63.690445777376,-1,-1,-1,-1
874,81,763.3377203330615,597.2888772850473,83.27971019938025,63.60258561600256,-1,-1,-1,-1
875,66,761.8566541346036,597.0330097535953,84.36400163133294,64.74390416492201,-1,-1,-1,-1
875,81,761.7454014985165,597.0520605204701,84.54105767971419,64.79485464966251,-1,-1,-1,-1
876,66,760.2587849416536,596.9778515950057,84.2599179276275,65.12083495187153,-1,-1,-1,-1
876,81,760.061587716815,596.9659420949054,84.63742768723785,65.22533835091542,-1,-1,-1,-1
877,66,758.4796932592478,598.9351456475428,83.33839700184751,64.58208532302262,-1,-1,-1,-1
877,81,758.2714721655287,598.8902903689886,83.76847008489074,64.7093068790382,-1,-1,-1,-1
878,66,756.9759238690702,599.0252291198038,84.72113578656467,65.67414780772333,-1,-1,-1,-1
878,81,756.7775959021818,598.9832845699349,85.12218805721454,65.78772960338699,-1,-1,-1,-1
879,66,755.6175935416796,599.0547256979456,86.24224327475372,66.72517526271417,-1,-1,-1,-1
879,81,755.4412191934308,599.0166515454549,86.59139509691715,66.8267394233626,-1,-1,-1,-1
880,66,755.0752532062961,601.0240130919246,84.33217022583119,65.14447953694548,-1,-1,-1,-1
880,81,753.9136366726378,599.077930220721,87.56104146228108,67.57532591860763,-1,-1,-1,-1
881,66,751.0008345951538,601.1164731228057,87.44548888806946,67.82112095414993,-1,-1,-1,-1
882,66,749.365812124919,601.4133664827699,88.22006344910142,68.42859686669362,-1,-1,-1,-1
883,66,747.1347011905401,601.9331909286204,92.1440453084657,72.08598690932433,-1,-1,-1,-1
884,66,745.6553142669667,602.0864958213518,92.729077476518,73.0006832483599,-1,-1,-1,-1
884,79,745.0539455104066,620.8751105554193,91.42154637111446,56.47358135153149,-1,-1,-1,-1
885,66,741.6178033543883,600.835265283523,98.02121624043957,77.87365277070512,-1,-1,-1,-1
885,79,743.0416898974246,621.4543943232327,93.44248839655131,57.72250488399709,-1,-1,-1,-1
885,81,737.0393193629064,598.1098167213878,106.31488932205912,83.91464393935428,-1,-1,-1,-1
886,66,739.4260978732984,600.9952618050664,96.93062509908907,77.15400636162781,-1,-1,-1,-1
886,81,734.6932789976535,598.0680980003135,108.55236036902227,85.68118878316363,-1,-1,-1,-1
887,66,738.2121245307601,601.0516833805002,96.62569324858396,76.79373832199315,-1,-1,-1,-1
887,81,736.8224922188714,600.2653660707989,99.96876479892796,78.82816617335095,-1,-1,-1,-1
888,66,737.9951817531887,603.0255436796057,92.19123223635688,72.69924466699797,-1,-1,-1,-1
888,81,734.8246230809971,600.3962773340448,101.36566983040336,79.93012657210045,-1,-1,-1,-1
889,66,736.5449327691593,603.1154065528704,91.34790956276674,71.72529637124285,-1,-1,-1,-1
890,66,734.8616608630967,603.4124901268292,91.7566891653704,72.05366946471304,-1,-1,-1,-1
890,79,730.688591656622,619.4670183823829,99.45267581425139,61.25897012844325,-1,-1,-1,-1
891,66,728.4433854711817,600.8178903313178,102.00789355252732,80.6589426628293,-1,-1,-1,-1
891,79,728.5029937666391,619.6574163666579,101.12927945070476,62.29224946977695,-1,-1,-1,-1
892,66,724.5292994217862,601.5774986348232,104.996145858001,83.88971990455946,-1,-1,-1,-1
892,79,722.5526597223856,613.6937086136738,109.20560577309129,69.34370216002014,-1,-1,-1,-1
893,66,721.1338482209163,599.3077370775072,106.79140190764997,86.38755692814073,-1,-1,-1,-1
893,79,719.907013795544,613.3208834522839,111.69891091004092,70.927764128342,-1,-1,-1,-1
894,66,718.569431580501,599.156465353402,108.64029234005272,87.89325689032796,-1,-1,-1,-1
894,79,719.5522683846734,616.7655196273215,106.80323994846776,68.34685661983872,-1,-1,-1,-1
895,66,719.883266580128,602.0314015712006,106.1421860244842,86.06659054289844,-1,-1,-1,-1
895,79,717.0742270448574,616.7184690454104,108.72177715850842,69.57548835317493,-1,-1,-1,-1
896,66,721.9497685974367,609.4127708905487,95.05927704712428,75.71071104830287,-1,-1,-1,-1
897,66,716.6364815268871,603.1775331294414,103.29322550903578,82.83779379144903,-1,-1,-1,-1
897,79,710.6917215430345,611.098909888524,112.24612901627916,72.83954414838877,-1,-1,-1,-1
898,66,714.2341279840604,601.7819930795836,104.64629238459406,83.90999140824806,-1,-1,-1,-1
898,79,706.8839066453936,603.5145659805116,117.00405999748978,77.3832074563195,-1,-1,-1,-1
899,66,718.9859630963051,616.2070396760396,88.71748591845369,68.00591155612733,-1,-1,-1,-1
899,79,704.0399822682782,602.3329470701997,119.41861591895963,78.98144931166678,-1,-1,-1,-1
900,66,717.7413513965969,617.6016162368778,87.60640895063602,67.16045587212034,-1,-1,-1,-1
900,79,700.1234281905713,598.773376953281,122.29925816946695,82.40602470568467,-1,-1,-1,-1
900,81,706.9857015112458,598.1075999845217,112.40366921383418,89.11265663800987,-1,-1,-1,-1
901,79,697.1906719807066,598.4378446263077,125.96678468182006,86.66547697136775,-1,-1,-1,-1
901,81,704.9205405356483,598.6975156240566,111.75412423363969,88.59819009282444,-1,-1,-1,-1
902,79,694.0991560120527,597.1405915296237,128.83662617521247,88.64186200269728,-1,-1,-1,-1
902,81,709.7463073929334,615.443914197298,94.55246637477626,69.9025611484783,-1,-1,-1,-1
903,66,697.9454353881076,599.2141788537068,110.67088144127388,85.00106605217104,-1,-1,-1,-1
903,79,688.2670105110248,595.2097236561594,132.88887850679316,93.15901663134264,-1,-1,-1,-1
903,81,708.6680372386164,617.1921678084423,92.74374884526094,68.565342466218,-1,-1,-1,-1
904,66,694.920933653578,598.1177326281045,112.48759513910113,86.404475677439,-1,-1,-1,-1
904,79,684.8725758242189,593.8597131218311,136.0066172091349,95.34695685126883,-1,-1,-1,-1
904,81,701.9249818768451,615.67443044016,98.02542958208028,70.35441723974759,-1,-1,-1,-1
905,66,693.8488640917705,597.756570057882,110.32644103073937,83.4445627267072,-1,-1,-1,-1
905,81,697.7938397881376,615.6144495368957,101.51568959925703,71.20562870338313,-1,-1,-1,-1
906,66,688.5843184141828,596.2376198094985,116.08904589800886,87.51291677877975,-1,-1,-1,-1
906,79,681.4570904969034,595.9461653884006,132.70103605648615,94.21307963382048,-1,-1,-1,-1
906,81,695.9804536041224,616.7274788026325,100.56777393764958,70.54035174454896,-1,-1,-1,-1
907,66,685.5805549557717,595.1603417242903,117.80905012801145,88.81717778438212,-1,-1,-1,-1
907,79,678.1647259321521,594.9920081585832,134.2252244803002,96.66668338036504,-1,-1,-1,-1
908,79,676.1884664138873,594.0079379363729,133.8199745941822,97.52202572104625,-1,-1,-1,-1
909,66,681.3931399115829,610.3387039611827,106.54976758607052,78.69017227115103,-1,-1,-1,-1
909,79,672.9924743936868,593.0370806493792,136.18194807227155,99.24629566579006,-1,-1,-1,-1
910,66,672.0405742280572,599.5608104136037,123.49864662814969,91.76006167879098,-1,-1,-1,-1
910,79,668.9064083864303,594.3038258763315,133.35533186175292,97.94220023397179,-1,-1,-1,-1
911,66,668.8562319573357,601.4457743474486,123.91870978895884,91.85587516246801,-1,-1,-1,-1
911,79,665.5871853358326,593.5413063126043,135.3149252002711,99.38450645019839,-1,-1,-1,-1
912,66,662.9013613986683,597.097541119937,130.4251822104676,96.97825998087296,-1,-1,-1,-1
913,66,656.4618572592653,594.1702006260265,136.2357236761178,102.09711576276686,-1,-1,-1,-1
913,79,656.4869778516054,596.1875461323264,135.67770783265098,100.36991437561187,-1,-1,-1,-1
914,66,651.8320770775026,593.041370250241,139.04485247715104,104.69886197670883,-1,-1,-1,-1
914,79,652.9047444041939,595.8062505613601,137.38831947801953,101.63864737019298,-1,-1,-1,-1
915,66,648.9788674451804,591.352463907472,143.0186664499529,107.57578252912549,-1,-1,-1,-1
915,79,651.8544707726659,595.0929239081386,139.7043957334737,102.97974708223194,-1,-1,-1,-1
916,66,644.8404079969417,590.7241370949796,143.74843731056512,107.99625893991208,-1,-1,-1,-1
916,79,646.2099373012937,593.5581994657565,142.4082777176676,105.42029258700018,-1,-1,-1,-1
917,66,640.030832081782,589.2300315775653,146.07158391109522,110.01079227708385,-1,-1,-1,-1
917,79,641.5997268553176,591.7112044588606,145.34311306753693,108.23472596860358,-1,-1,-1,-1
918,66,634.2629408426757,588.6856888459781,149.7960971347842,113.30352497704621,-1,-1,-1,-1
918,79,636.751208868951,591.0192162112232,148.2624805392818,111.21158774457683,-1,-1,-1,-1
919,66,629.8440582773139,588.5071531857881,152.55658500753805,115.80356798910361,-1,-1,-1,-1
919,79,633.0753143831569,591.4178378996135,148.64718517124106,111.66972620437161,-1,-1,-1,-1
920,66,626.6169387512189,587.8312225838949,152.32516869320148,115.42307775839322,-1,-1,-1,-1
920,79,629.2125472215474,590.8603362624755,150.7159377571836,113.22780030974036,-1,-1,-1,-1
921,66,622.8764853954522,587.6070969760815,152.87361762997625,115.83037094448025,-1,-1,-1,-1
921,79,624.171966313052,591.6021625483147,147.11371089485237,110.35628358169629,-1,-1,-1,-1
922,66,618.694760466651,587.5536247726955,154.2209127932017,116.57025666863774,-1,-1,-1,-1
922,79,618.0090876773872,589.7046362980984,150.97149751813663,113.86091688421038,-1,-1,-1,-1
923,66,613.704400203827,588.2142027256425,154.55456014027652,116.7921176989829,-1,-1,-1,-1
923,79,614.6624481620141,589.0430549166157,153.40538420456085,115.08331845021678,-1,-1,-1,-1
924,66,606.0877135552954,585.2361747550507,161.73137704013254,122.6862110834494,-1,-1,-1,-1
924,79,609.4238580446308,588.1581742130942,157.27395699070712,117.45754658025294,-1,-1,-1,-1
925,66,602.2610109836608,584.7651587167345,164.5392020960653,124.88336340052604,-1,-1,-1,-1
925,79,605.6039157509506,588.4869550880168,159.99071911567137,118.9724883757874,-1,-1,-1,-1
926,66,597.7640242967339,583.9147568810129,167.1710040390825,126.89208943802021,-1,-1,-1,-1
926,79,599.6599515577753,587.9868891374987,164.3599374567067,122.10468273182096,-1,-1,-1,-1
927,79,591.7274314328946,587.8110180446444,167.8288443422798,124.55502406972607,-1,-1,-1,-1
928,79,584.1157243649495,587.7611675638618,171.9947584582418,127.38981777471167,-1,-1,-1,-1
929,79,576.4333467367409,589.0504280701891,172.97323490086887,127.78347902711891,-1,-1,-1,-1
930,66,570.7150342256184,585.4286957665756,177.67844907152335,134.99239839457368,-1,-1,-1,-1
930,79,570.7276069165775,589.5711529786773,175.17037424651005,129.16424491180544,-1,-1,-1,-1
931,66,565.4774930266058,584.9787544774211,180.31337680279307,137.00645284184623,-1,-1,-1,-1
931,79,565.3596410253368,589.7800348978612,178.74255506557017,131.5873796530492,-1,-1,-1,-1
932,66,558.5612964759318,586.4517769394279,182.85978759291493,138.2263955224755,-1,-1,-1,-1
932,79,558.0845260240936,588.5699717791754,184.32228161715045,135.7056279354398,-1,-1,-1,-1
933,66,549.7421096055232,586.7241656426233,186.46470189842444,140.05657716653388,-1,-1,-1,-1
933,79,549.535547822781,587.4643243213782,189.180134125579,139.8180921791395,-1,-1,-1,-1
934,66,543.3489377448394,586.1738340791576,188.43313075626327,141.34499321361523,-1,-1,-1,-1
934,79,543.7926423807284,587.1199109081912,192.11660781697344,141.99288391807033,-1,-1,-1,-1
935,66,537.168812001258,585.3201285965249,189.7865936933248,141.7736950181395,-1,-1,-1,-1
936,66,531.0244820462041,585.6536882324368,192.29933487431504,142.5210449743788,-1,-1,-1,-1
937,66,524.087502306704,586.4456522949054,193.6157175473528,142.0924453538396,-1,-1,-1,-1
938,66,516.2966619672819,586.1036396251743,196.87306660507477,143.1754801691335,-1,-1,-1,-1
939,66,505.85788324167515,585.9787273873225,202.27349434390135,146.15553551961182,-1,-1,-1,-1
940,66,494.306627565747,583.984103903509,211.98517721206508,153.10292291005214,-1,-1,-1,-1
941,66,485.3109932341887,582.5834316671451,218.04883929749667,157.64639371470855,-1,-1,-1,-1
942,66,476.6322514363495,582.0461936107166,221.45565251769176,159.99741748228337,-1,-1,-1,-1
943,66,466.1939608458159,581.2064323634332,225.64336728082878,162.1215670825842,-1,-1,-1,-1
944,66,449.01713123358275,580.8973768935482,239.6736121944832,170.63483775956536,-1,-1,-1,-1
945,66,437.30214111620455,580.7896210061925,248.555885343147,175.11614338306322,-1,-1,-1,-1
946,66,425.69344418895264,579.4815505912543,257.49900684044246,179.98985043609173,-1,-1,-1,-1
947,66,417.57419519007976,579.6263403250839,262.7956849207528,182.43690507839483,-1,-1,-1,-1
948,66,404.2799225411487,577.7684264276363,272.02777802771277,188.43508204981765,-1,-1,-1,-1
949,66,387.0721048559665,574.4991084700033,282.7761104456954,196.43532798919512,-1,-1,-1,-1
950,66,377.90129355319675,575.791808021686,283.9587240521919,196.90906131375561,-1,-1,-1,-1
951,66,367.01460085861083,576.3439807770422,286.5996421588135,198.21931715641335,-1,-1,-1,-1
952,66,354.54802599376217,575.9323021690027,292.9687741370976,201.8421104205445,-1,-1,-1,-1
953,66,340.8723608590829,576.4361142577118,301.35835494363886,207.65483443926087,-1,-1,-1,-1
954,66,327.2311146289245,576.0032608701056,307.61030434590634,212.37468496700546,-1,-1,-1,-1
955,66,309.04723432556074,570.0536060985332,320.20001593485796,222.4652974821945,-1,-1,-1,-1
956,66,296.71811086037155,571.5912443513671,324.5742926845461,225.63826130991572,-1,-1,-1,-1
957,66,284.90189657556783,571.5981616378774,326.02772958814154,225.43476960533644,-1,-1,-1,-1
958,66,270.1559686881496,572.9271465718723,334.5497806449171,229.72885361433407,-1,-1,-1,-1
959,66,252.15697646693692,572.8090778473578,343.64546381279933,234.49341102577205,-1,-1,-1,-1
960,66,234.6296998241966,572.7786022109576,351.43849493867197,238.7948429069786,-1,-1,-1,-1
961,66,214.50099401907192,572.7816902290253,363.6629003476789,246.143427754306,-1,-1,-1,-1
962,66,198.5996120988062,570.865835214542,374.91713903698985,252.08224628660992,-1,-1,-1,-1
963,66,180.75831487073637,572.0595279121331,376.88349633280757,251.68247607825424,-1,-1,-1,-1
964,66,157.3925871401265,571.2502633255522,385.89863707057236,255.88497154107404,-1,-1,-1,-1
965,66,134.02250476788583,570.3035768018376,400.0807086904259,263.1994632945409,-1,-1,-1,-1
966,66,120.58630925680944,568.6617763187924,395.12026514090013,255.59104714370983,-1,-1,-1,-1
967,66,102.17816307027115,568.0355256717412,401.5487473994739,256.95027466220563,-1,-1,-1,-1
968,66,74.84851175744015,563.2405802572139,418.72374621740914,265.2137774206449,-1,-1,-1,-1
969,66,53.485323474582174,561.4383646900837,425.90586629116865,266.9729920275562,-1,-1,-1,-1
970,66,32.42290170892443,559.4737918852962,427.9088197397217,264.2556400664414,-1,-1,-1,-1
971,66,14.354358673254609,556.1350308557244,438.56563592721307,268.97149993865844,-1,-1,-1,-1
972,66,-0.48966456254075297,556.2130846752713,450.9968745909489,276.5337645341971,-1,-1,-1,-1
973,66,-11.436821582692403,557.5810663865028,460.0291666247879,283.2249983734663,-1,-1,-1,-1
973,96,1448.6114650929637,471.3351810501523,430.69691164757864,211.58929591064043,-1,-1,-1,-1
974,66,-21.44524040461502,558.154130220265,466.2999650457215,289.58194258242156,-1,-1,-1,-1
974,96,1490.094379444425,463.6885793320462,453.22920850011496,224.1126427522929,-1,-1,-1,-1
975,66,-40.12031377679901,554.5293287190296,490.1547922594192,310.0258075462342,-1,-1,-1,-1
975,94,1204.4866441982954,575.3598754538064,76.87113375353533,66.87596942769403,-1,-1,-1,-1
975,96,1507.6528864082586,453.5176876161008,475.55929201261165,238.13398136807353,-1,-1,-1,-1
976,66,-41.13231395778763,553.1575615465902,472.84097802382945,303.8074602831505,-1,-1,-1,-1
976,94,1219.9220540621973,575.2272167987318,80.51643609233338,69.16227018624261,-1,-1,-1,-1
976,96,1521.2139069707991,447.5189397952946,504.00360950439995,252.37734496554583,-1,-1,-1,-1
977,66,-40.454314594571656,554.620351828314,453.92068486956686,296.3798218766507,-1,-1,-1,-1
977,94,1234.9630659055138,573.9432623985705,85.17890798202166,71.89839305512658,-1,-1,-1,-1
978,66,-60.998068707090994,551.2792390327143,476.7317463629322,320.3261227290192,-1,-1,-1,-1
978,94,1248.0063994102816,572.8453862115317,89.94421221790367,74.81056382405927,-1,-1,-1,-1
978,98,1362.87264179943,578.5413860606888,101.97450982027499,96.38745954455828,-1,-1,-1,-1
979,66,-73.77253203926719,551.9635170879397,480.3761184436902,333.5491020072284,-1,-1,-1,-1
979,94,1264.2169929490394,569.9011827619312,96.39372554895658,79.0696102491944,-1,-1,-1,-1
979,98,1398.3016015376836,575.8285345185853,111.86675892317339,105.36275281575354,-1,-1,-1,-1
980,66,-77.99400631917996,543.3432805047189,468.780035945731,337.3527348082189,-1,-1,-1,-1
980,94,1279.8473038711115,568.1437839795185,105.12719866082148,85.11167685121143,-1,-1,-1,-1
980,98,1438.311736465864,572.141153633655,125.59178779133254,117.2672897905203,-1,-1,-1,-1
981,66,-79.68364283425453,543.1789373470031,447.72315408954546,334.09097676534464,-1,-1,-1,-1
981,94,1297.9787937687695,565.6019210261799,111.08640699556736,88.70137884279427,-1,-1,-1,-1
981,98,1484.0632332701844,570.1161750915844,136.84623621229343,125.53548542747467,-1,-1,-1,-1
982,66,-97.4862548479785,529.5054828963097,466.23732881378794,363.82910144310404,-1,-1,-1,-1
982,94,1318.537798818585,562.7315406606155,122.09887298616513,95.72243569173293,-1,-1,-1,-1
982,98,1538.670977432238,566.1699610420218,152.15042914117453,135.59999405641054,-1,-1,-1,-1
983,66,-104.38648802559553,528.199583982462,457.34482815800493,374.26362841022285,-1,-1,-1,-1
983,94,1337.7834977294417,561.6241048131044,133.6293177877958,103.42947088669973,-1,-1,-1,-1
983,98,1600.0446020631516,562.7515452782831,169.5593756650967,145.07573365063638,-1,-1,-1,-1
984,66,-119.98328323163938,525.6485601041161,466.7350231301002,381.99706048830274,-1,-1,-1,-1
984,94,1363.2863908719423,559.9794935925343,140.56953819963132,107.08919782602914,-1,-1,-1,-1
984,98,1656.727842700458,556.4117596855207,191.8261991895822,158.70259400497207,-1,-1,-1,-1
985,94,1391.7883604985666,558.740702306969,146.99090487682724,109.70161326374887,-1,-1,-1,-1
985,98,1698.997165879665,552.658260724671,209.26243904917192,172.69557824368007,-1,-1,-1,-1
986,94,1424.2832544566982,555.772911082773,156.913899312917,115.04451471888297,-1,-1,-1,-1
986,98,1741.581854800539,550.5688503731704,213.66647076172262,181.30899116530713,-1,-1,-1,-1
987,94,1451.3629368239538,551.4978002634798,173.59887287853894,125.86298068223425,-1,-1,-1,-1
987,98,1779.4266676133248,547.8442567440577,224.35360771868227,190.37761965229663,-1,-1,-1,-1
988,94,1491.679694411468,549.8295738233662,187.22487450582435,133.80182950385438,-1,-1,-1,-1
989,94,1530.6048502134997,547.9644203437184,207.71501724437348,147.4903535292218,-1,-1,-1,-1
990,94,1580.3102505360862,544.1765231257566,218.3032478638945,152.92030599447378,-1,-1,-1,-1
991,94,1626.7430099494597,542.0483956500518,238.0442161852891,165.57821032297863,-1,-1,-1,-1
992,94,1669.0055476113143,539.3808613973314,248.76305123561815,175.47472083980608,-1,-1,-1,-1
992,105,1664.3975654172084,537.8291440120697,273.8885208493771,180.2524410031598,-1,-1,-1,-1
993,94,1709.3428390396311,536.4881509886756,251.93219952176855,184.94088303565582,-1,-1,-1,-1
993,105,1694.5450395786952,533.7972450220985,286.2252790741329,191.78893696460523,-1,-1,-1,-1
994,94,1736.0093157474773,534.3381949459573,260.5596164627516,191.27396110236668,-1,-1,-1,-1
994,105,1717.3180529607394,531.2264313505179,297.3948951236887,199.27328879281072,-1,-1,-1,-1
1004,108,1370.141691479847,574.8417286620212,78.76816370282427,68.31654267595775,-1,-1,-1,-1
1014,109,1635.779286282325,546.0900914827353,145.49153453806025,110.44128985402256,-1,-1,-1,-1
1015,109,1652.240452461997,543.2990689779563,150.2020694112398,114.017013915284,-1,-1,-1,-1
1053,122,1263.5272974555398,576.1175878334212,96.47953795909348,58.494665530120756,-1,-1,-1,-1
1054,122,1285.5815504968548,578.2028253882322,96.19489193324557,58.32282813447216,-1,-1,-1,-1
1055,122,1304.3959330932255,573.9860716555414,105.4241000042889,63.91139698363122,-1,-1,-1,-1
1056,122,1325.408871510608,569.8874503198223,115.42031761293447,70.3970383055215,-1,-1,-1,-1
1057,122,1348.7606101669248,567.0145288027319,122.45854462463467,74.82757162607277,-1,-1,-1,-1
1058,122,1375.8089819663944,564.6244755544958,129.92003175281366,79.05934443177512,-1,-1,-1,-1
1059,122,1406.207009662845,563.0692080070527,137.42538149874326,83.19328462903627,-1,-1,-1,-1
1059,131,1407.7921802454189,562.4555778603553,141.41582035561055,83.66715237548954,-1,-1,-1,-1
1060,122,1441.0749225417749,560.6093690536156,145.5032234465441,87.2823566633192,-1,-1,-1,-1
1060,131,1442.5430481268943,561.2177749121718,148.23106408080298,87.45229192188651,-1,-1,-1,-1
1061,122,1458.773492055973,559.0865891286126,150.48018768716202,90.26787057655531,-1,-1,-1,-1
1061,131,1480.8703690432828,556.5617736524749,165.75400014967636,97.87284358782256,-1,-1,-1,-1
1062,131,1524.803335795018,553.5917015264698,182.1535366521157,107.50475097548303,-1,-1,-1,-1
1063,131,1577.9981713801803,551.8468506642253,190.0095591802617,111.76063703995658,-1,-1,-1,-1
1064,131,1635.4431593540064,548.6578748027204,202.0460849538565,118.36377096884848,-1,-1,-1,-1
1064,133,1639.5249816569994,548.8551872169139,197.05754940380484,116.02316723332319,-1,-1,-1,-1
1064,134,1052.7177537971295,535.2620141521952,72.76620822448808,76.80584562822946,-1,-1,-1,-1
1065,131,1691.6747095818125,543.6370188501648,218.2003970310309,128.44720384479433,-1,-1,-1,-1
1065,133,1690.0368189947317,540.4401041639635,222.78939736816938,131.5131218398302,-1,-1,-1,-1
1065,134,1048.3130825511016,532.0582375062775,79.01937125647282,83.15685573705537,-1,-1,-1,-1
1066,131,1737.0579667753843,537.304361859463,226.7196440436976,137.96217602193485,-1,-1,-1,-1
1066,133,1726.59027415699,536.6258891461242,234.6982944198396,138.54297273050497,-1,-1,-1,-1
1066,134,1049.3653553709516,531.7049460677583,80.11074689494399,83.81907079539997,-1,-1,-1,-1
1067,131,1775.9945207744663,534.4602184529401,237.28626439638356,144.39213939264516,-1,-1,-1,-1
1067,134,1056.0752825450638,530.9489347996499,80.94758605245329,83.88340405822453,-1,-1,-1,-1
1068,134,1057.902388515732,530.0993857953814,82.57119664446145,85.56589636389276,-1,-1,-1,-1
1069,134,1062.1613517222006,526.6370778501426,82.8252937181478,84.63679396937437,-1,-1,-1,-1
1070,134,1070.3394597783165,524.4251886755254,83.39164786527454,83.8961884572791,-1,-1,-1,-1
1071,134,1073.5581770848498,523.0330536066645,84.37294950200203,84.8834139286364,-1,-1,-1,-1
1074,134,1086.7090250338722,511.8591094403092,98.36716054604722,95.99892818015428,-1,-1,-1,-1
1075,134,1090.9908290462793,507.92205431292547,105.0118815993203,99.93439673521226,-1,-1,-1,-1
1076,134,1095.2130577420746,503.2863364021443,114.26337249641529,107.14448560940622,-1,-1,-1,-1
1077,134,1100.6742735378596,500.2748889795793,120.73548265680279,111.15387980377733,-1,-1,-1,-1
1078,134,1104.4195703045527,497.25259631874053,127.46890521358478,115.84866199812768,-1,-1,-1,-1
1079,134,1109.1731363691179,492.9624208783636,132.76638053278225,118.893893407691,-1,-1,-1,-1
1080,134,1116.2063587928951,488.7978622178035,138.84441546301127,122.55420950306177,-1,-1,-1,-1
1081,134,1120.7987892396927,485.91592474801837,142.1795328720193,125.49788514941702,-1,-1,-1,-1
1082,134,1131.8342005444126,479.25003006152104,154.20414729031472,133.37142096139343,-1,-1,-1,-1
1083,134,1138.8310669963369,475.3729711445603,162.15282377915787,137.54864024147582,-1,-1,-1,-1
1084,134,1144.2892619567951,472.1188674574764,166.1887744981184,140.97197567228613,-1,-1,-1,-1
1085,134,1167.6863493758126,469.717016923808,173.59524943417,145.59999532385092,-1,-1,-1,-1
1086,134,1176.715437753419,461.62359102423477,188.59895066713943,153.60413748962935,-1,-1,-1,-1
1087,134,1180.6674135473831,454.2102052266001,204.88845667315013,164.15056862639346,-1,-1,-1,-1
1088,134,1189.3602904451307,449.4841561579421,219.82707626807655,171.98562206854336,-1,-1,-1,-1
1089,134,1197.8009013544965,442.67051630353643,236.74285158077964,182.5548527997342,-1,-1,-1,-1
1090,134,1209.0920719296232,433.1643190725157,254.6706361977249,194.16527267204833,-1,-1,-1,-1
1091,134,1223.0246768083312,425.7087200091246,274.9869167958309,207.43821037461157,-1,-1,-1,-1
1092,134,1237.2223519951895,413.4820031020848,295.2919015990162,220.7337853368503,-1,-1,-1,-1
1093,134,1255.5103331349771,403.06075962510386,315.72428051340944,233.41663038086494,-1,-1,-1,-1
1094,134,1275.1868949227983,391.51001504572133,340.4750682069489,248.3378685152715,-1,-1,-1,-1
1095,134,1291.7746406948395,375.1775541015589,374.7061796418309,270.9698034429345,-1,-1,-1,-1
1096,134,1317.4354321307187,355.17048520976164,401.65694041334996,287.9292999855202,-1,-1,-1,-1
1097,134,1339.8754807306432,334.1257971777846,437.53904762495745,310.7569197647826,-1,-1,-1,-1
1098,134,1363.5334224386506,310.97221599869886,478.8578564147474,335.8315326893189,-1,-1,-1,-1
1099,134,1375.282276184913,282.0241684102868,526.274362038577,369.2212044084816,-1,-1,-1,-1
1100,134,1381.4012070943215,252.07282009636802,562.8768529226243,399.7251441551932,-1,-1,-1,-1
1101,134,1385.055024415655,218.50498383883192,593.5627116268693,431.01788595846847,-1,-1,-1,-1
1102,134,1378.2416272738467,158.93704921483814,649.9141881695493,490.221423323095,-1,-1,-1,-1
1103,134,1397.6359203845373,127.15452046905392,661.2447343656354,521.8464742057151,-1,-1,-1,-1
1104,134,1438.6591970466234,126.55393425935318,630.6816850724449,522.3260452639713,-1,-1,-1,-1
1105,134,1477.6882136203767,106.97006636490852,611.6521799391612,536.7650670071112,-1,-1,-1,-1
1106,134,1491.0508613211462,90.51436681485637,631.2980426658985,554.0067490238973,-1,-1,-1,-1
1243,145,767.8346226864492,584.0760744825693,76.7916671845752,72.57164287277783,-1,-1,-1,-1
1244,145,764.846504379163,583.3875724345021,75.50619220792987,72.35136959033287,-1,-1,-1,-1
1245,145,764.011696779731,583.8371030069756,74.36247597188333,72.14749818800863,-1,-1,-1,-1
1246,145,760.592722215498,582.1376429432485,75.08221771401816,73.93519755953241,-1,-1,-1,-1
1247,145,758.3481603454342,580.8801248909684,76.03405319803005,75.86195366485026,-1,-1,-1,-1
1247,157,763.0989018840402,582.2347211172539,67.94484229000204,74.38754590509166,-1,-1,-1,-1
1248,145,756.8100415556596,579.1538258908492,76.57278908006526,77.20293086778611,-1,-1,-1,-1
1249,145,753.6904734536496,577.2418974651138,78.10068952276583,80.23966495075877,-1,-1,-1,-1
1249,157,756.1050971582324,577.2268327608451,73.13030500964044,80.60795563512386,-1,-1,-1,-1
1250,145,750.7323583088388,577.1770567233573,77.18383694296767,80.09769266784258,-1,-1,-1,-1
1250,157,753.0541355491076,577.242442029028,72.43353405186235,80.0232957510027,-1,-1,-1,-1
1251,145,748.5738835805305,577.8669301089328,75.7214411953164,79.31278373295561,-1,-1,-1,-1
1251,157,750.5058962581281,575.8144634274681,73.66935263794073,81.38860852892253,-1,-1,-1,-1
1252,145,747.1335716445312,578.841431627074,72.61561697904767,76.33697745432016,-1,-1,-1,-1
1253,145,744.4235763355967,577.8576587724292,73.5412482370757,77.3112557503357,-1,-1,-1,-1
1253,159,1558.7479749161125,562.3753024566597,129.74419363898073,67.77955535312708,-1,-1,-1,-1
1254,145,739.2940826771704,576.1974898937199,77.83986999499723,81.93457559941817,-1,-1,-1,-1
1254,159,1602.616242590397,557.965516823366,152.3571864193907,79.40406941466438,-1,-1,-1,-1
1255,145,735.1972351167698,576.3624071796858,77.59541617498724,81.78227937822442,-1,-1,-1,-1
1255,159,1657.7839276511136,552.471298948623,175.98513582359487,91.31729224031392,-1,-1,-1,-1
1256,145,731.2706176451107,577.109148568838,77.83701814048686,82.33836649370187,-1,-1,-1,-1
1256,159,1712.958093437763,545.237632009631,194.44780194279724,101.01716198924692,-1,-1,-1,-1
1257,145,728.6726585848187,578.7267191617375,76.38804583932347,80.55631475574694,-1,-1,-1,-1
1257,159,1757.401119590431,537.9608333545197,206.7172711959879,110.44283566173362,-1,-1,-1,-1
1258,145,722.752407890066,576.749677895289,78.64837078137862,83.11236356146935,-1,-1,-1,-1
1258,159,1797.984868374715,533.6215249952799,219.99315171979242,117.53574856075045,-1,-1,-1,-1
1259,145,720.7166046071402,577.97230381899,76.67436885031793,80.15170417774073,-1,-1,-1,-1
1260,145,711.8954420996658,571.8548005296238,86.29852739495072,90.87558837410575,-1,-1,-1,-1
1261,145,708.0421380792179,570.7674282502395,87.90650169160745,92.57030869024743,-1,-1,-1,-1
1263,145,695.9813016575973,574.6601485379166,94.26622159405622,100.08830851037135,-1,-1,-1,-1
1264,145,690.0966604965635,577.3144868800987,92.46716513533306,98.1099281787001,-1,-1,-1,-1
1265,145,685.4193536733384,579.6221964754465,95.63486223611449,100.58895819069505,-1,-1,-1,-1
1266,145,681.0048946222713,578.5586514744016,96.48292277126791,101.48521534413351,-1,-1,-1,-1
1267,145,675.6354953935919,577.4986077458778,99.84245132901856,103.71024865685922,-1,-1,-1,-1
1268,145,669.9307661739775,577.0945592198818,104.11098213551634,107.09664876672161,-1,-1,-1,-1
1269,145,664.0652816361927,577.5871929679713,106.22400242354081,107.71431152911339,-1,-1,-1,-1
1270,145,655.0450437474461,576.4961156060641,111.05937186901406,111.76489346291487,-1,-1,-1,-1
1271,145,647.2760747529521,573.5163939224963,117.23097495304796,117.12190032048022,-1,-1,-1,-1
1272,145,640.0621503685358,571.7240690685954,121.85018127408046,121.0687908931136,-1,-1,-1,-1
1273,145,628.3520807812449,565.9224345110827,131.44744333533845,130.21639225138404,-1,-1,-1,-1
1274,145,619.094819846594,566.8228006651342,134.04153034563205,131.8425183622112,-1,-1,-1,-1
1275,145,609.5926365887087,566.6020643923009,138.01448917180346,134.9194502585019,-1,-1,-1,-1
1276,145,599.6990916228713,565.2649961110201,142.61676129637283,138.59108785984904,-1,-1,-1,-1
1277,145,585.7828588863454,561.5725247978692,150.7454696804482,145.69033148829203,-1,-1,-1,-1
1278,145,575.3511620920412,560.7883757822515,157.1995499536771,150.28801979760874,-1,-1,-1,-1
1279,145,566.0829596391027,564.3356757611666,160.19728629194776,150.72967368103946,-1,-1,-1,-1
1280,145,550.5185792207827,556.137623776044,173.38637859404093,161.0608102948271,-1,-1,-1,-1
1281,145,541.2130369762397,560.5904168141799,173.9405884005214,158.65252886645612,-1,-1,-1,-1
1281,146,527.8797050906282,564.1109182031656,198.32446958274477,154.75774641742817,-1,-1,-1,-1
1282,145,529.3147400315587,556.0151326795765,187.16221973977235,168.45564396257782,-1,-1,-1,-1
1282,146,520.5375360455137,563.009447661447,202.00313420473128,157.62893143138638,-1,-1,-1,-1
1283,145,499.5863092528068,529.5878009855345,225.66472454173095,205.06760592893795,-1,-1,-1,-1
1284,145,483.6255872637519,523.6704481930266,237.35407833572907,216.7239306150035,-1,-1,-1,-1
1285,145,464.804319641524,520.030740223926,247.6957845280267,225.78633382018575,-1,-1,-1,-1
1286,145,453.656347872898,528.655175416955,246.78282134593928,220.51359967175006,-1,-1,-1,-1
1287,145,426.422467314663,524.6837863148046,258.5183578329961,229.51960570984124,-1,-1,-1,-1
1288,145,393.0401255329741,540.2707110755972,246.59664743668645,220.22974061408343,-1,-1,-1,-1
1289,145,370.89378451429536,542.8643637689906,251.4418467808582,223.23655771715755,-1,-1,-1,-1
1290,145,340.3738328695643,535.4931962187069,270.3768467264321,239.7239692056247,-1,-1,-1,-1
1291,145,292.73230940222504,522.5979585086183,295.63057384836986,266.77308736543876,-1,-1,-1,-1
1292,145,256.83206829147366,516.8985999891122,307.90948422160795,282.3398345459931,-1,-1,-1,-1
1293,145,217.81537945282557,514.6371201275399,324.91641592371093,301.6040319919779,-1,-1,-1,-1
1293,166,494.66216645065526,547.1799293149628,178.31165903002898,185.52620703658204,-1,-1,-1,-1
1294,145,183.0589283389477,519.4055048106612,332.6663581314948,311.63528020633487,-1,-1,-1,-1
1294,166,471.5581456661143,518.8835979595773,209.8671477940331,219.29132713819092,-1,-1,-1,-1
1295,145,144.09338075110725,522.0890321308707,341.9764338756196,322.29881755641986,-1,-1,-1,-1
1295,166,452.632597030906,527.6241420911941,206.3051323308316,215.7807032317246,-1,-1,-1,-1
1296,145,101.81381107160962,516.9217723056164,352.2837686439359,331.94895074846806,-1,-1,-1,-1
1296,166,434.86560006088666,528.1573102214338,209.33574191040384,219.76437652996924,-1,-1,-1,-1
1297,145,57.122284450465116,511.12528804242595,360.7662962986635,341.19054746340385,-1,-1,-1,-1
1297,166,415.9632794090995,532.7116686171931,210.49448816112897,220.71527677613187,-1,-1,-1,-1
1298,145,29.87466560745594,508.6994658761973,370.85575621400005,350.7343484441831,-1,-1,-1,-1
1298,157,810.6700407378974,578.0156581833062,69.64995448087677,81.7891519310898,-1,-1,-1,-1
1298,166,389.9763168447396,507.1239816157404,237.4411809958051,252.18777752786536,-1,-1,-1,-1
1299,157,808.7098746879442,578.6364442392496,69.82372983260473,82.18718683565294,-1,-1,-1,-1
1299,166,381.40450410057457,520.0191882924347,232.07207679772222,247.1153865266907,-1,-1,-1,-1
1300,157,806.7832546858585,579.5052554356571,69.76464862993316,81.67020485731814,-1,-1,-1,-1
1300,166,356.84657323254936,511.99212918182286,244.88092907635024,262.6785878207801,-1,-1,-1,-1
1301,157,805.9145661139222,577.8691989063241,71.44631135861346,83.41542607118765,-1,-1,-1,-1
1301,166,339.9523713379535,515.355610131009,244.8958683695676,262.75008032100834,-1,-1,-1,-1
1302,157,804.0905515612848,577.7228782160214,72.08287739670061,84.15873537976336,-1,-1,-1,-1
1302,166,327.8027479076905,547.9695069910405,223.25202649068223,234.47882025994738,-1,-1,-1,-1
1303,166,301.54022514103747,556.9393236719989,226.8156117339845,234.96403948744785,-1,-1,-1,-1
1304,157,797.878165629171,578.7401837238913,71.6076707196629,83.43784058638528,-1,-1,-1,-1
1304,166,274.33285077997346,559.4721765300753,235.28054831092777,240.9820724831476,-1,-1,-1,-1
1305,157,795.820564808233,578.7163519477934,72.06835827475606,83.97473242633896,-1,-1,-1,-1
1305,166,240.87067037782612,557.8373941836572,247.96129336080935,250.89612103437128,-1,-1,-1,-1
1306,157,791.8790354949462,583.6550614296688,72.3197967840315,84.10909320806172,-1,-1,-1,-1
1306,166,200.98650938571757,553.3390971180669,268.4508358733507,271.9502645111281,-1,-1,-1,-1
1307,157,791.8752218066129,590.7748532296711,68.2600943480544,78.1355813021454,-1,-1,-1,-1
1307,166,134.4765599256181,487.7913174551401,343.1538674004622,353.90596127083313,-1,-1,-1,-1
1308,157,788.5909512788872,590.6170129699669,70.80615433061894,80.70754478301808,-1,-1,-1,-1
1308,166,102.52457615048866,465.046786071214,348.98342321856944,361.4484702721279,-1,-1,-1,-1
1309,157,785.5619651099728,586.6093743284836,76.80167269051628,86.8663194338784,-1,-1,-1,-1
1309,166,67.18170781318636,448.8693585756196,353.21028823928384,365.5013243976241,-1,-1,-1,-1
1310,157,783.635553296179,585.7307808603514,78.77414779104902,88.53254124255977,-1,-1,-1,-1
1310,166,39.094254781119986,440.13435648306927,366.7294842917146,379.49093325146805,-1,-1,-1,-1
1311,157,781.5220031146537,586.024216346195,79.58967519706914,89.44905102642679,-1,-1,-1,-1
1312,166,36.40377203225046,450.9993081073501,294.33143210530926,305.2543623906272,-1,-1,-1,-1
1313,166,12.072467059457267,444.262653570567,300.86956130614493,312.03511330162195,-1,-1,-1,-1
1314,166,-15.738688563378403,427.4149442270496,278.93913233617855,293.94113037859,-1,-1,-1,-1
1315,148,771.5276802042474,584.6592534609362,108.88373378202152,91.06282594960646,-1,-1,-1,-1
1315,166,-40.60555680369687,419.6737490942544,283.02856491169024,298.2505585216934,-1,-1,-1,-1
1316,148,769.0591272858227,583.084725485247,111.80794367940689,93.50694250234267,-1,-1,-1,-1
1317,157,760.6730966213559,578.636117530898,88.5096220162917,101.54155244744913,-1,-1,-1,-1
1318,157,757.8718944596134,578.224230358578,89.75153142405509,102.96638566320985,-1,-1,-1,-1
1319,157,755.4933422121316,574.1003495913042,90.81549209342393,105.63214974898767,-1,-1,-1,-1
1320,157,754.0687222916218,575.1060543366665,89.69207753015428,104.41572347313593,-1,-1,-1,-1
1321,157,751.3804779736045,574.5329299723118,90.79482472610971,105.69965658418732,-1,-1,-1,-1
1325,157,738.241762603539,572.9239053168046,94.16372954464362,109.18387220279203,-1,-1,-1,-1
1326,157,734.3065205615965,571.4445993308784,94.61667647380625,111.47278679694864,-1,-1,-1,-1
1327,157,730.1362021288643,571.5965445121841,93.88880385089158,111.59955062120059,-1,-1,-1,-1
1328,157,727.5085143101112,570.3685177840837,94.55210381547431,113.5647225431087,-1,-1,-1,-1
1329,157,723.6263983092658,569.9182460278696,94.88066100171102,114.92708948261429,-1,-1,-1,-1
1330,157,723.0375668320129,568.4639507181192,97.29830756017054,117.36127994924755,-1,-1,-1,-1
1331,157,716.7137867013384,565.9783169821304,100.21218822536298,122.79789955551655,-1,-1,-1,-1
1332,157,713.3211170499251,565.1209549546357,101.65736174669269,124.56943113969419,-1,-1,-1,-1
1334,157,703.6108054540335,563.0703468487812,108.231966081358,132.98046290183436,-1,-1,-1,-1
1335,157,699.8954387278887,563.3843191727501,108.19910111574609,134.4011576641052,-1,-1,-1,-1
1336,157,695.0922516603348,564.8064479952438,107.37634315363891,134.24245914131677,-1,-1,-1,-1
1337,157,690.9337520049121,565.3810207845645,107.97893384041038,135.4072473369489,-1,-1,-1,-1
1338,157,687.0607208690565,564.3199535741671,110.37315695282689,138.3896700982341,-1,-1,-1,-1
1339,157,681.267168020622,566.5151941756222,109.74799852055003,137.5359361483512,-1,-1,-1,-1
1340,157,674.8668151556992,565.4348218335907,112.17241895260304,140.38397517674798,-1,-1,-1,-1
1341,157,670.9672541265082,565.0324785744741,114.2806246691847,142.06546214044204,-1,-1,-1,-1
1342,157,664.6248880630903,563.5893965665441,116.57649691159486,143.29951759391815,-1,-1,-1,-1
1343,157,659.8952901631552,563.6971720261055,117.72970086794464,143.0585763804728,-1,-1,-1,-1
1344,157,652.5949874975421,562.4482006498772,120.91492847951497,145.51441051271445,-1,-1,-1,-1
1345,157,646.6352461768366,558.7324725776298,125.47354064310309,149.65373825850816,-1,-1,-1,-1
1346,157,644.6229346377994,556.676418607779,130.1511984696807,152.48460499957218,-1,-1,-1,-1
1347,157,632.5778080483274,557.2035395125971,134.6905204623772,156.1074976528139,-1,-1,-1,-1
1348,157,622.8422206562118,556.7910860874349,137.14233380186943,158.08809817673387,-1,-1,-1,-1
1349,157,612.9975045233333,552.1205019737687,143.38711642978672,164.61514835974788,-1,-1,-1,-1
1350,157,604.2455221690184,552.2776928786702,146.33901693293342,167.06067439557808,-1,-1,-1,-1
1351,157,599.5124324944812,553.6773264000777,148.51439805338578,167.92173978296978,-1,-1,-1,-1
1352,157,592.700658385749,551.0136676416842,152.54037056309835,171.406108464029,-1,-1,-1,-1
1353,157,581.148567277814,550.0164334216776,158.02973854384595,176.55018189780355,-1,-1,-1,-1
1354,157,574.6823450787879,551.592246390646,159.3009369415995,176.52967506881532,-1,-1,-1,-1
1355,157,565.0036661652512,548.3512935342147,166.07448290748926,182.25592061344685,-1,-1,-1,-1
1356,157,553.4450946630034,546.4910939096076,171.13559439507912,185.6628469344755,-1,-1,-1,-1
1357,157,544.0414129480013,546.4458467403762,174.24061066132742,186.8915111689522,-1,-1,-1,-1
1358,157,545.1959539225977,543.2232926989543,181.18815634975317,189.85657464319468,-1,-1,-1,-1
1359,157,529.535618324306,542.6638364159038,184.69895848852218,191.55694473743642,-1,-1,-1,-1
1360,157,516.3978357487,540.5416081895789,190.1782685198142,195.3632891635732,-1,-1,-1,-1
1360,164,892.5766164297302,563.7762143996841,63.42807832263861,80.2808922637372,-1,-1,-1,-1
1361,157,508.6175317527967,536.5241710628677,198.1203819758548,199.97975228096914,-1,-1,-1,-1
1362,157,496.176111627278,535.0118782286092,204.31082170390283,202.9663174033177,-1,-1,-1,-1
1363,157,478.8382954395387,533.1829160341507,212.07849805354022,208.55454408564447,-1,-1,-1,-1
1364,157,461.9099399542414,526.0744900704555,226.27732481155567,222.22686551497486,-1,-1,-1,-1
1364,164,892.4362275420918,561.0276313702626,63.02800242288822,79.49547364572527,-1,-1,-1,-1
1365,157,447.12951452810836,524.0051139646109,233.94766716389262,229.96332986327945,-1,-1,-1,-1
1365,164,892.2140752240662,562.2017337425843,63.44419896740294,80.70740900084252,-1,-1,-1,-1
1366,157,434.58926842086436,525.8091382066966,236.78936722945758,231.62034875249526,-1,-1,-1,-1
1366,164,892.9832390521299,561.2505498388184,63.206603039366996,79.79225339657921,-1,-1,-1,-1
1367,157,422.8797744337854,524.6769010682181,242.34506401158887,235.9582662840337,-1,-1,-1,-1
1367,164,892.9093303533033,560.9087992202255,63.19771298266551,79.42186646927883,-1,-1,-1,-1
1368,157,406.44413383797405,523.6478175681139,249.47788952271685,240.72475706943726,-1,-1,-1,-1
1368,164,892.8799251551134,562.1206411003163,63.86280261536331,79.92651597323868,-1,-1,-1,-1
1369,157,390.9021092134317,522.0143694052244,258.20300518774184,246.94514275778977,-1,-1,-1,-1
1369,164,893.4699825312367,562.5933953990138,64.231798766172,80.10382150180646,-1,-1,-1,-1
1370,157,374.6715786113657,520.7871691861326,268.366319734906,254.36856394514086,-1,-1,-1,-1
1370,164,893.4237254533142,562.7847405932243,64.91400268741279,80.81551926945633,-1,-1,-1,-1
1371,157,358.00480559345135,519.0762394479698,276.2350808460445,259.0462526015423,-1,-1,-1,-1
1371,164,893.761747018436,562.8649132480224,65.11343771940108,81.07200547930972,-1,-1,-1,-1
1372,157,342.90993045409823,517.1743344208255,284.8462675317163,265.21558448046994,-1,-1,-1,-1
1372,164,894.6168238668083,563.5602250919081,64.38742663707558,79.83855632205189,-1,-1,-1,-1
1373,157,322.6537760014688,513.2706579548908,295.0557863237742,273.24974480441927,-1,-1,-1,-1
1373,164,894.6356773835827,560.5173210862845,66.03941508273294,82.00333751574465,-1,-1,-1,-1
1374,157,305.78894366979546,513.0830306918134,300.8926652284848,277.51050038446203,-1,-1,-1,-1
1374,164,894.6200478190619,558.737662092517,67.34229694289422,83.45411553714268,-1,-1,-1,-1
1375,157,281.4104357625995,512.4329763659214,311.08351496814817,285.43461992284426,-1,-1,-1,-1
1375,164,894.3529899462225,557.4162547944709,68.34633366399714,84.64819657685268,-1,-1,-1,-1
1376,157,261.1978707376348,509.0207599265136,321.76409066369905,292.2071816500343,-1,-1,-1,-1
1376,164,894.1648395453607,556.2762525230424,69.535121434095,86.39261422291088,-1,-1,-1,-1
1377,157,240.3106115141659,503.24143817739537,337.87576791768686,303.67166153996504,-1,-1,-1,-1
1377,164,894.7470939106737,555.8610901714837,69.3134971181803,86.38850126269278,-1,-1,-1,-1
1378,157,219.3582874160578,497.848956465591,348.71642170039934,311.8096358627243,-1,-1,-1,-1
1378,164,894.3004159731671,554.4186809925959,69.89212004201897,87.66691706895722,-1,-1,-1,-1
1379,157,193.7043410608973,491.9526108519299,363.60170140139576,323.13595113823544,-1,-1,-1,-1
1379,164,894.2065690027262,553.8920522433207,70.5931325022375,88.78367642055389,-1,-1,-1,-1
1380,157,170.8379556449404,489.0807311119271,374.73180564368306,331.2107701679828,-1,-1,-1,-1
1380,164,894.7763083722812,553.7159775271132,70.9360224438816,89.18650432574441,-1,-1,-1,-1
1381,157,137.6290367809876,494.44628088838203,390.5910868488543,343.76870987038023,-1,-1,-1,-1
1381,164,894.6726110341142,554.329297143458,71.69285286384059,89.9665557878734,-1,-1,-1,-1
1382,157,111.26169443146182,489.6033294239012,409.01086463804086,358.68324357074107,-1,-1,-1,-1
1382,164,895.1930163925729,554.5857887909349,71.49341935944574,89.58556083918688,-1,-1,-1,-1
1383,157,84.98040247368132,487.75724574346407,419.65292682691324,366.87935859403433,-1,-1,-1,-1
1383,164,894.9883435416572,554.7053118428428,71.5438019349524,89.41028038495722,-1,-1,-1,-1
1384,157,58.65733921317201,489.66441146091614,423.44154205333064,366.64671276922496,-1,-1,-1,-1
1384,164,894.6902672615543,554.1093875548341,72.63799936380667,90.63656865631458,-1,-1,-1,-1
1385,157,31.07102955020406,489.863975493115,431.4645123160997,370.1012494200889,-1,-1,-1,-1
1385,164,893.9874356766982,553.8967477404259,72.90620381353517,91.08249394076802,-1,-1,-1,-1
1386,157,15.101435049016374,475.1417519943109,435.2284433053924,369.90874707022795,-1,-1,-1,-1
1386,164,893.9877306239905,553.1753779178747,73.10565790848648,91.88570563157009,-1,-1,-1,-1
1387,157,2.0799493474056874,462.99225310890006,443.7813115805209,376.0663534155949,-1,-1,-1,-1
1387,164,894.0682497052417,552.2597931163533,73.663114382647,92.82544486363213,-1,-1,-1,-1
1388,157,-4.839244515153581,460.36856108340794,442.1918071629874,374.35170230493054,-1,-1,-1,-1
1388,164,894.2092665490619,550.6173029780648,74.2971826317829,93.81630749019337,-1,-1,-1,-1
1389,157,-8.889481566185822,456.8953269413086,433.837369443337,367.54970453609764,-1,-1,-1,-1
1389,164,894.3265922230021,549.3534528961831,75.70640738230918,95.4793101386449,-1,-1,-1,-1
1390,157,-20.624318685287164,450.45114373412264,435.7851536126374,372.5968525897355,-1,-1,-1,-1
1390,164,894.8053941518623,548.2395535763214,77.31640385866228,98.0461159619914,-1,-1,-1,-1
1391,157,-26.83768971472739,452.7053141197615,424.6049296660216,367.19041822357474,-1,-1,-1,-1
1391,164,894.1999967308357,545.8884924998454,78.8436382246299,100.30093897321228,-1,-1,-1,-1
1392,157,-48.101751932954045,435.295302156214,446.08135366757904,395.23132353686174,-1,-1,-1,-1
1392,164,896.4719384380762,547.596178396221,76.33955372522132,96.60341127646518,-1,-1,-1,-1
1393,157,-56.488339401776415,443.5964615476467,437.4100323922586,397.87928695239947,-1,-1,-1,-1
1393,164,898.4348466429963,547.6542710189613,76.48934775928262,96.4131472430388,-1,-1,-1,-1
1394,157,-64.44780716897375,434.19507280440064,432.7676213705415,405.77904026118426,-1,-1,-1,-1
1394,164,899.4541975036468,547.6939456547198,76.5946382846007,96.32448860829436,-1,-1,-1,-1
1395,157,-80.46707504998719,430.12013006686203,439.0301921101192,411.64335446667627,-1,-1,-1,-1
1395,164,899.3650102306067,547.7288967947222,77.53966862126401,96.9301563347343,-1,-1,-1,-1
1396,164,899.7392173567479,547.1018714949943,79.66478238281013,99.11408684181026,-1,-1,-1,-1
1397,164,900.9197703173427,548.1834854263482,80.30997066542216,99.27185303364968,-1,-1,-1,-1
1398,164,901.6155443276751,548.619437969657,81.33115481367133,100.6172482433409,-1,-1,-1,-1
1399,164,903.9480800419192,548.7942062123619,82.75966397822174,102.41468675724309,-1,-1,-1,-1
1400,164,903.6452532839905,547.5641072147482,84.9823279636338,105.68513266599007,-1,-1,-1,-1
1401,164,905.9138632181982,547.7468261126324,84.88501124896061,105.61562161859513,-1,-1,-1,-1
1402,164,905.735378140488,547.1770224644391,86.23064366928406,107.50250045372559,-1,-1,-1,-1
1403,164,905.5762183489128,545.6667451206711,88.15528542661707,110.14196875408675,-1,-1,-1,-1
1404,164,906.7870079424267,545.0960465664936,88.22509239187752,110.47336020501234,-1,-1,-1,-1
1405,164,908.6448883176048,544.2380524967475,88.6522879086682,111.20511391453681,-1,-1,-1,-1
1406,164,909.1365110868063,543.2717298843692,90.48312225959273,114.05618457093567,-1,-1,-1,-1
1407,164,910.2512015457021,541.6207070074299,91.20148697078696,115.11003161573319,-1,-1,-1,-1
1408,164,910.9647552067736,540.9998751802507,91.47552658512268,115.47002429377721,-1,-1,-1,-1
1409,164,911.5510380985595,540.7844902756674,92.17070015608624,116.21481744910886,-1,-1,-1,-1
1410,164,914.4753170182231,540.0708687286153,94.1362238354011,119.07144553273508,-1,-1,-1,-1
1411,164,916.725997172729,539.1675263885802,95.13425466196986,120.77440755334737,-1,-1,-1,-1
1412,164,919.0126862195146,537.5398411010303,95.83223328199938,122.03581500958501,-1,-1,-1,-1
1413,164,921.4729319454539,536.2843486722381,98.03671163820559,125.07774481441572,-1,-1,-1,-1
1414,164,925.8475925365137,534.5307189063009,99.03520161779943,126.20118686716808,-1,-1,-1,-1
1415,164,928.4187299526538,532.5789391580261,100.78584868713006,127.88044373128582,-1,-1,-1,-1
1416,164,930.7549678363919,532.5093586853319,101.21279582867737,127.82560923149742,-1,-1,-1,-1
1417,164,930.9229164946538,531.2143722298986,103.97121092035866,131.0133702769731,-1,-1,-1,-1
1418,164,932.5624143639636,530.2830324817611,105.17250621043536,132.5274786750473,-1,-1,-1,-1
1419,164,937.157837598355,531.3804203388754,105.99462810054774,133.24368251146302,-1,-1,-1,-1
1420,164,938.7464673401549,532.2165425595831,105.61110811474907,132.8914482631243,-1,-1,-1,-1
1421,164,939.953945109572,531.2176574554214,108.05656266677647,136.6801148083324,-1,-1,-1,-1
1422,164,943.8911068283372,531.5056712377075,108.37782412095896,136.77241767319344,-1,-1,-1,-1
1423,164,946.6073565025413,531.6442095241,109.85026132224698,138.0509102053294,-1,-1,-1,-1
1424,164,948.3768041476382,531.7151210215147,112.03291073968023,140.44971471416784,-1,-1,-1,-1
1425,164,951.9350469504864,533.7091913299305,112.78407427054299,140.0201519701444,-1,-1,-1,-1
1426,164,954.2282336712162,533.5431192111312,113.81312738609608,141.29779309297828,-1,-1,-1,-1
1427,164,957.3569509943234,533.0862265486733,117.11635828903627,145.21683923764363,-1,-1,-1,-1
1428,164,958.9050275513018,531.6358255219898,120.7983531498387,150.23691816532596,-1,-1,-1,-1
1429,164,963.1233693927686,532.4058446788472,119.93793689461995,148.80722446203754,-1,-1,-1,-1
1430,164,967.1480739605893,531.412008655924,120.46455418061532,149.4723556954434,-1,-1,-1,-1
1431,164,969.6335864789465,530.3884516063345,121.8098323183359,150.98039466883608,-1,-1,-1,-1
1432,164,973.9524402597341,530.6606075685509,123.19217283432602,152.15818111009503,-1,-1,-1,-1
1433,164,976.6419501304871,527.5128339927669,125.99034803760799,155.1682721898652,-1,-1,-1,-1
1434,164,978.8723786766737,525.0216197704051,128.98427411012256,157.5709044109783,-1,-1,-1,-1
1435,164,979.8852365451626,523.4325608415927,132.1843625355782,160.39049341731993,-1,-1,-1,-1
1436,164,982.5549932872252,522.5671795804591,133.66810067636584,162.19037314862737,-1,-1,-1,-1
1437,164,986.4439991579692,518.8635207124732,136.08592336744198,163.9977262834608,-1,-1,-1,-1
1438,164,990.5862470806976,515.243741210833,140.86355737099439,167.931292371656,-1,-1,-1,-1
1439,164,992.8137037326588,513.3023671329531,143.63946942006862,169.97924687883972,-1,-1,-1,-1
1440,164,995.8080620177142,512.6032479120937,146.01420258826795,171.99736983124194,-1,-1,-1,-1
1441,164,999.1777804396429,509.78372845292984,149.37633640781814,175.30419861189466,-1,-1,-1,-1
1442,164,1004.496316121647,508.7457136186646,150.79652513300096,174.56269154121935,-1,-1,-1,-1
1443,164,1008.3333430727031,507.75248589167586,153.35376039261917,175.49147002516474,-1,-1,-1,-1
1444,164,1012.7058477334083,507.424060188083,156.0584491475911,176.4352666809648,-1,-1,-1,-1
1445,164,1014.402883534133,505.388005237263,160.65467709883114,180.0013726571467,-1,-1,-1,-1
1446,164,1016.8489116186523,503.3528597643592,165.68362936396818,184.5580708300106,-1,-1,-1,-1
1447,164,1017.6207994215748,501.3193324706697,172.2050215508126,190.78458310104065,-1,-1,-1,-1
1448,164,1024.2402220832466,500.57905060005965,175.34632239359917,192.47595022348355,-1,-1,-1,-1
1449,164,1028.6995169371946,499.701499196735,180.92417005181187,197.57832910558392,-1,-1,-1,-1
1450,164,1032.2514686286713,500.69842385652606,184.26595632771637,199.46240706957616,-1,-1,-1,-1
1451,164,1037.7193673772108,501.1401165031209,187.39646834294103,200.74020612119898,-1,-1,-1,-1
1452,164,1042.8375369128564,502.65341850098014,191.32885425363884,202.4380805665278,-1,-1,-1,-1
1453,164,1045.3279838070189,500.66523247528585,200.53599224572054,209.51145721518037,-1,-1,-1,-1
1454,164,1047.5373376387086,499.92694691872737,207.69207224001752,214.07834332601203,-1,-1,-1,-1
1455,164,1048.790654118329,497.7324157785912,217.0502956691946,220.92379523348518,-1,-1,-1,-1
1456,164,1050.2914270589781,495.622661049401,227.3075071545552,227.98311224430688,-1,-1,-1,-1
1457,164,1049.7074068647617,493.54745717070193,238.42148593529373,236.40498582139537,-1,-1,-1,-1
1458,164,1057.862047186174,492.7708508820523,246.12922961498862,241.49722417750786,-1,-1,-1,-1
1459,164,1064.2690840214734,491.8655632662506,253.28684906265676,244.63496198676756,-1,-1,-1,-1
1460,164,1065.9993849031193,490.2627692334983,262.9911683797984,250.2231256733001,-1,-1,-1,-1
1461,164,1069.6165740247657,487.10222486900085,274.60962417326186,258.0507680045877,-1,-1,-1,-1
1462,164,1074.15422559608,483.3438540541877,287.21753848274693,264.81073808124796,-1,-1,-1,-1
1463,164,1079.5308225974434,481.2755509835402,296.6939692688477,267.94431319287236,-1,-1,-1,-1
1464,164,1080.0238310286215,477.2965353426135,309.5548685340127,274.8001584160474,-1,-1,-1,-1
1465,164,1085.4662195384738,477.093218962808,319.6579331824041,278.5974901882672,-1,-1,-1,-1
1466,164,1092.7840179419745,477.7265984518737,328.1798205162311,279.9038495438825,-1,-1,-1,-1
1467,164,1096.215621626385,468.3060964335584,351.15072452458435,293.8546872149534,-1,-1,-1,-1
1468,164,1089.7078779396854,457.71884951722245,382.23322664741204,315.6946389759273,-1,-1,-1,-1
1469,164,1093.8098737313198,451.73976906978146,405.94386813730966,330.41656828154555,-1,-1,-1,-1
1470,164,1097.472850383426,443.74087482599344,428.57226808249357,344.3298561236815,-1,-1,-1,-1
1471,164,1102.2655022440404,440.07392235039043,438.6964931415173,352.4424961572076,-1,-1,-1,-1
1472,164,1109.0305306582497,424.11465542760465,484.63143254715624,384.8632486077859,-1,-1,-1,-1
1473,164,1104.4598338587323,409.5937758506318,525.8749529715672,413.4817453663568,-1,-1,-1,-1
1474,164,1110.6038249092371,396.56147454231257,563.8278001925044,438.75231403270334,-1,-1,-1,-1
1475,164,1121.6188386251333,385.8368613663612,596.9976521081096,461.7366781360762,-1,-1,-1,-1
1476,164,1154.8055506587643,368.54184633672975,649.157310937288,490.0459745717888,-1,-1,-1,-1
1477,164,1142.7101305837527,347.4151742609875,697.064325369085,524.15029174846,-1,-1,-1,-1
1478,164,1129.2588357654392,321.6814644074703,761.9039488451285,570.4730539418031,-1,-1,-1,-1
1479,164,1110.3473714252343,297.90293507808616,816.188123622178,613.4991923295552,-1,-1,-1,-1
1480,164,1087.5941144475332,271.7371112601939,867.4992987196729,657.817779129165,-1,-1,-1,-1
1481,164,1058.138449669233,244.64407191235614,937.1942497079635,724.21707240414,-1,-1,-1,-1
1482,164,1056.7543351313545,198.36808742600283,951.7718094897721,749.4691378267939,-1,-1,-1,-1
1483,164,1040.4337043338764,147.71019271706115,995.5833585848957,803.9114131804838,-1,-1,-1,-1
1484,164,1016.5047352520133,62.802859688392005,1051.1115601492306,876.5446767021259,-1,-1,-1,-1
1485,164,1020.9995096801496,26.338766743387737,1056.3850731381704,909.0993943276897,-1,-1,-1,-1
1486,164,1009.0075197316972,19.51852314816915,1090.2563783050173,971.3751333202574,-1,-1,-1,-1
1487,164,1035.2038379087912,35.823727525482866,1046.2868448651584,959.7160973044843,-1,-1,-1,-1
1488,164,1078.9069421448369,64.08354349095447,962.3935790566454,901.0046186119246,-1,-1,-1,-1
1489,164,1082.6876935456464,54.1138858880787,960.8777647881009,923.1699523092145,-1,-1,-1,-1
1490,164,1102.4695903962374,58.952686599206515,936.1472999723903,922.1108318394311,-1,-1,-1,-1
1491,164,1125.0746535910794,40.7397346311231,899.1808175363626,905.2507014064972,-1,-1,-1,-1
1492,164,1143.0773646930652,27.682473787874017,879.9155724762306,906.9680376345927,-1,-1,-1,-1
1493,164,1162.5252204160047,23.167188481983487,861.1281040593342,909.6906785730791,-1,-1,-1,-1
1494,164,1208.7685503956232,79.41464640515932,786.7754895767262,844.2027612786733,-1,-1,-1,-1
1495,164,1221.263044234356,90.16872910773372,772.3693942504422,845.928488020947,-1,-1,-1,-1
1496,164,1244.0855690636836,108.04702209251315,743.3820371511792,829.1974711161524,-1,-1,-1,-1
1497,164,1269.7781838494989,122.98211578364203,713.5042459798797,811.2859927204563,-1,-1,-1,-1
1498,164,1280.6856753379648,115.87811189069646,715.0325777153012,833.2859043854844,-1,-1,-1,-1
1499,164,1283.8646570799663,102.73372585563163,736.5231030239665,885.4124893034068,-1,-1,-1,-1
1500,164,1320.460634722626,77.13988083069347,695.9937713360255,861.7532267804847,-1,-1,-1,-1
1501,164,1347.0516033538902,42.5001305721936,685.7731033218763,881.5386798576678,-1,-1,-1,-1
1502,164,1367.3450887860467,12.774342020655524,680.8576503685599,911.6140975293692,-1,-1,-1,-1
1503,164,1401.9832931954652,2.9553965473189123,651.7114247843137,911.2214452405201,-1,-1,-1,-1
1504,164,1412.2437234270471,-6.937255839871568,657.5687154476989,919.4571970639695,-1,-1,-1,-1
1619,175,1208.3405418458917,476.18585358803915,121.64921288729101,77.20349319086637,-1,-1,-1,-1
1620,175,1213.40210135574,470.7674716506917,131.6804811501422,83.31980117678933,-1,-1,-1,-1
1621,175,1224.9397778892005,464.0507416563766,139.22236287938108,88.09407550137581,-1,-1,-1,-1
1622,175,1228.6886371536136,460.2429351180634,147.2852929040007,92.34561282979365,-1,-1,-1,-1
1623,175,1223.9685913853891,454.98342425638435,162.98268094407172,100.97228440575071,-1,-1,-1,-1
1624,175,1225.127762736682,451.3096303557236,171.62975271803884,106.32937727338515,-1,-1,-1,-1
1625,175,1251.4192360289985,441.91926700371204,173.5457032700242,107.42929390558339,-1,-1,-1,-1
1626,175,1260.9645351170907,433.92469146231133,185.86980249026783,114.74840011175093,-1,-1,-1,-1
1627,175,1270.0154183506427,427.20283379097623,198.23498759806785,121.85767013485975,-1,-1,-1,-1
1628,175,1280.058903384927,420.87570621423555,208.0678090103097,127.07201981718146,-1,-1,-1,-1
1628,176,1153.188954519358,495.8748349204806,76.14916570166702,69.37040638579487,-1,-1,-1,-1
1628,178,1278.622336769608,421.3180586204508,211.40236236608143,126.17425196546168,-1,-1,-1,-1
1629,175,1285.4381557554989,415.89053658760196,216.7865330157631,132.39673478487015,-1,-1,-1,-1
1629,178,1283.7134692163395,418.37900750671673,215.6093631830122,128.68517535665518,-1,-1,-1,-1
1630,178,1302.246241736031,399.54586931739993,238.24895082573494,142.23225941286523,-1,-1,-1,-1
1631,178,1313.2894315480737,383.9142191910338,263.65315869836286,157.502636117733,-1,-1,-1,-1
1632,178,1322.2569137829544,375.26243677635637,275.79044300755686,164.7532767226254,-1,-1,-1,-1
