499,33,1002.6117423162957,583.5086062063912,76.96278414892959,67.06831652972414,-1,-1,-1,-1
500,33,1006.0760137577108,583.6902507936785,76.25941656630084,66.79857630622348,-1,-1,-1,-1
501,33,1003.8853204563933,579.2325847495028,84.167630123609,75.73301132139625,-1,-1,-1,-1
502,33,1008.161502744078,580.6807553259649,81.31295798887277,74.08809274218845,-1,-1,-1,-1
503,33,1011.3083298965624,581.345736899062,82.24617769936287,76.49445495619113,-1,-1,-1,-1
504,33,1012.2055316492459,579.0532982825355,84.38018903074124,80.57773891327258,-1,-1,-1,-1
505,33,1013.8767474948671,578.4649035359135,86.24627364753076,82.36006470263715,-1,-1,-1,-1
506,30,575.1139134723511,602.732100218145,97.725512535946,53.94250968108008,-1,-1,-1,-1
506,33,1016.7451804582528,577.9691604082935,86.31192323882135,84.78582826325442,-1,-1,-1,-1
507,30,569.9944694985456,603.6613831829925,96.41516324740246,53.12125809694942,-1,-1,-1,-1
507,33,1017.8784407117752,580.401221105572,85.99736826858054,86.21545098650199,-1,-1,-1,-1
508,30,563.609555309111,603.3702433027166,97.76730638516153,54.026099499669385,-1,-1,-1,-1
508,33,1021.0164406317086,578.0972066837703,86.15799709543228,88.00593931022513,-1,-1,-1,-1
509,30,553.926916922443,601.9579282011931,103.30475217579738,56.92723265030634,-1,-1,-1,-1
509,33,1025.1563212721244,579.1400314329428,86.00237561814606,89.28876940252883,-1,-1,-1,-1
510,30,550.354771551999,601.4094551057048,104.67197880479489,57.38415101134433,-1,-1,-1,-1
510,33,1031.7546550103928,582.1395329844474,83.52897608322678,87.15344472433787,-1,-1,-1,-1
511,30,538.3097720565438,601.1824719290302,106.20525396970174,58.161068622081984,-1,-1,-1,-1
511,33,1035.7742248783288,583.9921517790222,82.0708124646037,86.22844768528387,-1,-1,-1,-1
512,30,532.3901710566097,601.7363045759549,106.98865609997733,58.42675734664749,-1,-1,-1,-1
512,33,1039.4266709274095,584.6969172917447,82.9573062610225,87.1395990128276,-1,-1,-1,-1
513,30,524.0190139862111,601.3005746593423,110.0658636471968,59.78797608094942,-1,-1,-1,-1
513,33,1042.8150886174863,581.6995155610102,86.27087538759133,92.01265965248535,-1,-1,-1,-1
514,30,514.4109279245689,601.1299769527914,112.70820791184121,60.92742442213057,-1,-1,-1,-1
514,33,1046.4245469170185,577.9976919292628,90.44246473151179,97.68031861280258,-1,-1,-1,-1
515,30,504.83238798144305,600.4157267335652,116.08601324043752,62.62703361040394,-1,-1,-1,-1
515,33,1050.1888841609211,577.820599915676,91.0123441384826,98.58997090966352,-1,-1,-1,-1
516,30,497.2011286160496,598.8506250656019,119.77769477102675,64.54093008072675,-1,-1,-1,-1
516,33,1052.7838414316332,578.4169956830418,91.32938567886413,99.5092894457672,-1,-1,-1,-1
517,30,487.5905134305552,600.1685229763376,120.07807451230752,63.9676212453129,-1,-1,-1,-1
517,33,1056.9237056971544,578.6654009505856,90.11054301798936,98.5084401621076,-1,-1,-1,-1
518,30,473.16673023162474,599.3953498084617,125.03932998140095,66.94266963998041,-1,-1,-1,-1
518,33,1059.197109108519,578.7772369296523,90.63076593196843,99.35051472861846,-1,-1,-1,-1
519,30,459.6174183627444,599.1040067753534,129.88418747576497,69.9695776482996,-1,-1,-1,-1
519,33,1063.714522138167,578.1787898819894,94.36533538435492,103.52723225326349,-1,-1,-1,-1
520,30,445.1099241213615,598.35500821953,135.25747738669133,73.03445698748317,-1,-1,-1,-1
520,33,1068.2586295366884,579.2422190221988,96.40579995455823,105.7265134886369,-1,-1,-1,-1
521,30,430.30130445915233,598.0634230518637,141.97842602222784,77.38415322684807,-1,-1,-1,-1
521,33,1070.4960387487345,575.801629109058,101.18429747989103,111.68619557921136,-1,-1,-1,-1
522,30,417.54054372188284,599.2170687408194,142.4407526144812,78.42459272972792,-1,-1,-1,-1
522,33,1076.8160168389531,574.4799699779329,104.67394277920948,115.85365197815827,-1,-1,-1,-1
523,30,401.14905185770783,599.0507404860591,147.86610154622576,81.96823026142533,-1,-1,-1,-1
523,33,1081.2837577250489,573.3338919367638,108.88501259494433,121.26133593076554,-1,-1,-1,-1
524,30,388.30423282349886,599.6228906697771,149.34668351172206,83.30421764131938,-1,-1,-1,-1
524,33,1087.3606578830409,571.6285978450425,111.18248381314652,124.59060978955642,-1,-1,-1,-1
525,30,374.1963563186732,599.2140134646374,153.21863935747763,85.68500146564008,-1,-1,-1,-1
525,33,1093.6892622009834,572.8875551895296,110.96863802333314,124.54343786737115,-1,-1,-1,-1
526,30,357.4559523590265,599.6942584044107,156.6368342425563,87.19986229940355,-1,-1,-1,-1
526,33,1101.6056138181211,571.4792983791973,115.16310894754292,128.28604302506233,-1,-1,-1,-1
527,30,340.9525449838258,597.9608672066083,161.77808932314326,90.29656841503834,-1,-1,-1,-1
527,33,1105.5478706276372,572.8746755006077,117.28850030376839,130.30320114113033,-1,-1,-1,-1
528,30,320.228836133669,596.0106229711373,168.02469340173582,94.00406434276204,-1,-1,-1,-1
528,33,1111.6962580097143,572.8013877946522,119.4756025111667,132.28963981682602,-1,-1,-1,-1
529,30,301.5920748773918,597.1585872104534,168.51833617426718,94.13074522397358,-1,-1,-1,-1
529,33,1120.7413596960466,574.7216785229248,122.13579866030818,134.91163866209126,-1,-1,-1,-1
530,30,274.86962670287755,595.0522918542989,179.20603828460077,100.53634523894618,-1,-1,-1,-1
530,33,1125.814118116308,575.4797803523716,127.41878221298657,141.00371491101566,-1,-1,-1,-1
531,30,254.42818874937802,593.6202603273421,185.7669612829311,104.84799412036341,-1,-1,-1,-1
531,33,1134.2091603408517,575.7771384962941,130.33953107022444,143.93417338575307,-1,-1,-1,-1
531,55,434.90029661965036,596.2372873376296,80.58316768772522,68.31844921992376,-1,-1,-1,-1
532,30,231.61525765433183,593.0588580109892,191.8673425516175,109.0310308369659,-1,-1,-1,-1
532,33,1144.326208377463,575.8987290028584,133.50168147133195,146.913772045296,-1,-1,-1,-1
532,55,417.68572349347255,596.4880207856338,82.04492229643142,68.13659387489076,-1,-1,-1,-1
533,30,207.35582803117137,590.3133340569065,200.1166986643895,114.41947678758174,-1,-1,-1,-1
533,33,1153.1338137621265,573.3767896324915,138.0954175627694,152.48317669072287,-1,-1,-1,-1
533,55,402.0578993918177,593.3833965360318,89.87399887742873,73.15042441202684,-1,-1,-1,-1
534,30,186.09508388105183,589.2408376496127,200.27567487684257,113.95019341733314,-1,-1,-1,-1
534,33,1162.3236978552561,571.7602004690377,143.9351264015345,158.4019523056295,-1,-1,-1,-1
534,55,380.73962871833606,591.5792233574608,96.65131830884616,77.56474254833859,-1,-1,-1,-1
535,30,153.9728612034695,587.5520423068634,204.33141101167928,116.19686188855235,-1,-1,-1,-1
535,33,1170.3666208937607,569.8580094708007,152.85940667666614,167.64740170950688,-1,-1,-1,-1
535,55,359.44304847475564,590.8821879226617,100.28143738454122,78.6402408564195,-1,-1,-1,-1
536,30,140.63351002674878,586.277426482004,197.01400455309752,109.29798766146894,-1,-1,-1,-1
536,33,1181.5165676068734,568.4895976552591,158.3244496366833,173.086917320127,-1,-1,-1,-1
536,55,340.06104007645985,589.3609292263712,106.3070389103919,82.17619024538499,-1,-1,-1,-1
537,30,94.90451956349726,583.1678240238238,227.18950455695784,126.89923875480974,-1,-1,-1,-1
537,33,1195.1668025388256,567.3243760765503,164.4493146293869,178.30495111773632,-1,-1,-1,-1
537,55,322.1162385985206,588.7893857832318,109.06198617707486,82.23530020091027,-1,-1,-1,-1
538,30,67.66875264967351,581.4283666649031,177.50081644208058,97.9195502281699,-1,-1,-1,-1
538,33,1209.8120289788085,566.8831050341244,173.93084443075236,185.97156531533471,-1,-1,-1,-1
538,55,299.32298133622083,587.9586413211076,115.39553322651273,85.37683703903338,-1,-1,-1,-1
539,30,45.72559186051046,580.0937529844539,179.84678881578304,95.9875711026325,-1,-1,-1,-1
539,33,1217.7022456761042,564.8241261102594,188.09229517511108,200.28948884741988,-1,-1,-1,-1
539,55,284.8754712664687,587.0599062499406,118.2572103669961,87.49394006099453,-1,-1,-1,-1
539,65,269.68929829144133,587.704815958668,144.9199926233797,83.83170098132086,-1,-1,-1,-1
540,30,25.082928973725842,578.9622873324761,180.23742518684557,96.19550382783632,-1,-1,-1,-1
540,33,1233.5345061492887,564.0278564143172,195.9747666109863,207.70439517922568,-1,-1,-1,-1
540,65,244.98444146488714,587.8698603599045,150.70513115587778,87.05280375394159,-1,-1,-1,-1
541,33,1252.088261596115,563.7328865777062,205.73003691067333,214.30942657552782,-1,-1,-1,-1
541,65,221.4525388217304,586.4921387091634,157.80745792062885,90.95594259935024,-1,-1,-1,-1
542,33,1268.7275069059472,561.7381004900117,218.92037347901055,226.27461975897347,-1,-1,-1,-1
542,65,201.48140325970584,586.7071453829063,159.2084143635955,91.57791847736416,-1,-1,-1,-1
543,33,1282.7579446737586,557.8233197600908,237.52749301993867,242.81246066211338,-1,-1,-1,-1
543,65,172.3741033749673,587.4980915070523,162.93950257993353,93.07195768370275,-1,-1,-1,-1
544,33,1303.5502421780777,554.4114008577442,254.5031296217344,257.99749187999475,-1,-1,-1,-1
544,65,131.96203321995864,586.4511377894598,172.44450694379503,96.92527943819596,-1,-1,-1,-1
545,33,1325.017647012428,547.440620634906,273.1728032869082,275.8088420036552,-1,-1,-1,-1
545,65,108.42044846360356,586.065735533523,175.00664873111322,96.98415808372204,-1,-1,-1,-1
546,33,1355.9292217878524,541.5529695004368,291.41823350122877,294.61905025612043,-1,-1,-1,-1
546,65,72.73623414586565,583.274169325452,189.40117208585917,103.54363914800183,-1,-1,-1,-1
547,33,1383.8239229252486,534.2412856370861,316.2787286780667,319.4195756317571,-1,-1,-1,-1
547,65,48.88816535887632,582.6747379725754,193.66954865067794,105.87709300142421,-1,-1,-1,-1
548,33,1420.0310927051191,531.3346855644693,333.0819604807798,335.40775424091225,-1,-1,-1,-1
549,33,1457.4162806508864,524.6115431730495,362.22007930735504,364.69384544775266,-1,-1,-1,-1
550,33,1497.8605473438129,514.5630742445595,386.91068589656265,387.3237513620969,-1,-1,-1,-1
551,33,1525.2349752941893,501.21609322572056,405.71546486664374,410.5169337837392,-1,-1,-1,-1
552,33,1544.9150666610449,497.32912794271635,418.88507092649706,423.84380529348596,-1,-1,-1,-1
587,42,1246.636390215209,585.9116853641995,95.97966898363507,64.45132757074839,-1,-1,-1,-1
588,42,1247.2561825238236,584.9386407704638,97.95614839921791,65.77817023991997,-1,-1,-1,-1
591,73,1241.277870482746,583.4244277011138,121.97158872221485,66.03410579741092,-1,-1,-1,-1
592,73,1235.292435842461,582.8621461357728,125.58173536955337,66.85495085176717,-1,-1,-1,-1
593,73,1240.9822240606823,583.4640585006572,126.90088159752668,66.37160698278774,-1,-1,-1,-1
594,73,1241.0459303501311,583.0093479378271,127.3775259761801,66.62089616908338,-1,-1,-1,-1
600,75,1306.5201808060829,584.6238390791524,103.58736235897254,78.57222977300466,-1,-1,-1,-1
601,75,1312.254157713669,586.6145992069546,104.950792471667,77.51288101384,-1,-1,-1,-1
602,75,1317.170651752875,587.9389978358466,108.20496001202287,77.1502805265925,-1,-1,-1,-1
603,75,1291.074139555502,575.4951607542862,129.79765177954027,89.14587981347563,-1,-1,-1,-1
604,75,1298.759510873405,579.7566222935984,134.05732253394945,88.6519715103866,-1,-1,-1,-1
605,75,1308.7600832573744,584.3449740619452,135.8568607437428,86.22424995229915,-1,-1,-1,-1
606,75,1309.3436938781733,584.3367656271517,138.0991146793101,87.64730011965275,-1,-1,-1,-1
609,75,1315.6722804213928,585.8118880854872,134.76855285118404,85.77083823118505,-1,-1,-1,-1
610,75,1348.5214551102877,585.9889377821369,145.8387208475524,89.6733340401496,-1,-1,-1,-1
611,75,1353.0781424059053,582.7724321025747,156.5641567309649,92.24241615138033,-1,-1,-1,-1
612,75,1359.1935411585994,581.539378699464,160.63751079177132,91.23407975525663,-1,-1,-1,-1
613,75,1360.1090474537582,576.4576394215119,167.8462433139316,92.09367696450158,-1,-1,-1,-1
614,75,1365.2610460093008,570.6191633099688,182.81168341307762,98.28286261725316,-1,-1,-1,-1
615,75,1365.9479489493153,567.7992826392491,187.52720566535118,99.95116017037208,-1,-1,-1,-1
616,75,1369.7655148955455,564.7975818701925,193.97115113850236,101.83800778393345,-1,-1,-1,-1
617,75,1364.6984000495806,563.6866813898645,198.11153610810493,101.86773543995218,-1,-1,-1,-1
618,75,1385.254494447353,565.2766954003154,201.0183140826157,101.16190752144655,-1,-1,-1,-1
619,75,1391.3139982090565,563.9655371766313,203.50310002390256,102.41214345866945,-1,-1,-1,-1
885,91,585.3877133874424,638.059158984336,63.64220450389439,82.66295229825653,-1,-1,-1,-1
886,91,577.1027948628418,638.3016217862743,65.29791235858659,84.03816706614066,-1,-1,-1,-1
887,91,567.3289487155046,639.6466400664422,65.89419509819288,83.88494647967252,-1,-1,-1,-1
888,91,555.8607013950804,646.6295502699361,64.3976731977881,81.82039282578887,-1,-1,-1,-1
890,91,535.4616606535245,652.3123571582984,66.18592228063403,82.28926883043334,-1,-1,-1,-1
891,88,917.1170107797027,571.2017694895706,71.30849057275066,71.54547332575078,-1,-1,-1,-1
891,91,518.2543595707568,644.9159137408284,77.69955673067454,96.0005107852744,-1,-1,-1,-1
892,88,916.7417772008878,570.8289342555266,71.36665810939246,72.1659111382994,-1,-1,-1,-1
892,91,506.24434943276106,652.0037871049351,75.72816095044755,92.54144835478837,-1,-1,-1,-1
893,88,916.8541157441526,569.40955803668,73.44476735481805,74.97210316680071,-1,-1,-1,-1
893,91,489.44411356219894,651.7802468628429,81.18065300275566,97.99753996418838,-1,-1,-1,-1
894,88,916.9395654514988,566.9549248629456,76.06358277498703,78.59284954257328,-1,-1,-1,-1
894,91,473.26385097860884,658.0356749670016,84.74298708119613,101.29465520627502,-1,-1,-1,-1
895,88,917.3207713737385,566.0205045410189,77.00056853045658,80.60993269703249,-1,-1,-1,-1
895,91,458.6012997240506,661.123680977972,87.9432534032743,105.08293749423956,-1,-1,-1,-1
896,88,917.3275630432719,568.2521771922834,75.69377507733293,79.43263923073823,-1,-1,-1,-1
896,91,440.2694849881635,661.0199837021219,92.61289524383619,109.05473864621979,-1,-1,-1,-1
897,88,918.1694600080762,571.133787176746,73.44509031456687,76.29266973696122,-1,-1,-1,-1
897,91,422.1501158162293,662.8355835116594,96.4725812709865,112.45895137204843,-1,-1,-1,-1
898,88,917.9446232843977,570.2866723832933,75.6209500934865,78.33910737212796,-1,-1,-1,-1
898,91,401.821573461361,666.6892079650357,101.41926231952846,116.91071956953942,-1,-1,-1,-1
899,39,916.0810028556821,571.0238393243388,88.81538708150651,82.95482409557326,-1,-1,-1,-1
899,88,918.2153013116576,569.9806167528184,78.30099120051568,81.02810672041926,-1,-1,-1,-1
899,91,376.99453448626616,666.2538854803165,112.23453632461616,129.38948305585404,-1,-1,-1,-1
899,104,1340.4574553916805,445.43955081067224,376.3286360220054,155.56542845584227,-1,-1,-1,-1
900,39,918.184656382203,571.3548507463961,85.08317849780474,82.87389501646157,-1,-1,-1,-1
900,88,920.1725060510529,571.165292867947,78.82718983429982,82.03392272177348,-1,-1,-1,-1
900,91,355.05170172766844,670.4122903268812,114.56102730993291,130.48917133836494,-1,-1,-1,-1
900,104,1348.5893685712408,428.58409083564186,422.40496194797925,174.6188585774048,-1,-1,-1,-1
901,39,918.1971783251777,570.8933515255518,86.08907987032035,83.86647117269763,-1,-1,-1,-1
901,88,923.1348320698029,572.2916957413255,77.19202342860626,80.43570031751119,-1,-1,-1,-1
901,91,340.8336481092497,672.1800454552582,117.49563027745592,133.83113797986698,-1,-1,-1,-1
901,104,1372.6711062846223,414.0424967927205,456.3827829134293,188.64714907166456,-1,-1,-1,-1
902,88,925.062204686146,572.0808168203683,76.25508132963182,79.76321254024356,-1,-1,-1,-1
902,104,1387.2312275968884,402.86599209122727,480.94262500060154,198.79903025692084,-1,-1,-1,-1
903,88,925.7329087484052,572.003264125609,75.29404713145448,78.82268928823544,-1,-1,-1,-1
904,88,926.8969712276289,570.6551327308005,77.66290946994263,81.74527689708862,-1,-1,-1,-1
905,88,928.45593617974,568.8563422475731,78.20331234760533,82.82097455186499,-1,-1,-1,-1
906,88,930.0738132980549,566.8618436235313,77.61088005490524,82.55630337028208,-1,-1,-1,-1
907,88,933.4944456126935,567.421277194214,74.97877534710267,79.79611526838528,-1,-1,-1,-1
908,88,933.7383043481777,564.9995336054845,77.32659894636333,82.69930432673391,-1,-1,-1,-1
909,88,934.9584723078361,563.4712064278303,78.48676222807387,84.40531857492215,-1,-1,-1,-1
910,88,938.9297529311397,564.8598385039722,76.40068811648109,81.78441536587889,-1,-1,-1,-1
911,88,939.5478291015964,564.7783006606359,77.30910460577934,82.71446311319812,-1,-1,-1,-1
912,88,938.6587816037714,560.8203903233517,82.42960901053164,88.30362708554594,-1,-1,-1,-1
913,88,941.0499656774342,561.9145520615608,80.13582505824604,85.89516949737481,-1,-1,-1,-1
914,88,943.0369994480984,561.7487600080997,80.28039525145437,86.18260346885882,-1,-1,-1,-1
915,88,943.7604712516173,560.3941027823346,82.91236327407034,88.8956336949849,-1,-1,-1,-1
916,88,946.795160435599,560.5483487955768,83.49453361281257,88.60394112340782,-1,-1,-1,-1
917,88,947.3561419295364,560.6391867944241,84.16894059713889,89.10845546742382,-1,-1,-1,-1
918,88,950.0447515136892,561.349001868554,83.9372422632074,87.96602461964108,-1,-1,-1,-1
919,88,951.2616693857708,561.6434698824354,83.33338213578804,86.83899443397547,-1,-1,-1,-1
920,88,951.6834572496133,559.7845321397969,85.69111870439008,89.04169796892302,-1,-1,-1,-1
921,88,952.3999739595198,559.7552587321784,87.32503304345403,90.50535800616501,-1,-1,-1,-1
922,88,952.7735654644509,556.4964603609336,88.93929523575298,92.35357829452914,-1,-1,-1,-1
923,88,954.0068489681777,555.9159862085156,88.56778440081018,91.73672213095472,-1,-1,-1,-1
924,88,954.8550996802671,555.0667869568445,88.85581132335369,92.12140092699019,-1,-1,-1,-1
924,107,1347.493299667991,427.2228521847277,610.2482613389936,262.31333391332487,-1,-1,-1,-1
925,88,956.206835077705,554.1142986723936,90.07799177403683,93.55777878607785,-1,-1,-1,-1
925,107,1347.8354250366995,418.58099857893535,664.155736377611,288.36577327141345,-1,-1,-1,-1
926,88,956.455744697894,553.123807196229,90.97286360619455,94.73611830534287,-1,-1,-1,-1
926,107,1332.6608223633104,410.58477737905,745.570224065181,323.71464556465776,-1,-1,-1,-1
927,88,956.1297191531922,552.7717194353771,92.0485093648839,96.46879522329652,-1,-1,-1,-1
928,88,957.694553673925,553.3143636795695,91.58942760406774,96.45527504640779,-1,-1,-1,-1
929,88,960.0885628930695,552.8991421481661,92.30950201059125,97.72572703065407,-1,-1,-1,-1
930,88,961.778089829539,553.4138208713881,93.54657903778946,99.48911485991846,-1,-1,-1,-1
931,88,963.1853469065329,553.6298946645753,95.00287636148028,101.4382573928325,-1,-1,-1,-1
932,88,964.4892001391979,553.7288859705081,97.17923735000772,104.10558835025597,-1,-1,-1,-1
933,88,970.2115485419079,555.0744560400802,95.23944461843666,101.86200123437345,-1,-1,-1,-1
934,88,970.8219994566125,554.9618858734797,95.60102081669288,102.89740538935848,-1,-1,-1,-1
935,88,971.7943657455756,555.5788171901838,95.44383508018643,102.60761499913667,-1,-1,-1,-1
936,88,969.6662176918446,553.8522549950612,98.26660162990242,106.40247549803155,-1,-1,-1,-1
937,88,970.7771243844088,552.5585022554287,101.25369905192042,110.4010069873982,-1,-1,-1,-1
938,88,973.7619848070847,554.0002362042724,99.78248185464076,109.33605735536878,-1,-1,-1,-1
939,88,975.1982893362291,553.9331964260998,99.18081878011833,108.84901151964743,-1,-1,-1,-1
940,88,975.8269572558615,553.9147349382467,96.69792604532222,105.99956966139132,-1,-1,-1,-1
941,88,975.7764332749078,553.2529562821088,97.50883353672396,106.85532323036807,-1,-1,-1,-1
942,88,977.8562705505284,553.0121782542353,96.82008852162073,106.49942199779844,-1,-1,-1,-1
943,88,977.7475232650128,551.6104931688607,100.2338574700949,110.95543878321087,-1,-1,-1,-1
944,88,979.1065667422985,550.4435143105137,99.94766345218966,111.31084616226406,-1,-1,-1,-1
945,88,980.7561552209282,550.6576573294361,97.47537948443812,108.78986212464986,-1,-1,-1,-1
946,88,981.1401263833758,549.4358864263818,97.56093518920682,108.44128124197209,-1,-1,-1,-1
947,88,981.3921579049528,549.6525406408963,98.61260874675656,109.6144908475917,-1,-1,-1,-1
948,88,985.6110584922139,548.4350940570757,99.87870992460375,110.69804601352303,-1,-1,-1,-1
949,88,986.0263259260635,546.6741386167605,103.31168340099907,114.37190084851704,-1,-1,-1,-1
950,88,987.7067406039886,546.0214120851418,102.77766232123633,113.79670450774927,-1,-1,-1,-1
951,88,990.291575694921,545.1388171191024,105.78493841701857,116.1569875598974,-1,-1,-1,-1
952,88,989.4255759431502,544.1720868786948,109.20651744820964,119.63213150300567,-1,-1,-1,-1
953,88,990.7431157593315,545.1176591947418,109.69773178859634,118.98995649568405,-1,-1,-1,-1
954,88,988.9492021851764,544.8628812881935,111.07363932044143,120.65039171543242,-1,-1,-1,-1
955,88,992.3172348363986,544.1301988273914,113.17487963919405,122.55262377298413,-1,-1,-1,-1
956,88,994.5701577162329,544.5171959907701,113.90845679971517,122.59391804874952,-1,-1,-1,-1
957,88,996.4236895353838,544.0326998503209,114.7010526174463,122.56362067591908,-1,-1,-1,-1
958,88,996.4336502031778,543.2078654517261,116.9176140331009,123.82509578799113,-1,-1,-1,-1
959,88,997.0814429300067,542.2554548685225,119.61625144498203,125.58044322387741,-1,-1,-1,-1
960,88,998.0322421687065,542.5606650342497,121.07428709081933,126.21729526187141,-1,-1,-1,-1
961,88,1001.1390450526662,542.043502249332,119.28364706689808,123.15016001076594,-1,-1,-1,-1
962,88,1002.7706128410929,542.5276875460646,121.52779655964775,123.90979656901936,-1,-1,-1,-1
963,88,1002.4928319157502,542.0628126124132,125.9950261208096,127.46381653064975,-1,-1,-1,-1
964,88,1002.266032326917,540.5947439363264,129.76754857595188,130.08775294954103,-1,-1,-1,-1
965,88,1001.5384232396394,540.0420931092355,133.66292015752003,133.01812344033203,-1,-1,-1,-1
966,88,1004.8387622750435,541.144620253858,135.6644281759917,133.4578268604713,-1,-1,-1,-1
967,88,1006.0331851094734,540.285095716339,138.41907761775656,134.88217917091583,-1,-1,-1,-1
968,88,1007.4788477352039,540.6204503233909,141.26265327921794,136.03720688467513,-1,-1,-1,-1
969,88,1008.7937084357818,538.8041809975643,147.20426659094846,140.35226756244674,-1,-1,-1,-1
970,88,1010.4065319959593,536.8278150522663,150.99909151543852,143.25359004455152,-1,-1,-1,-1
971,88,1011.6485456105611,536.0769520427172,155.60102677724944,146.26832709143105,-1,-1,-1,-1
972,88,1013.8887360091655,535.8073723794867,158.8669367760508,148.6717337232002,-1,-1,-1,-1
973,88,1013.3405966514862,534.428901280785,162.77741457421632,151.4829752059244,-1,-1,-1,-1
974,88,1013.7004469146414,533.9166362631156,162.9605708963304,151.85834300857266,-1,-1,-1,-1
975,88,1011.473537839942,531.1388564204802,167.55714189823323,155.8345352407697,-1,-1,-1,-1
976,88,1012.6808909146222,530.7455347748412,170.23752774214483,158.59279872482887,-1,-1,-1,-1
977,88,1016.4236366081616,531.2711157943992,171.04962814212104,159.59142457298367,-1,-1,-1,-1
978,88,1016.071492836214,531.506185389329,173.50175245544733,161.85015058757017,-1,-1,-1,-1
979,88,1019.4376622718316,529.0210377047124,179.62085470366537,167.84658212718432,-1,-1,-1,-1
980,88,1021.7335526854996,528.0858893788588,183.68960346586607,172.01910610931418,-1,-1,-1,-1
981,88,1023.4335212042031,527.1033973695096,184.7752007800823,172.9203123047746,-1,-1,-1,-1
982,88,1024.2960200754283,524.8036392540039,188.47189940903536,175.76583503638085,-1,-1,-1,-1
983,88,1028.5103937053846,523.9464819224756,192.31320906655242,178.7251357180494,-1,-1,-1,-1
984,88,1033.1266928485452,524.9428085185334,195.40319836469416,179.78517912152358,-1,-1,-1,-1
985,88,1035.111913285407,524.7148903318837,196.62625508507062,179.45068835748066,-1,-1,-1,-1
986,88,1035.2649195446083,523.349722848496,200.67295614733075,182.49710530706193,-1,-1,-1,-1
987,88,1036.693481829096,522.2021453808769,206.42140218212194,186.84182971431244,-1,-1,-1,-1
988,88,1038.1597924439984,520.4905460699619,213.06779260777103,191.67928612197147,-1,-1,-1,-1
989,88,1041.3441091560528,519.8553842581877,214.70892792020345,191.5318510588395,-1,-1,-1,-1
990,88,1043.5509259577384,518.9936923263851,220.30182552799124,194.62033237256026,-1,-1,-1,-1
991,88,1043.0348040257793,517.393099884616,230.77901258344377,202.21934400624832,-1,-1,-1,-1
992,88,1044.0850199284766,518.0901476212998,235.31920468414023,203.13312487750045,-1,-1,-1,-1
993,88,1048.5434991477048,517.1065966284042,241.68324714271762,205.96277627992083,-1,-1,-1,-1
994,88,1051.7145521349416,518.0523681283753,244.20937329654862,205.01223699214654,-1,-1,-1,-1
995,88,1056.9207680054071,514.5305515777853,252.5825438864813,209.7586186242421,-1,-1,-1,-1
996,88,1061.111480017812,511.2683584575775,259.52193320946003,212.78797817327631,-1,-1,-1,-1
997,88,1063.926814021717,508.0913710153086,267.27387943316603,216.46187818839167,-1,-1,-1,-1
998,88,1068.7241153797838,503.0143581080947,277.4189025616263,222.97618315945942,-1,-1,-1,-1
999,88,1068.4024629530236,501.1028569017944,286.6364800133447,229.26982390186612,-1,-1,-1,-1
1000,88,1070.4377111865265,496.55061617001894,296.48276273393026,236.12288085572806,-1,-1,-1,-1
1001,88,1075.6787550365673,495.47892827829673,306.4982110498597,242.53671124353832,-1,-1,-1,-1
1002,88,1077.2252526795749,495.1275407252032,314.88950513482473,246.84323259410098,-1,-1,-1,-1
1003,88,1079.9223748054678,492.479779777381,320.6453043486488,249.6725698894623,-1,-1,-1,-1
1004,88,1089.8810599735687,494.74750032751473,322.7450576959038,248.04055630156216,-1,-1,-1,-1
1005,88,1091.457772964292,491.1401162907139,334.83651155725374,254.4186100365996,-1,-1,-1,-1
1006,88,1098.4448016059519,487.22422825267324,348.9384185360668,261.92106737895347,-1,-1,-1,-1
1007,88,1100.3811146564642,479.96250709683517,368.4056893325662,273.72895302634043,-1,-1,-1,-1
1008,88,1104.8521598640905,478.4782505180832,376.4287504945778,274.9975016153048,-1,-1,-1,-1
1009,88,1105.6692454109443,475.40715265222514,393.1455239623606,283.0531706931389,-1,-1,-1,-1
1010,88,1108.1552046572224,469.1457301654798,416.66483236785325,297.6016237271044,-1,-1,-1,-1
1011,88,1119.0972996072712,469.96352597643903,430.90948045838854,301.84543628516013,-1,-1,-1,-1
1012,88,1120.971127734085,465.9028880006989,450.5051257513371,311.65953279322173,-1,-1,-1,-1
1013,88,1123.0723088257814,461.1951089335379,475.3183720979896,325.55303844208504,-1,-1,-1,-1
1014,88,1127.685510037108,456.24354931612027,496.6385103112789,337.1820695934349,-1,-1,-1,-1
1015,88,1124.7186845506099,448.63983520591796,524.8309102764208,354.9465738989229,-1,-1,-1,-1
1016,88,1134.713437443224,444.4663132173167,544.0646691240895,365.53253372095173,-1,-1,-1,-1
1017,88,1141.7731143636438,438.4638901990711,572.8702576926476,382.2045596288117,-1,-1,-1,-1
1018,88,1145.8899013236016,431.76175583589816,601.1729212157213,398.6719823041749,-1,-1,-1,-1
1019,88,1153.8387033782772,419.71299931882845,640.8373124285747,423.30129362082516,-1,-1,-1,-1
1020,88,1158.3891494681661,411.2756096352381,673.1953665516908,441.6013989480758,-1,-1,-1,-1
1021,88,1169.5109190873857,402.98551774086536,702.6719887156794,457.43671727110427,-1,-1,-1,-1
1022,88,1163.7185106383863,387.1755250937532,748.5328991930794,487.4401000355391,-1,-1,-1,-1
1023,88,1148.6463586951932,369.77566473538616,790.2857302842892,517.8126047472242,-1,-1,-1,-1
1024,88,1135.95014096507,351.06163098303557,827.6224614886842,548.4226338136982,-1,-1,-1,-1
1025,88,1139.5663637098928,338.715114524432,828.119624002095,554.0858209979963,-1,-1,-1,-1
1026,88,1125.9773497754938,319.3977840183721,866.1179104475393,590.0318230828125,-1,-1,-1,-1
1027,88,1113.5794146983894,297.60474012716224,895.3416929806222,622.5651756901609,-1,-1,-1,-1
1028,88,1058.999314913642,206.36410717922377,1017.4539457231929,733.5732050040845,-1,-1,-1,-1
1029,88,1038.315167905872,158.70891213179925,1063.4516625480137,795.014262194712,-1,-1,-1,-1
1030,88,1054.0879024752658,147.49752374822043,1035.3772994562269,798.9122062210502,-1,-1,-1,-1
1031,88,1060.3586126906391,137.41383445382263,1030.1109818564885,821.8140455418959,-1,-1,-1,-1
1032,88,1067.5251270628364,128.20376662306427,1020.0353961727492,840.9256041170929,-1,-1,-1,-1
1033,88,1096.328167915119,128.22495126020692,981.8536280120159,835.7435441403325,-1,-1,-1,-1
1034,88,1135.9010928053274,145.58372968071018,921.2538497687294,806.9976826281929,-1,-1,-1,-1
1035,88,1141.402205339674,128.35241149397018,919.9609282285389,831.7902281208449,-1,-1,-1,-1
1036,88,1189.7335013719512,159.31839894035988,833.6893884367023,769.5547925144074,-1,-1,-1,-1
1037,88,1221.3024240164623,182.11789905601444,781.4843650257328,735.6951901880971,-1,-1,-1,-1
1038,88,1231.1224300617473,182.1233712084507,771.9243348280074,742.9123666163364,-1,-1,-1,-1
1039,88,1244.1035877556833,182.26039726371795,754.5219432893084,741.4207310264458,-1,-1,-1,-1
1040,88,1292.0511219230511,212.25640910139379,680.3940785391808,676.4751175359372,-1,-1,-1,-1
1041,88,1325.6983866595278,220.12652094631528,636.9041163290312,641.2037043397293,-1,-1,-1,-1
1042,88,1349.5576926194958,212.6463001497857,628.5177784496225,647.3351292382874,-1,-1,-1,-1
1043,88,1357.6790075259491,195.24279951610123,643.8437508314896,683.1835674669148,-1,-1,-1,-1
1044,88,1371.0391292602847,171.8554381895243,647.2597039459258,710.8167412274545,-1,-1,-1,-1
1045,88,1382.74214409579,148.6132259440256,650.3184072735739,741.6343117920053,-1,-1,-1,-1
1046,88,1395.8183331628554,118.47735690111978,660.1663229462936,788.9640953147414,-1,-1,-1,-1
1047,88,1417.4218645542928,77.00499859401344,655.8406958357186,824.3114162082034,-1,-1,-1,-1
1048,88,1424.9137648271048,64.29397164539773,666.4549636594488,837.7924818943344,-1,-1,-1,-1
1193,120,628.8976386998778,617.9465192132307,60.95416859368527,84.80622783298236,-1,-1,-1,-1
1199,120,566.1794162760206,632.9367337009244,69.15951196048059,89.71386871307436,-1,-1,-1,-1
1200,120,550.3683473760832,626.698263565933,76.92983570542458,99.57705925121309,-1,-1,-1,-1
1201,120,535.1491358137954,624.1482074189032,83.81228229950545,107.85714874491737,-1,-1,-1,-1
1202,120,527.0096080380358,639.1555053577769,75.38625542325713,95.76221264119272,-1,-1,-1,-1
1203,120,506.7339306665508,629.2046447887207,88.20448641418534,112.008042851921,-1,-1,-1,-1
1204,120,489.49066506692327,626.4025162177363,93.44610184386443,118.93516572804901,-1,-1,-1,-1
1205,120,467.483194593013,623.3774638174674,101.62180460509256,129.16345730319483,-1,-1,-1,-1
1206,120,448.039211221047,620.3184406927422,108.51473843797737,138.15315313660642,-1,-1,-1,-1
1207,120,433.70572798978026,640.762294115274,100.48669217394115,126.23264519500287,-1,-1,-1,-1
1208,120,416.8827832607987,654.8249429681056,96.56583729400842,118.78693239992879,-1,-1,-1,-1
1209,120,385.99565409900555,649.5060534081673,109.9996087252166,134.37652397541626,-1,-1,-1,-1
1210,120,360.4667869027363,657.6135026876169,112.25315471660201,134.98943417832686,-1,-1,-1,-1
1211,120,324.8554495346233,644.9510504767102,131.8362230822877,157.43347971585956,-1,-1,-1,-1
1212,120,292.538458585517,646.2967995096633,138.21564216267262,163.50190291014064,-1,-1,-1,-1
1213,120,274.3419498542407,646.6282451904073,142.73946557154244,168.8518659285363,-1,-1,-1,-1
1215,138,567.689077070123,470.0231503292497,218.47428213291994,209.7212195790703,-1,-1,-1,-1
1216,138,560.6162596245479,467.58917505725185,224.60589208226384,215.57030329766872,-1,-1,-1,-1
1217,138,550.099436628113,462.69351941472695,230.02169287493973,219.9920974137895,-1,-1,-1,-1
1218,138,539.6942668755796,456.9421237652749,238.1373634755729,226.77216788960789,-1,-1,-1,-1
1219,138,528.416291691263,451.6116116650173,246.38892613255655,233.722364878242,-1,-1,-1,-1
1220,138,514.8715477947403,443.78470227514464,257.2734110585101,242.72743707609442,-1,-1,-1,-1
1221,138,499.70421555935184,435.0572424056869,268.7652494349078,253.13472680018253,-1,-1,-1,-1
1222,138,482.5264581187127,429.257925304962,276.17524725362574,258.86212503305694,-1,-1,-1,-1
1223,138,470.9429240171486,421.3604705863821,286.7257659700997,265.99723582006015,-1,-1,-1,-1
1224,138,459.42468823511837,413.30811435448487,300.8664348216641,274.3379148008909,-1,-1,-1,-1
1225,138,430.9680689535063,405.85239147440404,314.26207037161305,284.4311364082416,-1,-1,-1,-1
1226,138,418.17512900714667,399.77917770026147,322.60251340656635,291.9797898603358,-1,-1,-1,-1
1244,138,512.6434588877853,429.3101348631239,261.2282569546578,244.5510877283162,-1,-1,-1,-1
1245,138,513.4763377900681,434.1788628246107,251.72711324013505,239.66252051666874,-1,-1,-1,-1
1246,138,494.17413802968053,427.35359231019385,261.71576988216884,250.6647359297978,-1,-1,-1,-1
1247,138,476.284126681723,422.26232905855477,268.52265427761654,255.1383414437064,-1,-1,-1,-1
1248,138,449.0336031198127,414.91089853189646,282.32478727076375,264.97039773993083,-1,-1,-1,-1
1248,150,728.7329863009627,543.6875407644463,93.06620829518772,92.34572733705909,-1,-1,-1,-1
1249,117,910.44688531417,568.3198470672403,88.08934896574249,58.42837866858531,-1,-1,-1,-1
1249,138,430.3949262570238,407.55856605085796,292.16346911157257,271.22977808123187,-1,-1,-1,-1
1249,150,727.4250065632987,545.2317402144262,92.38196506347208,91.61869814569002,-1,-1,-1,-1
1250,117,905.6526958512306,558.3242480153024,97.24337539853946,68.58701177504747,-1,-1,-1,-1
1250,138,420.89166707333925,404.58823271681797,295.6401148303926,274.4573387298427,-1,-1,-1,-1
1250,150,725.150846372644,548.0079970498152,90.85912499545452,89.8254548913186,-1,-1,-1,-1
1251,117,904.7378274421599,553.3236063543109,99.27980990730896,74.24194002958416,-1,-1,-1,-1
1251,150,721.7148693019859,548.9372071738937,92.25166059783089,90.63820521592936,-1,-1,-1,-1
1252,117,905.6534998256365,551.2138023694326,98.07738852812895,77.24096003765146,-1,-1,-1,-1
1252,150,715.8880555587161,549.2235653490857,94.50297706947458,92.31575856273332,-1,-1,-1,-1
1253,117,904.121620497405,547.9851114686046,102.31711738077172,80.58290531401371,-1,-1,-1,-1
1253,150,709.3845701334433,545.194778708019,99.53788181828907,97.00945438134943,-1,-1,-1,-1
1254,150,703.7277410404938,545.0323810043527,100.78551380089039,97.38217008522145,-1,-1,-1,-1
1255,150,701.5049348060652,543.6405526041565,102.98085645085098,99.4677832608212,-1,-1,-1,-1
1256,150,696.802064050019,543.1227459532274,105.16113896271747,100.873940748932,-1,-1,-1,-1
1257,150,693.3614449534437,540.3037440387559,108.85532148787718,103.99689087379147,-1,-1,-1,-1
1258,150,691.2404119388024,537.9398092420802,111.42160462919003,106.44852158511776,-1,-1,-1,-1
1259,150,686.21558622403,533.7962172092336,115.82695248607206,110.59590367614396,-1,-1,-1,-1
1260,150,682.941269969731,530.9364574108281,118.42275191073611,113.43542561964148,-1,-1,-1,-1
1261,150,676.3645436627893,529.8601233148948,119.24665832077085,114.47962670507263,-1,-1,-1,-1
1262,150,672.7187354958014,529.492381862021,119.97465612894393,114.81145939287342,-1,-1,-1,-1
1263,150,667.8447651294642,526.7945869286335,123.49712932244609,118.126701758948,-1,-1,-1,-1
1264,150,661.4644531070855,525.7992793745226,125.64716846284966,119.34460947161062,-1,-1,-1,-1
1265,150,656.180104262359,524.1663361973928,128.41288200106987,121.04538600598266,-1,-1,-1,-1
1266,150,651.9838136773323,523.5821858389564,129.47451412892224,121.63998197909245,-1,-1,-1,-1
1267,150,644.8306032426237,522.1055464494176,133.37878232558955,125.05798596444606,-1,-1,-1,-1
1268,150,638.2128081874336,520.9314729588581,137.01253576862575,128.25472955010457,-1,-1,-1,-1
1269,150,631.9698700624323,519.2285053442215,141.48760723990927,132.01573131439943,-1,-1,-1,-1
1270,150,623.6456504360605,518.608652716366,144.95657130878715,134.70031502046777,-1,-1,-1,-1
1271,150,612.8007599267104,516.4786937353159,151.43738988948235,140.18810723724846,-1,-1,-1,-1
1272,150,602.7112994917884,515.6893344097259,155.0654978438272,142.8900832779599,-1,-1,-1,-1
1273,150,595.2928658353284,512.8547554494195,158.54984214956005,145.7913306130431,-1,-1,-1,-1
1274,150,587.5205815271574,510.5060540286685,163.54435624507744,150.05662415085476,-1,-1,-1,-1
1274,156,936.6570534700894,547.0,60.2051154502916,89.345402793179,-1,-1,-1,-1
1275,150,577.3159929893628,507.7117267492499,169.23098209656553,154.84486453752652,-1,-1,-1,-1
1275,156,936.4091220895573,547.0,60.97336926335936,90.48550445629155,-1,-1,-1,-1
1276,150,569.5667536816651,505.3866407754938,174.15449718329285,158.55177538668568,-1,-1,-1,-1
1277,150,559.7656198801357,504.5303938595374,178.39722507487852,161.1905089062558,-1,-1,-1,-1
1278,150,547.5481202474955,501.6795613959807,184.942401935941,165.98162345079936,-1,-1,-1,-1
1279,150,533.4918444032583,495.4896920246975,196.80640334382224,176.09246309880024,-1,-1,-1,-1
1279,156,938.5663059377114,545.0773069663428,61.70818129420434,92.11773507378336,-1,-1,-1,-1
1280,150,520.8914852159761,489.9589909492557,203.90878839624133,181.212496234659,-1,-1,-1,-1
1280,156,937.8463994526521,544.2257296882444,62.793166662519525,94.37837125488852,-1,-1,-1,-1
1281,150,503.3600243092226,483.9974503267832,214.30782288290902,188.86103248915117,-1,-1,-1,-1
1281,156,937.8808075905267,543.8578835833994,63.410930745578526,95.30687782318387,-1,-1,-1,-1
1282,150,491.014235032434,479.1846566682622,220.13297835271948,192.38882345500684,-1,-1,-1,-1
1282,156,938.1140826979188,542.3163635673745,62.16656281222902,93.6869342299425,-1,-1,-1,-1
1283,150,472.0023824968961,474.1735163983199,232.59423261356721,200.67379971666486,-1,-1,-1,-1
1283,156,938.163455880329,541.8020766639775,62.57168198073941,94.29746740446103,-1,-1,-1,-1
1284,150,456.8620408983189,469.11782396538456,246.27944158961736,210.78706398159102,-1,-1,-1,-1
1285,150,443.9208266782729,466.575907554254,250.8328165478922,211.48780818733195,-1,-1,-1,-1
1285,156,936.4618307279678,538.4038986192829,64.49957970789524,96.78425759687741,-1,-1,-1,-1
1286,150,424.0644464055117,457.99006989843565,267.8553790056801,224.39424765311628,-1,-1,-1,-1
1286,156,936.3303320922236,537.6331834950013,64.99773404612233,97.53176187741349,-1,-1,-1,-1
1287,150,405.1819783180498,450.95506407096735,280.7270517903263,232.43224193235466,-1,-1,-1,-1
1287,156,936.612219057185,535.3967802713682,67.90072488484759,101.99429483777908,-1,-1,-1,-1
1288,150,385.94212625093803,446.3626155492168,288.8561910068232,237.36727737456295,-1,-1,-1,-1
1288,156,936.5206431205136,534.4727618062428,68.65704315803214,103.13037176770774,-1,-1,-1,-1
1289,150,361.94882679513205,440.2099851069769,302.39751107920995,246.79056995801648,-1,-1,-1,-1
1289,156,937.6850264545214,533.8984071283513,69.01567011212728,104.05998645738987,-1,-1,-1,-1
1290,150,336.7582563918311,431.55645704128835,318.8209949000957,257.3181813333331,-1,-1,-1,-1
1290,156,939.6368043248335,534.3400457708293,69.12446854193774,104.38968351448966,-1,-1,-1,-1
1291,150,308.7166336579351,424.4562958174496,337.32805741392116,268.914912013502,-1,-1,-1,-1
1291,156,940.9271330118825,535.8250272232743,67.31859259699513,101.86643953402688,-1,-1,-1,-1
1292,150,281.00989024148,418.61184894102587,354.40421447753397,279.0238821031404,-1,-1,-1,-1
1292,156,940.1263464901725,535.1006291827003,69.16740368106707,104.83104330515596,-1,-1,-1,-1
1293,150,244.88548701571855,405.6611524127626,382.9356810270424,298.68288141095127,-1,-1,-1,-1
1293,156,941.69075718277,536.7981871915633,67.41039870129123,102.00388807827426,-1,-1,-1,-1
1294,150,209.56127401339333,393.7745436605372,409.9179734279195,318.1778459984527,-1,-1,-1,-1
1294,156,942.0299761736567,536.4866231231528,67.75590926358029,102.5267185980772,-1,-1,-1,-1
1295,150,169.0873253860085,382.2657469849955,441.46975872182657,341.43576802672015,-1,-1,-1,-1
1296,150,129.75731023063645,372.18466579523397,462.32374922379665,353.67749051425994,-1,-1,-1,-1
1297,150,92.54735493462306,356.35571298390005,484.61809393110116,365.8500087876073,-1,-1,-1,-1
1297,156,942.3426522848217,538.5960104325286,68.53586676262728,101.362647204273,-1,-1,-1,-1
1298,150,69.58810633854966,348.92907997306065,498.35552999682136,376.2183613105999,-1,-1,-1,-1
1298,156,942.6863669350598,538.57034661444,68.71586478796519,101.62883514013697,-1,-1,-1,-1
1301,156,941.756133284508,535.3858393135484,73.45359135326123,107.38450902753914,-1,-1,-1,-1
1302,156,941.0807505188645,534.3495331176683,74.44558033687531,108.0369373772943,-1,-1,-1,-1
1303,156,941.161285831774,533.9873546480578,74.80696923248013,107.60381189144698,-1,-1,-1,-1
1304,156,940.4633545790763,533.206725604431,75.7154381074995,108.07118872811441,-1,-1,-1,-1
1305,156,941.820043599385,534.2376202842601,75.41791342405656,106.25810200684145,-1,-1,-1,-1
1306,156,942.0502409565067,533.9883832156003,75.85355813975514,106.86316609178436,-1,-1,-1,-1
1307,156,942.3281795259753,533.7188460959865,76.11340652989622,107.22911621769686,-1,-1,-1,-1
1308,156,942.6935086423066,533.8769856730073,76.52038899252909,107.90954520941807,-1,-1,-1,-1
1309,156,942.9767128985119,533.6518663579432,76.80313959360046,108.30815659769632,-1,-1,-1,-1
1310,156,943.3875955956764,533.0924270603845,77.92282948013838,109.71990518634846,-1,-1,-1,-1
1311,156,944.3399190554317,532.9452128214127,77.8791512235897,109.40149783555148,-1,-1,-1,-1
1312,156,944.1531493319305,531.5764115003127,78.90173226517766,111.25916479924138,-1,-1,-1,-1
1313,156,944.4565810027558,531.209924539033,79.30565275842002,111.82860319778695,-1,-1,-1,-1
1314,156,946.1200044854376,530.9644768406241,79.9045075231669,112.09031346642337,-1,-1,-1,-1
1315,156,947.1069240080049,531.5443905384104,79.60579427402286,111.5339203533182,-1,-1,-1,-1
1316,156,947.6142038539775,531.7582493600576,79.8269229546753,111.98609650052242,-1,-1,-1,-1
1317,156,947.8657554037487,530.5303578348962,81.05899768266329,113.45759107256492,-1,-1,-1,-1
1318,156,947.4138635188567,530.7289045029057,81.91878353694551,113.99909551798908,-1,-1,-1,-1
1319,156,947.8154208336746,529.5037817757297,83.67225308942625,115.49825526687141,-1,-1,-1,-1
1320,156,948.2657312059295,529.1395255636668,84.13733901418607,116.14002941608805,-1,-1,-1,-1
1321,156,947.5439907636456,526.6304142005276,86.14701137293639,118.49612727457122,-1,-1,-1,-1
1322,156,946.7362509945395,526.0167492667862,87.36635935149855,119.77047186195966,-1,-1,-1,-1
1323,156,946.979644749574,525.4332554726502,87.9945155389454,120.63135802250326,-1,-1,-1,-1
1323,183,1329.548853557591,543.6649101929638,190.42759426858652,113.04368736076879,-1,-1,-1,-1
1324,156,947.886930518201,525.7373459153389,87.2418375678659,119.56909781427271,-1,-1,-1,-1
1324,183,1329.127882825932,542.3042052122042,198.15779548768114,118.68727363470646,-1,-1,-1,-1
1325,156,949.1568204647917,525.078603756591,87.74849517051985,120.75247370097134,-1,-1,-1,-1
1325,183,1334.0216329890723,541.8717208790014,203.74485228840513,123.32607791348062,-1,-1,-1,-1
1326,156,950.6394497329195,524.8509811192745,87.81886664703802,121.82057744468875,-1,-1,-1,-1
1326,183,1354.2600309351837,538.9980077318448,210.63271985579672,127.60466284326867,-1,-1,-1,-1
1327,156,949.9994871773839,523.4718441207953,88.89298872652455,123.51040174579691,-1,-1,-1,-1
1327,183,1377.674138452045,537.9628637875807,218.53027526447613,132.40817994443216,-1,-1,-1,-1
1328,156,949.8291343292124,522.3101629379788,90.4119243982966,125.43430023092094,-1,-1,-1,-1
1328,183,1388.5020361662307,536.2917745099325,224.21617031059054,136.06580596865,-1,-1,-1,-1
1329,156,948.5693963627897,521.2337859148616,92.03189254167421,128.09691675977047,-1,-1,-1,-1
1329,183,1402.6043299932126,535.1096090237514,230.42509388211124,139.83370243321895,-1,-1,-1,-1
1330,156,948.6847952538682,520.192687073522,93.36508453381464,130.38425045268934,-1,-1,-1,-1
1331,150,594.6114672355657,496.8781069450716,207.31269504167415,161.42395662788743,-1,-1,-1,-1
1331,156,949.078957448376,519.8157177628137,93.79147965618529,130.57503262099806,-1,-1,-1,-1
1331,183,1420.2289817907208,532.9583382254193,236.85125124324827,143.71466527250925,-1,-1,-1,-1
1332,150,596.6269108111628,497.2481051535383,203.04063965216278,160.6516136194109,-1,-1,-1,-1
1332,156,950.1607248714905,519.045297276138,94.66705691388427,131.90537069986442,-1,-1,-1,-1
1332,183,1433.19195633879,531.7991427737227,242.4116013458331,147.0885342113753,-1,-1,-1,-1
1333,150,600.233361282247,497.2513858853423,206.56692143885277,161.10521673981407,-1,-1,-1,-1
1333,156,951.0618968329682,518.7747511417462,94.63693000859325,132.37357483268704,-1,-1,-1,-1
1334,150,581.1802338476057,490.40183390079505,217.3593213891627,173.07837226939432,-1,-1,-1,-1
1334,156,950.9614914095762,516.7345955187741,96.77583320617691,135.12578836112527,-1,-1,-1,-1
1335,150,570.7397646185597,483.874277935574,224.33120431249358,181.16928470933567,-1,-1,-1,-1
1335,156,951.3160757725999,514.6787842981728,98.06215113661972,137.43844979034498,-1,-1,-1,-1
1336,150,560.888871847281,478.8529553854762,229.36386851597968,185.24181859722967,-1,-1,-1,-1
1336,156,951.3473367298243,514.5655089549264,98.71762782077667,138.28411016883706,-1,-1,-1,-1
1337,150,542.1944751177413,473.74121879326856,237.57967933784687,194.05267957729143,-1,-1,-1,-1
1337,156,951.5795526300428,513.7257848691461,99.6605431109474,139.6047894855394,-1,-1,-1,-1
1338,150,529.4458570204248,468.64861623874106,249.3029690058081,204.47148912230273,-1,-1,-1,-1
1339,150,517.3148503968689,461.60633989317773,259.55796467078403,212.1773383792837,-1,-1,-1,-1
1339,156,952.9423341511349,508.6701227432419,100.0547743614809,141.2063773379142,-1,-1,-1,-1
1340,150,503.60186276302466,457.7180244159518,263.1306918493358,214.28454722424834,-1,-1,-1,-1
1340,156,954.1752849458069,506.48967333485166,100.80223830189857,143.49347290394485,-1,-1,-1,-1
1341,150,488.37036178299525,449.20821858639033,269.0949159428102,220.6964766740789,-1,-1,-1,-1
1341,156,954.5137203444878,505.235841620943,101.73557667956436,144.82205809880884,-1,-1,-1,-1
1342,150,468.31999663436113,439.6016074725859,285.96603014319476,235.27690080647392,-1,-1,-1,-1
1342,156,954.4512107142177,503.2256192251461,102.41308079459759,146.8048581785361,-1,-1,-1,-1
1343,150,452.5875852891334,433.45518502542177,293.5216135985242,240.77481710601342,-1,-1,-1,-1
1343,156,954.9756004141045,503.29998748439596,102.32284797694865,147.39869397051154,-1,-1,-1,-1
1344,150,436.47029950788044,431.21705813317624,298.2149679296598,243.3264256267231,-1,-1,-1,-1
1344,156,953.3803948452156,502.0385773728201,103.21116716946597,148.9006543147259,-1,-1,-1,-1
1345,150,418.55818625737857,426.034237455474,310.27880596789055,252.45223944567795,-1,-1,-1,-1
1345,156,954.0072543355541,500.2924833977713,104.30669473136459,150.73382077651786,-1,-1,-1,-1
1345,183,1586.204854209944,492.6560264318673,326.1239656990517,196.83947468276347,-1,-1,-1,-1
1346,150,395.2711729131134,419.04793507901775,323.82248659982605,262.21121946467633,-1,-1,-1,-1
1346,156,952.7765638952136,500.9710398451964,105.01962266164298,151.38842983561153,-1,-1,-1,-1
1346,183,1598.29341036909,490.08626424977837,332.28566381915107,200.55849994594877,-1,-1,-1,-1
1347,150,375.7867393061903,411.99458427325527,337.60548315312263,272.86118225496165,-1,-1,-1,-1
1347,156,953.4473630438983,499.9711871488206,106.23116699695129,153.54935315346938,-1,-1,-1,-1
1347,183,1598.1723391564137,489.4341656128876,339.5385928046444,208.69620466603618,-1,-1,-1,-1
1348,150,362.58065800290603,403.6481057986506,345.1379727220045,276.2163421425819,-1,-1,-1,-1
1348,156,955.0681438761873,498.9730247386313,107.84477511779221,156.93755151486465,-1,-1,-1,-1
1348,183,1583.901900902023,479.7987499092137,368.1152401141735,233.24135312949807,-1,-1,-1,-1
1349,150,324.98825714175837,388.3435504474131,375.0951596325351,300.36916489617977,-1,-1,-1,-1
1349,156,958.5687753747214,499.9241197089889,107.21319249484748,156.239692592334,-1,-1,-1,-1
1349,183,1592.1838743217475,476.74485246337196,377.4350269897909,239.1466246597526,-1,-1,-1,-1
1350,150,295.0715597451845,378.77522666860193,395.8635738370087,316.4494583136268,-1,-1,-1,-1
1350,156,960.7009878978072,499.68356866005735,107.97952331835108,158.52012908114654,-1,-1,-1,-1
1351,150,265.56463037397486,368.8291167893802,412.1092292417658,328.97730793442537,-1,-1,-1,-1
1351,156,959.2730889329454,498.3141762966891,108.11543629872756,159.34153949574556,-1,-1,-1,-1
1352,150,247.05245597444258,361.7303354541227,423.85997839636235,338.35649647059586,-1,-1,-1,-1
1352,156,959.7151382537397,497.1639188704364,110.67680292615478,162.87060880875606,-1,-1,-1,-1
1353,156,958.6005395705872,496.1020022252894,112.8626194871913,164.82001062814834,-1,-1,-1,-1
1354,156,958.1949004500801,494.4220242115829,115.53889952671796,167.46616708348654,-1,-1,-1,-1
1355,156,959.3059133934875,493.1575997199269,115.92453949100002,167.77475466398687,-1,-1,-1,-1
1356,156,960.5916024938028,491.40080742560673,117.55855827773848,170.4386919399671,-1,-1,-1,-1
1357,156,961.3902322317238,490.76393026355146,118.80563860833149,171.40167108781185,-1,-1,-1,-1
1358,156,961.0572305086724,489.9067186014974,119.8350386112005,173.01326808706443,-1,-1,-1,-1
1359,156,961.4919976557105,488.96241777270603,120.33492462785262,173.57216736526328,-1,-1,-1,-1
1360,156,963.2718490984448,487.3300428277662,121.80609025018566,176.34199289556386,-1,-1,-1,-1
1360,194,561.2873972562961,493.3417922570277,263.4505822584905,162.86822560501173,-1,-1,-1,-1
1361,156,961.7907598606639,485.43819416482273,124.01306647538445,179.95318809202337,-1,-1,-1,-1
1361,194,554.6639806209644,493.7553986615473,263.5857955512754,162.1097563616284,-1,-1,-1,-1
1361,195,1467.137594597647,531.701536829845,273.99730628662655,160.87325789278736,-1,-1,-1,-1
1362,156,963.708599024957,484.74872172106586,123.71365165733641,179.33272986131635,-1,-1,-1,-1
1362,194,568.6242120926798,489.83989979383995,262.50331991872827,161.89817604958017,-1,-1,-1,-1
1362,195,1491.244329873818,527.3297445543285,284.88484188366806,167.465193819364,-1,-1,-1,-1
1363,156,965.427141384044,483.8758272116033,124.18571881681873,179.66773546157214,-1,-1,-1,-1
1363,194,527.178596276132,487.86387851607174,284.18423848928694,174.24732986928393,-1,-1,-1,-1
1363,195,1525.825482280047,528.6616665615375,281.7967713480891,164.50725442634712,-1,-1,-1,-1
1364,156,963.5523088400247,482.27276669434,125.41624785623696,181.04862860366222,-1,-1,-1,-1
1364,194,518.1583003730752,485.21045268617036,291.4270393856734,178.5189372552236,-1,-1,-1,-1
1364,195,1547.0018942602226,525.7464520715212,281.0942571600269,163.03961338719898,-1,-1,-1,-1
1365,156,961.587852358774,480.3921705395438,128.30984633546905,184.79445983522646,-1,-1,-1,-1
1365,194,513.6244913345025,485.62878780214845,291.02758221759507,177.23427400795873,-1,-1,-1,-1
1365,195,1558.8166984644122,524.0768411991113,289.04168870667786,166.52746083280124,-1,-1,-1,-1
1366,156,959.8098296902718,479.06170786851993,130.11503703139408,186.8238721478569,-1,-1,-1,-1
1366,194,518.5070460496075,476.5620226694898,305.6881873262528,188.4872537205788,-1,-1,-1,-1
1366,195,1575.744314870957,522.5496567785373,293.57532873659716,169.1394490034827,-1,-1,-1,-1
1367,156,961.1539926178914,477.2902343715194,131.26161678030303,187.54202548581128,-1,-1,-1,-1
1367,194,518.7688354781452,473.8874890120766,302.76863537223437,187.39645796592703,-1,-1,-1,-1
1367,195,1584.2481693043185,513.049125755424,316.1873379260717,180.70019622158281,-1,-1,-1,-1
1368,156,967.5763853116636,476.0025866105993,131.61955830171576,188.40570247629927,-1,-1,-1,-1
1368,194,513.2045002485806,469.03808089366333,300.8657277244896,186.6668105434108,-1,-1,-1,-1
1368,195,1581.9707267957554,511.46017482671283,333.15037185928963,189.52897129396064,-1,-1,-1,-1
1369,156,970.3332788887751,473.593968079353,133.05573596222075,191.2945072521219,-1,-1,-1,-1
1369,194,410.33609006894636,465.32417061516816,343.8887559515435,207.27375811823305,-1,-1,-1,-1
1369,195,1595.6318923487243,508.9289634165549,341.08786529096005,194.04458571092982,-1,-1,-1,-1
1370,150,473.15702589193904,452.25685807192554,279.1212541888308,221.21328978546353,-1,-1,-1,-1
1370,156,971.5812518720493,471.41549217054387,134.42094960745726,194.29899444720002,-1,-1,-1,-1
1370,194,392.9202048805058,462.1630742133735,353.3887216632784,212.9996912581609,-1,-1,-1,-1
1371,150,488.6247389886589,458.6768907532527,262.6022766363935,204.5138276296051,-1,-1,-1,-1
1371,156,971.1721537103512,469.32632541884016,135.9610065449384,197.3460126481948,-1,-1,-1,-1
1372,150,473.9449424222203,453.15065911811007,274.92437332487106,209.33774932983397,-1,-1,-1,-1
1372,156,971.6703805868808,467.92481559246767,137.73509063940014,199.75410993663695,-1,-1,-1,-1
1373,150,433.5198366007438,446.22969051477753,305.13964003971796,230.61012143157473,-1,-1,-1,-1
1373,156,971.9944974626778,466.78984912118807,138.0478543310037,200.61028990382187,-1,-1,-1,-1
1374,150,408.9912264783815,439.7123778649858,320.9318214532223,238.7135856355004,-1,-1,-1,-1
1374,156,972.7788367206338,465.1046711840602,140.65856906030967,204.78362474568485,-1,-1,-1,-1
1375,150,390.74800164051953,433.8595017486152,333.0331327280587,242.98804091901246,-1,-1,-1,-1
1375,156,973.9666367822147,464.50860491018886,141.09074291623165,205.6644258921624,-1,-1,-1,-1
1376,150,367.6037768798311,425.69683905410255,350.6888136666362,253.12865880025862,-1,-1,-1,-1
1376,156,974.2518695496314,463.6850171217543,141.49297979542018,206.574079894056,-1,-1,-1,-1
1377,150,341.58094533202075,418.1193274649846,373.46395519035013,266.0052167804373,-1,-1,-1,-1
1377,156,972.5841494948844,461.4600625824246,144.44330194184374,210.77246191068434,-1,-1,-1,-1
1378,150,303.9699076206044,409.48396138608075,395.8597839073572,279.2149251208019,-1,-1,-1,-1
1378,156,971.8061497858232,460.0053026877381,146.42255078122525,214.26190095100242,-1,-1,-1,-1
1379,150,277.6355249037464,396.59387882095484,426.6458574334523,298.3233920542043,-1,-1,-1,-1
1379,156,973.2658551100608,458.845854454961,147.4842695392581,216.8313541093578,-1,-1,-1,-1
1380,150,248.6403980465011,390.39998006409076,444.311273058109,305.6157671037155,-1,-1,-1,-1
1380,156,975.1182492103272,459.10244506493774,147.188306406607,217.08871789594258,-1,-1,-1,-1
1380,199,700.2521419406721,535.276502946248,89.19262797883152,122.75767801692143,-1,-1,-1,-1
1381,150,305.34412408022797,387.50376802396187,429.75799197943536,305.6230000675243,-1,-1,-1,-1
1381,156,977.7846275691999,457.2953653804741,149.61546328448014,221.0211414868927,-1,-1,-1,-1
1381,199,696.9811150900034,532.139266058136,90.52189401768396,124.42472341521795,-1,-1,-1,-1
1382,150,293.3636937093137,382.1917261762345,440.27088808430256,313.09457114368115,-1,-1,-1,-1
1382,156,979.5943823478631,455.99632784354156,150.17078375302935,223.102233182691,-1,-1,-1,-1
1382,194,137.73891355416754,359.30625177672994,571.1190148677789,345.72602159727217,-1,-1,-1,-1
1382,199,685.4804746258167,528.1883683980969,97.40766722822468,133.74820134424272,-1,-1,-1,-1
1383,156,977.3950630110533,454.24060257113484,152.80776430069864,226.427134620274,-1,-1,-1,-1
1383,194,113.22256877244752,355.2473969625786,582.9381255208791,351.9535654062503,-1,-1,-1,-1
1383,199,677.8314844135494,528.2497845173239,98.43086476697772,134.12950541452108,-1,-1,-1,-1
1384,156,974.7288185905613,451.6599667330252,156.7106927466907,230.22745448497352,-1,-1,-1,-1
1384,194,184.88494319209542,355.10219384778276,549.4974452493034,349.0933579051759,-1,-1,-1,-1
1384,199,671.0682026617467,527.6895875410725,100.86291595517775,136.1480500371706,-1,-1,-1,-1
1385,156,973.5016279555986,448.7649721757461,161.1271650837831,234.85643068146152,-1,-1,-1,-1
1385,194,198.191126196583,349.54357949952976,544.549853877605,361.04742190552986,-1,-1,-1,-1
1385,199,662.0384187283578,523.4821217678531,106.44925139200404,142.8703556327671,-1,-1,-1,-1
1386,156,973.3337630382729,446.4033423156037,163.44152751366244,237.20188340206562,-1,-1,-1,-1
1386,194,176.2707223606343,331.6544713831629,560.2008055877999,384.5300982265387,-1,-1,-1,-1
1386,199,654.5711612193911,519.9815536656246,111.10724964534938,147.92659389595258,-1,-1,-1,-1
1387,150,45.328855781478694,305.8622832492218,605.131205677545,425.6531477382836,-1,-1,-1,-1
1387,156,973.8938462322984,443.59840456561574,166.25811664592413,239.9591739168145,-1,-1,-1,-1
1387,194,161.9251896358624,324.40548702588455,574.6803793761887,394.46988016754096,-1,-1,-1,-1
1387,199,647.9460371441529,516.7319727403129,115.55000121899661,152.37567936609287,-1,-1,-1,-1
1388,150,18.977519826661364,296.70929400268403,624.0140280731084,438.92834473207915,-1,-1,-1,-1
1388,156,972.0797518789147,440.62782976997914,168.72085091330973,242.8770222564167,-1,-1,-1,-1
1388,199,634.6159055791013,514.2423059819769,120.95630463713428,156.57785794863207,-1,-1,-1,-1
1389,156,973.371799332201,438.8987123995645,171.46344158235422,245.2056597965991,-1,-1,-1,-1
1389,199,623.0081852108412,510.7569779505518,127.19732896441633,161.9743588551214,-1,-1,-1,-1
1390,150,7.703181705034751,249.9610435063148,684.7043948677424,477.1448117193571,-1,-1,-1,-1
1390,156,970.030813046211,431.7892258957611,178.81978015993946,253.1685386839879,-1,-1,-1,-1
1390,199,615.7047387973809,508.51573672182803,130.1114929017682,165.68522729144343,-1,-1,-1,-1
1391,150,-3.2927696071970445,227.9273026042461,709.5982136306352,493.67003462414954,-1,-1,-1,-1
1391,156,972.8945207839108,427.1925416710898,186.20517397806498,260.6532829591436,-1,-1,-1,-1
1392,150,-25.788070851100656,216.0533419142711,730.0874216862568,507.91561081432064,-1,-1,-1,-1
1392,156,971.7336389503862,426.13241409970203,188.38952740657896,262.1642661651456,-1,-1,-1,-1
1393,156,972.1100132699096,424.526649377588,191.9969187623019,266.50421350205556,-1,-1,-1,-1
1393,199,568.0666154222534,499.37346891973857,150.94534657234158,184.7717628478847,-1,-1,-1,-1
1394,156,974.2787773083894,423.9897423914789,192.48061949191356,266.7639749014837,-1,-1,-1,-1
1394,199,548.538809240164,495.65187225865617,163.67447936186272,193.0240907499139,-1,-1,-1,-1
1395,156,972.8841382957725,423.22459652702446,196.36620983199248,270.6373608467409,-1,-1,-1,-1
1395,199,535.5645095548443,494.94652264633663,172.4663363164501,197.9152625820238,-1,-1,-1,-1
1396,156,972.3239930866506,421.70266700484325,198.45321146684762,272.01470022032714,-1,-1,-1,-1
1396,199,504.8657156730893,481.97541106724236,195.0528092652894,218.21286060699526,-1,-1,-1,-1
1397,156,974.1084779487662,419.2378146536717,202.31606280104688,277.6392275784921,-1,-1,-1,-1
1397,199,481.5933269639918,477.62322978573206,209.97695714876863,227.85661255991545,-1,-1,-1,-1
1398,156,973.1066100193789,417.7100329794004,206.42046874051448,281.63821580213545,-1,-1,-1,-1
1398,199,468.0315072053515,475.3379807781711,220.4158736613751,231.57803443970352,-1,-1,-1,-1
1399,156,972.8164831223683,414.59546481323,209.64344238468857,284.36263963282863,-1,-1,-1,-1
1399,199,444.3333246623851,470.7338728816851,234.4855339080986,238.55121939809487,-1,-1,-1,-1
1400,156,972.4987753502475,409.5624660805389,215.08795263413788,290.4961359650266,-1,-1,-1,-1
1400,199,426.04682279327517,467.1129498385871,248.34061113473695,245.56345780619432,-1,-1,-1,-1
1401,156,970.3666164830407,403.81196461285447,221.74510105231195,298.5751194111382,-1,-1,-1,-1
1401,199,397.64522165262963,460.0652774291804,267.5430241904061,258.9506469918759,-1,-1,-1,-1
1402,156,972.758387501573,400.37901610704466,226.82360358289725,304.8057352569467,-1,-1,-1,-1
1402,199,383.14405723005945,456.32251819617613,274.68034624620753,265.85795123649905,-1,-1,-1,-1
1403,156,973.4148337921789,395.908625649068,232.46539108249465,311.6106499201269,-1,-1,-1,-1
1404,156,973.6899579134879,392.3326816232752,237.06512734338503,316.68841635639774,-1,-1,-1,-1
1405,156,975.2274141764303,388.4608751179238,241.66685632086455,321.0890802209841,-1,-1,-1,-1
1406,156,976.7516063455889,385.77202522890695,245.32948525191455,325.87226750592106,-1,-1,-1,-1
1407,156,978.6411015712741,383.5437453450377,247.87393904573844,328.8602643453157,-1,-1,-1,-1
1408,156,977.9764485331626,380.8447680774036,251.47609435475613,331.7984860894835,-1,-1,-1,-1
1409,156,981.6148706981512,377.9602065289945,255.3047677294112,334.72462917842006,-1,-1,-1,-1
1410,156,982.0749505346198,373.0506332411119,261.74408500115896,340.90540263314097,-1,-1,-1,-1
1411,156,983.5973781037856,366.72211831877854,271.73107031987774,349.62949158820237,-1,-1,-1,-1
1412,156,982.1759053190299,359.85900496072134,283.29689027812947,360.60993780410956,-1,-1,-1,-1
1413,156,980.8981557186613,352.8017698244844,293.5424612125911,371.796178941617,-1,-1,-1,-1
1414,156,981.9929156120257,347.6044207356775,299.28117615276653,377.9069843972438,-1,-1,-1,-1
1415,156,981.7073434176898,343.13935370566,307.23068598395366,386.5349931312743,-1,-1,-1,-1
1416,156,985.5523903578869,339.61056515255234,312.4968847888026,392.2648057299515,-1,-1,-1,-1
1417,156,985.0248842500419,329.9862262327447,326.1107932863065,410.43091113518153,-1,-1,-1,-1
1418,156,986.6306338171211,322.55206498904107,334.58211396441845,421.0985193006489,-1,-1,-1,-1
1419,156,988.3105666417765,311.44501539172256,347.09954749636734,439.1622119567169,-1,-1,-1,-1
1420,156,987.4764928526704,298.96376997568893,361.10329887206694,460.6571484123342,-1,-1,-1,-1
1421,156,989.7662246965,290.40202706598257,368.1074323177721,471.40621359534293,-1,-1,-1,-1
1422,156,998.9499331030235,282.10625908801825,371.91010392103396,477.2402543107492,-1,-1,-1,-1
1423,156,1002.3082372510187,271.3573733221061,380.00509576500576,487.5362126622691,-1,-1,-1,-1
1424,156,1003.3242121670734,259.67562227075416,392.39424568883885,503.44673777089577,-1,-1,-1,-1
1425,156,1006.9182136016066,248.93195946233288,403.9371750823193,517.6782562352618,-1,-1,-1,-1
1426,156,1008.3576832215965,237.27099546987716,417.00770050978167,533.8179333212152,-1,-1,-1,-1
1427,156,1015.9349132552245,223.98823063472582,428.1931189996935,544.9290008515685,-1,-1,-1,-1
1428,156,1022.993515643244,213.90787674884325,440.69484798318024,557.2565096852212,-1,-1,-1,-1
1429,156,1025.1956357754298,205.11000079448587,452.6682604899263,568.7751924871407,-1,-1,-1,-1
1430,156,1026.865767446175,189.10724828215558,469.37482751615494,588.3276183245885,-1,-1,-1,-1
1431,156,1034.0591756121464,174.17627948485273,488.5866626831571,610.3237889687714,-1,-1,-1,-1
1432,156,1038.0333332483378,155.83963950917934,508.66495826233313,633.9039258694061,-1,-1,-1,-1
1433,156,1040.9376094104402,137.45585034855424,533.1161486248759,662.5406353700112,-1,-1,-1,-1
1434,156,1038.9464162083982,119.09212957379617,559.291835284768,693.7370468543843,-1,-1,-1,-1
1435,156,1042.0178508370338,100.75128138923282,582.2787084205745,720.8453014839258,-1,-1,-1,-1
1436,156,1049.056285193665,81.78385257154338,603.9074531610172,746.9586357494502,-1,-1,-1,-1
1437,156,1054.155795061317,61.32079735293348,628.1843337719151,773.9085336348525,-1,-1,-1,-1
1438,156,1055.708962448563,33.93932541728839,665.3635041222722,815.7613480872918,-1,-1,-1,-1
1439,156,1059.8381755098953,8.353486951836317,703.3219559484064,859.5312179997986,-1,-1,-1,-1
1440,156,1067.3617787301816,-2.6917485540267307,730.5780090732385,887.7301635678465,-1,-1,-1,-1
1441,156,1081.7087235363806,-6.579821864250789,747.1124048338036,898.2670973214009,-1,-1,-1,-1
1442,156,1094.4695213587288,-7.549868668113163,767.3628451329175,911.8164905792919,-1,-1,-1,-1
1443,156,1098.6881096438563,-7.467857475350513,781.6988316814702,918.9747746525077,-1,-1,-1,-1
1444,156,1094.7063968079437,-6.965864016617672,795.5902106494891,928.1006766103044,-1,-1,-1,-1
1445,156,1094.8504704728175,-6.363176443212922,803.7086760482766,930.9696426491616,-1,-1,-1,-1
1446,156,1094.8529603958773,-2.48433421044291,806.6128162393222,928.7861384992002,-1,-1,-1,-1
1447,156,1090.9709977587336,-3.8636859272716038,811.9300977541832,929.876256910832,-1,-1,-1,-1
1448,156,1087.4867359790987,-2.131341260420072,819.7334921169688,935.6000559046366,-1,-1,-1,-1
1449,156,1089.9635139124152,-0.541729647711577,824.1502054668247,937.9445958766513,-1,-1,-1,-1
1450,156,1091.42028077236,-2.2846862758082125,826.7412617529417,938.992655212023,-1,-1,-1,-1
1451,156,1094.3847720852373,-2.7254634972467784,824.867348461217,935.0042044874868,-1,-1,-1,-1
1452,156,1059.2876316703532,-2.6744719873453846,895.9608098485735,1028.275938909871,-1,-1,-1,-1
1453,156,1051.9902447134864,-2.644179721685191,916.5479197932673,1065.2506064841973,-1,-1,-1,-1
1454,156,1046.9550372218482,-2.4280433828349715,921.3976834136079,1081.981998703819,-1,-1,-1,-1
1455,156,1084.9141439728965,-2.1786089489236247,849.3261893420718,993.8015718324137,-1,-1,-1,-1
1456,156,1100.9479211582386,-1.813637087907864,819.3276573790101,955.6504302791872,-1,-1,-1,-1
1457,156,1103.6600826362676,-4.762585059623518,823.6896336208051,960.7139045261047,-1,-1,-1,-1
1461,156,1130.285721596796,-1.4605455229489053,773.8822560326828,895.2885087255742,-1,-1,-1,-1
1462,156,1134.3318628507523,-0.8699588374567497,769.4777486441499,885.7327393141568,-1,-1,-1,-1
1463,156,1140.9876642685385,-0.717588857545195,763.4867217196856,873.9821048637305,-1,-1,-1,-1
1464,156,1142.38860536737,-0.6146119755940731,765.1450227508349,873.8525145243871,-1,-1,-1,-1
1465,156,1138.7926699546679,-0.5349614686338668,777.0893951997809,889.3285215731,-1,-1,-1,-1
1465,199,826.6528885983021,551.7226357831388,82.97222779119681,81.46817642595545,-1,-1,-1,-1
1466,156,1146.0784527018377,-0.47308333070787967,775.3305419925091,889.9018090571847,-1,-1,-1,-1
1466,199,834.5965890482768,548.6711694828219,84.2002986472188,82.6738137045179,-1,-1,-1,-1
1467,156,1152.5643596879102,-0.41290872419193647,774.2610382645353,891.512900831744,-1,-1,-1,-1
1468,156,1157.7307229053483,2.2888043195583236,775.4283353281689,897.4688309509118,-1,-1,-1,-1
1469,156,1162.8327531344507,2.6654039605337516,777.8636757670406,907.0054473781452,-1,-1,-1,-1
1470,156,1168.2244648872959,4.792622479799377,773.5411410097906,907.9702208907979,-1,-1,-1,-1
1470,199,825.0566765350088,550.2800968551147,91.08953114717292,87.02458483900568,-1,-1,-1,-1
1471,156,1169.2263994341579,8.247900037016166,774.3188809560459,914.8996718332289,-1,-1,-1,-1
1471,199,819.7209037335238,548.9260137136191,94.27838466376022,89.45386545301267,-1,-1,-1,-1
1472,156,1179.7266436914244,11.522209995013043,765.9293658650524,912.2122130009286,-1,-1,-1,-1
1472,199,818.8674350320622,547.8080511087005,94.17920573657443,90.26071134757979,-1,-1,-1,-1
1473,156,1189.7534183100058,11.427845025876309,758.2853501162522,910.4682842550772,-1,-1,-1,-1
1473,199,818.8541788282577,548.1175801333501,93.24947303056422,89.84101931443126,-1,-1,-1,-1
1474,156,1205.81193072937,13.346580446438963,751.6803001406017,913.7334151234804,-1,-1,-1,-1
1474,199,813.7619325863002,545.6343702647815,95.49424693671608,92.95893494200197,-1,-1,-1,-1
1475,156,1219.9140386700865,14.045108214786694,740.0182077534632,910.9761630317423,-1,-1,-1,-1
1475,199,814.1468695268009,542.7767678393424,96.24869893703078,95.40163506085264,-1,-1,-1,-1
1476,156,1230.8163662147526,14.939445721454888,733.9759644117705,915.8389111884576,-1,-1,-1,-1
1476,199,810.2031416510282,540.4228240385287,98.09260817674942,97.59872066098615,-1,-1,-1,-1
1477,156,1217.9760677427166,6.679818319793924,774.4191195576848,990.1461374142248,-1,-1,-1,-1
1477,199,808.2242593708905,540.2241440870694,97.02248846473105,97.08976652530419,-1,-1,-1,-1
1478,156,1258.5276853199891,70.78973837482573,708.9015622657528,915.921639441445,-1,-1,-1,-1
1478,199,805.2211741174285,539.5657328559573,96.40676618566124,96.82148385387723,-1,-1,-1,-1
1479,156,1262.8568277398574,64.2346304829507,712.3775773997563,936.397786325492,-1,-1,-1,-1
1479,199,802.6968862989677,538.0568129458792,98.24899648902328,99.30009188585677,-1,-1,-1,-1
1480,156,1306.5318715367089,108.42245140838759,651.5110063215,864.2630392306482,-1,-1,-1,-1
1480,199,797.3697423646096,535.5742946991352,101.18719718778982,102.80633969546136,-1,-1,-1,-1
1481,156,1337.5298063461812,166.18696589834144,620.088200753052,833.1392873196583,-1,-1,-1,-1
1481,199,795.2166162540296,534.6635671031756,102.54075876360355,104.76074048418411,-1,-1,-1,-1
1482,156,1383.0588847694833,184.3982720100455,559.1046170430411,755.7888167902995,-1,-1,-1,-1
1482,199,794.5114653121307,534.3667653771121,102.84301577001668,106.11355972484307,-1,-1,-1,-1
1483,156,1404.2944197829918,169.18410454920257,551.798053184398,759.2220505775188,-1,-1,-1,-1
1483,199,791.6412768927879,531.7087914067569,104.95758331417278,109.82661773041832,-1,-1,-1,-1
1484,156,1419.1229758830027,146.87181191413737,555.4278278561533,783.0090755995254,-1,-1,-1,-1
1484,199,792.6980145128388,530.7267102199766,105.35457362431907,111.20779767817794,-1,-1,-1,-1
1485,156,1439.9111779382129,119.84907520412344,552.6418720323118,803.3240490856676,-1,-1,-1,-1
1485,199,790.5588464943867,531.0478665467339,105.49895035262875,112.32717040503678,-1,-1,-1,-1
1486,156,1459.321188309911,61.83841171116768,561.3151824236618,850.3053066653656,-1,-1,-1,-1
1486,199,785.5187679160094,530.5748034323013,106.88246710026078,114.64523915005043,-1,-1,-1,-1
1487,156,1487.7258387804525,23.83605526258583,563.9223263473348,900.4799481151963,-1,-1,-1,-1
1487,199,782.7987141497512,531.0792594637143,106.43737978175443,114.83738621417024,-1,-1,-1,-1
1488,156,1526.5153957376026,5.438690232734643,543.2394495261071,921.7673434163328,-1,-1,-1,-1
1488,199,779.1317987322983,528.0678079010825,110.2648919024897,119.40032955104653,-1,-1,-1,-1
1489,156,1540.700917591505,-4.144440878430316,547.8928032175322,929.7124526530965,-1,-1,-1,-1
1489,199,776.6078738824565,526.9474800675705,111.46619194750349,121.09706279618808,-1,-1,-1,-1
1490,199,772.348825424474,525.9087850640769,112.75445062452172,121.68905699212871,-1,-1,-1,-1
1491,199,770.0923341677121,525.5516392301682,111.96460998351063,120.54786003049912,-1,-1,-1,-1
1492,199,767.7028002203855,524.1529287385345,112.861085324447,121.34546126171517,-1,-1,-1,-1
1493,199,764.9575753760018,523.6582463262239,113.72307726284112,121.60123291331945,-1,-1,-1,-1
1494,199,760.7812262735122,522.2025973196232,115.85061237888306,122.95605216976844,-1,-1,-1,-1
1495,199,757.3017663434637,521.0315371853303,118.6000693678651,124.73484451100376,-1,-1,-1,-1
1496,199,748.9420695532183,516.0597989215947,122.76143834544348,127.97827781454669,-1,-1,-1,-1
1497,199,739.6230954887935,510.9502762899789,128.28539184754732,134.36474465493734,-1,-1,-1,-1
1498,199,735.4802009745388,505.82084612129916,135.5018350658505,142.54853358121977,-1,-1,-1,-1
1499,199,732.1630966684938,503.2298660986629,141.23015458832992,148.23604223889652,-1,-1,-1,-1
1500,199,728.396364632999,501.00317299243545,143.9850816053496,151.1280680602364,-1,-1,-1,-1
1501,199,717.2481965290999,502.7145251395546,141.90186178795875,148.7276001635193,-1,-1,-1,-1
1502,199,712.5452488318406,500.2745480902022,147.5589320751352,153.05579763368405,-1,-1,-1,-1
1503,199,703.4775062564979,498.11820990949394,152.7478606388513,158.46450886747886,-1,-1,-1,-1
1504,199,698.6792525341331,496.15718023616546,155.51576414034912,161.33625444017457,-1,-1,-1,-1
1505,199,686.3070029833233,491.7744745727641,161.27409614456735,167.08114229532816,-1,-1,-1,-1
1506,199,681.745886159685,489.8613970289938,164.46648829595745,168.76105421634725,-1,-1,-1,-1
1507,199,672.8312764719273,492.4284005945868,160.82282262627848,164.79436973930314,-1,-1,-1,-1
1508,199,667.1827370110307,490.7089864955916,163.12386106986287,167.1522525499522,-1,-1,-1,-1
1509,199,663.1929916273775,484.3873577248178,172.48547420268437,175.2651313186875,-1,-1,-1,-1
1510,199,649.3344141202422,489.2985764973867,162.09502463330648,166.90148683478373,-1,-1,-1,-1
1511,199,636.4220471398299,485.94306499308635,161.18103777461226,168.24887566065416,-1,-1,-1,-1
1511,200,935.8924225973471,565.4360108483861,73.66940056667556,71.39950254962025,-1,-1,-1,-1
1512,199,633.1363132404759,470.9939473573171,178.49707915965928,185.0756623552652,-1,-1,-1,-1
1512,200,933.4680526150237,563.3053068999512,75.70718655004907,73.5903371294487,-1,-1,-1,-1
1513,199,620.3931624475257,459.12660467351725,193.48101044312534,200.16821871649177,-1,-1,-1,-1
1513,200,932.600752698136,561.8710856559875,77.00787436296991,75.05441208334378,-1,-1,-1,-1
1514,199,612.1823265738508,453.19777891476866,200.33077156297634,206.12584229577675,-1,-1,-1,-1
1514,200,932.3649201417686,561.3628174466824,78.01300373520735,76.21807508208121,-1,-1,-1,-1
1515,199,597.2429886985389,443.31540485707626,212.75128105846193,219.1763477421856,-1,-1,-1,-1
1515,200,932.1046510875599,561.2192078136243,78.15823946208286,76.62156150845567,-1,-1,-1,-1
1516,199,585.3951203144986,437.0148858531634,221.00980827514218,226.70560613374096,-1,-1,-1,-1
1516,200,931.9306634035337,560.5740223193569,79.06031374994586,77.36931348598057,-1,-1,-1,-1
1517,199,563.2106488624321,430.8417595520231,234.83121944838433,239.68486693843062,-1,-1,-1,-1
1517,200,931.3239027648027,560.3715508574626,79.24229278391397,77.61148256410536,-1,-1,-1,-1
1518,199,552.5160075632109,425.37318166563836,243.1894133198184,247.8152338061547,-1,-1,-1,-1
1518,200,931.718390442765,562.9388250265204,78.74767307235902,77.65535173069964,-1,-1,-1,-1
1519,199,538.7476690207684,421.44527373796774,250.10341992052133,253.401351295942,-1,-1,-1,-1
1519,200,931.5822501304857,563.9742909342049,79.17803478821793,78.2773430484209,-1,-1,-1,-1
1520,199,525.6730588260882,418.7777709271604,255.75174922980818,257.31721453836144,-1,-1,-1,-1
1520,200,932.2810762516576,564.4003758497986,78.52774209556753,78.47709377187493,-1,-1,-1,-1
1521,199,509.9759971934312,408.9355608956789,271.19614144962884,273.3599689125738,-1,-1,-1,-1
1521,200,931.6877263010282,564.5903367722068,78.07964622350005,78.51306897706934,-1,-1,-1,-1
1522,199,492.2431334300434,398.27469302267593,284.97168442243446,287.02443617387803,-1,-1,-1,-1
1522,200,930.8640353870275,562.0678595909802,79.12977467026292,79.14366149234604,-1,-1,-1,-1
1523,199,474.90928553925096,387.2262264072996,300.04011609742406,302.37280823157437,-1,-1,-1,-1
1523,200,929.82279203803,562.4306602514479,79.70783241135643,80.00627644786789,-1,-1,-1,-1
1524,199,452.1491950642457,379.82957359247814,313.6138445122122,312.05978194098054,-1,-1,-1,-1
1524,200,931.4715420839141,561.9415733008499,77.82219269176437,77.69518613460389,-1,-1,-1,-1
1525,199,433.64098984588827,370.7341613531553,327.5505499674382,323.9016260656133,-1,-1,-1,-1
1525,200,933.3785483178901,561.7822969140852,76.59058488722894,76.09171943817262,-1,-1,-1,-1
1526,199,404.2701978706624,356.549115463381,351.6787925512791,345.4422165847616,-1,-1,-1,-1
1526,200,934.779198792836,561.0807368560534,76.11030387624601,75.47103292598308,-1,-1,-1,-1
1527,199,373.1651628917621,342.3194967590184,374.2852395894067,365.03046331126984,-1,-1,-1,-1
1527,200,935.5518762260592,560.1754825809666,78.09379990299703,77.21924102902096,-1,-1,-1,-1
1528,199,336.78081448234184,322.37614980467197,403.43801673305893,390.18990795572677,-1,-1,-1,-1
1528,200,935.4038729427118,559.8543044563868,79.70211198818208,78.5189723897297,-1,-1,-1,-1
1529,199,302.9903013028983,300.85117788826267,435.3295088397157,418.1018145854913,-1,-1,-1,-1
1529,200,935.3641718365677,559.7536012604983,80.26906164007801,79.00153859788713,-1,-1,-1,-1
1530,199,261.0292528665997,279.32209866709195,474.93445313722543,455.1918101608154,-1,-1,-1,-1
1530,200,935.1415547394395,560.3936618048,80.2259034022693,78.51112367365931,-1,-1,-1,-1
1531,199,225.04796636478156,251.69841326300826,506.0397550288736,482.2329602071772,-1,-1,-1,-1
1531,200,936.0714088117161,560.6595015877741,80.13800332201538,78.30376298504825,-1,-1,-1,-1
1532,199,204.14869339422842,240.12850070598404,522.1903908092355,497.61908352549267,-1,-1,-1,-1
1532,200,936.9435758796719,560.1147228760307,81.02706151983557,79.53069541765069,-1,-1,-1,-1
1533,200,937.6412538971035,559.2647902793084,81.91496222920284,80.63698073190835,-1,-1,-1,-1
1534,200,938.5196809519417,558.9530427615186,82.96473445341542,81.69832331874125,-1,-1,-1,-1
1535,200,938.4848809098979,558.8482669175243,82.76609337020727,81.43251537134222,-1,-1,-1,-1
1536,200,938.337693228137,558.1668402688244,84.22582312746272,82.62241776057499,-1,-1,-1,-1
1537,200,948.4020753760641,574.2678366110274,72.3527735652242,69.32546837875623,-1,-1,-1,-1
1538,200,943.5700261203974,563.1907267878229,81.71879359212562,78.6994286875389,-1,-1,-1,-1
1539,200,942.2356696833646,558.5035379378166,85.65736342999537,82.87324893068433,-1,-1,-1,-1
1540,200,943.9045005974415,556.6344216727333,86.62547808585828,84.52943324305534,-1,-1,-1,-1
1541,200,944.2773983293733,555.9271411876964,86.86842136119606,85.14875234847102,-1,-1,-1,-1
1542,200,944.8290101848203,554.382503345117,91.94529477384197,90.56848401422599,-1,-1,-1,-1
1543,200,946.6210196043786,553.8129435732826,93.85959652541726,93.23832759456275,-1,-1,-1,-1
1544,200,947.0684466062603,553.6221202731191,95.06452284015495,95.5310295602784,-1,-1,-1,-1
1545,200,948.4352796790868,553.5773931158494,95.64013173411922,97.02146590169764,-1,-1,-1,-1
1546,200,950.213468075099,552.94361597431,97.16050053799108,99.48441530067089,-1,-1,-1,-1
1547,200,951.8635530629199,552.7207378188597,96.39165000828575,99.7475321116109,-1,-1,-1,-1
1548,200,953.093350879626,553.960067494649,94.81283289111059,98.48812557929728,-1,-1,-1,-1
1549,200,953.1999279976233,552.5049218372646,95.4819320040051,99.9020111931253,-1,-1,-1,-1
1550,200,955.0691165717553,551.9691324617376,94.60624220442537,99.75142893422026,-1,-1,-1,-1
1551,200,957.0109954068513,551.1320959308987,95.00180373622322,100.95111466565129,-1,-1,-1,-1
1552,200,958.9807784505206,551.4845601655209,95.8709599359313,102.67550952753766,-1,-1,-1,-1
1553,200,961.1465969560564,550.9895995958572,94.59421524394918,101.34761324381691,-1,-1,-1,-1
1554,200,962.783874486741,549.5059237416136,96.32061803447425,103.40822332204448,-1,-1,-1,-1
1555,200,963.7985579371015,548.3111966901013,96.74329061137917,104.15706046757236,-1,-1,-1,-1
1556,200,967.2156953476415,547.8744907342509,94.65426943729608,101.79228000992407,-1,-1,-1,-1
1557,200,969.6338297047064,546.4148317843637,94.81378388246549,102.15431709436211,-1,-1,-1,-1
1558,200,971.5975307308386,545.2325745824977,95.28241168131353,102.92672075716928,-1,-1,-1,-1
1559,200,973.1783543902062,544.1543240825422,94.97904453178342,102.54055188622647,-1,-1,-1,-1
1560,200,973.9068097187255,543.1156554550921,97.10679257487323,105.6622067024939,-1,-1,-1,-1
1561,200,975.3031012118403,542.0964245868796,98.17323601397754,107.46887977305676,-1,-1,-1,-1
1562,200,974.7646974384879,541.7346392204321,100.6096845084544,111.39393184655557,-1,-1,-1,-1
1563,200,975.8437115822081,540.9744105050293,101.4575253423069,112.8671725824887,-1,-1,-1,-1
1564,200,978.7648567663762,541.3593773146473,101.2047889510709,113.39323281376608,-1,-1,-1,-1
1565,200,979.0376796526859,542.190754578151,103.34577847342962,116.15658171614893,-1,-1,-1,-1
1566,200,979.4408771339938,543.1749861686257,103.46252614665809,116.52690483849312,-1,-1,-1,-1
1567,200,981.9076529213057,544.2312096363162,105.92220649951696,119.8766084096577,-1,-1,-1,-1
1568,200,984.4423638451092,544.6433485514399,106.16627282680884,121.11674838142096,-1,-1,-1,-1
1569,200,985.7351433686633,545.4629498888404,106.15902760133645,122.19250745952161,-1,-1,-1,-1
1570,200,986.9246166253189,545.134095073808,107.24173735950615,123.20614062353047,-1,-1,-1,-1
1571,200,991.0892397574012,545.0106030086098,108.58182158845057,123.54581749087004,-1,-1,-1,-1
1572,200,994.1131708654964,544.9670455110945,108.7263369889356,122.97207905619132,-1,-1,-1,-1
1573,200,995.759866851316,544.2983746557627,110.92016093503662,124.01538701631819,-1,-1,-1,-1
1574,200,995.053155470903,543.3943479560709,114.26629986948728,126.33770011583317,-1,-1,-1,-1
1575,200,995.6898761609403,542.4039763109324,116.8404889897464,129.141450270345,-1,-1,-1,-1
1576,200,996.824333109822,541.3822968474899,118.5045057903967,130.8269648875331,-1,-1,-1,-1
1577,200,999.5056734428975,540.9990378647425,121.01211795499887,132.0783544916079,-1,-1,-1,-1
1578,200,1001.0952843529675,539.5623374903565,124.61855132449875,133.81224070781616,-1,-1,-1,-1
1579,200,1005.9258363727062,539.0250112676124,126.51545512601217,133.77841457467605,-1,-1,-1,-1
1580,200,1007.8656715997488,538.1831318421862,128.86424739443464,133.70899007615014,-1,-1,-1,-1
1581,200,1004.5097244974635,536.5692478568099,134.47242787025687,137.56853706663628,-1,-1,-1,-1
1582,200,1003.7757222796808,535.325312244433,137.97435093609147,138.9949570867235,-1,-1,-1,-1
1583,200,1004.3688458261895,534.8681206349113,140.64332610909514,140.1439268553204,-1,-1,-1,-1
1584,200,1006.2768879716394,534.7182001919965,142.70806902887887,140.5334942092868,-1,-1,-1,-1
1585,200,1006.5043185261729,532.0699028799703,146.95598882380182,143.9009842244019,-1,-1,-1,-1
1586,200,1005.940998733197,530.4338956711422,149.73310101769482,145.79068635796773,-1,-1,-1,-1
1587,200,1007.6587572234182,528.5310813481643,152.6190305725479,147.7666096408019,-1,-1,-1,-1
1588,200,1005.7596687808457,525.8797298684542,158.69498622785022,152.37603121147367,-1,-1,-1,-1
1589,200,1005.9910704652755,522.9563348604313,163.49665219365693,156.0318608540705,-1,-1,-1,-1
1590,200,1007.8417374730494,520.5688165293141,168.79919883561286,160.61785198891198,-1,-1,-1,-1
1591,200,1011.5285351276707,519.6868851731272,170.57176975393668,161.68422623667607,-1,-1,-1,-1
1592,200,1011.8803837334374,518.7513086004755,173.25330673523558,163.95512218094234,-1,-1,-1,-1
1593,200,1012.4935872943186,517.1407363608658,176.3974600038598,166.70144153625927,-1,-1,-1,-1
1594,200,1011.6087128477802,513.9736684672664,181.62636635532226,170.92598189176556,-1,-1,-1,-1
1595,200,1016.801004602335,512.7958889303462,185.33228050125933,173.77548760320303,-1,-1,-1,-1
1596,200,1019.6345533172482,511.09953818089195,190.14761511580832,177.38407760155803,-1,-1,-1,-1
1597,200,1021.1817774143835,510.4933916058292,194.79415471730954,181.28257628697565,-1,-1,-1,-1
1598,200,1021.359596667016,509.66353265538567,198.52382823683286,184.6442734665519,-1,-1,-1,-1
1599,200,1022.6942262591226,509.3910837302982,201.09879724530242,186.50233873456125,-1,-1,-1,-1
1600,200,1023.6626647891432,508.03959836849884,204.86333794755103,189.71527473003295,-1,-1,-1,-1
1601,200,1027.6283226536586,508.2079971285458,208.6416681455646,192.80737512051655,-1,-1,-1,-1
1602,200,1030.1684649605181,507.02214962217727,214.35905300755667,197.14695817023357,-1,-1,-1,-1
1603,200,1031.6011154110267,503.3708179090438,221.26552879963424,202.609447552539,-1,-1,-1,-1
1604,200,1034.1030025875718,501.3488735647937,225.6244188520393,205.27676344309083,-1,-1,-1,-1
1605,200,1034.9225097519575,497.3760799979808,233.1935937799151,210.08149575932396,-1,-1,-1,-1
1606,200,1039.3271775847863,493.3074381661449,238.02933374620488,212.48361263717635,-1,-1,-1,-1
1607,200,1040.070522269545,489.19459335599373,247.40419994678496,217.83077427911513,-1,-1,-1,-1
1608,200,1039.594902721035,485.73376079809157,253.58103924175202,221.0832876707259,-1,-1,-1,-1
1609,200,1041.0677127192332,481.87558575208897,260.77246157407853,225.46061217478263,-1,-1,-1,-1
1610,200,1044.806251902894,475.93503104097744,273.10076351453085,233.50304413611894,-1,-1,-1,-1
1611,200,1048.695540709994,473.0677701329911,281.0795037908665,239.07760457077768,-1,-1,-1,-1
1612,200,1051.6090838906218,470.11077115839106,288.17408664337427,243.05449462526764,-1,-1,-1,-1
1613,200,1054.0529550787276,465.18332769256574,298.2978717803876,248.97832897497165,-1,-1,-1,-1
1614,200,1054.9123447453549,460.14211010138587,309.1551101981379,255.65290501909823,-1,-1,-1,-1
1615,200,1053.993557797953,452.4900947474339,327.75727565288616,269.04301063814046,-1,-1,-1,-1
1616,200,1054.8706041735643,447.6923386498743,341.14751546722505,278.5781763167122,-1,-1,-1,-1
1617,200,1057.1518100828537,445.9129931290464,346.0247865486526,284.73006787760323,-1,-1,-1,-1
1618,200,1057.5403736678982,441.498382491291,357.5248903392521,294.6463688114498,-1,-1,-1,-1
1619,200,1062.294781773632,434.1310561736137,374.82043825918345,308.56580474004767,-1,-1,-1,-1
1620,200,1068.608966976007,427.5316740122499,390.1595776271472,320.84011940682666,-1,-1,-1,-1
1621,200,1080.1017252966358,426.30995891296686,393.1006077349714,320.4106974195096,-1,-1,-1,-1
1622,200,1084.0470275681193,420.85131082029875,407.1958203363313,328.9371132854658,-1,-1,-1,-1
1623,200,1086.4965621292606,413.0828928681294,428.9526002342957,344.2262771210908,-1,-1,-1,-1
1624,200,1100.7453792211254,417.15868223859525,435.2293645717864,344.9151871838508,-1,-1,-1,-1
1625,200,1097.1886755857297,393.1922295018702,470.981427617118,371.9365765273848,-1,-1,-1,-1
1626,200,1094.7168225731116,382.22826593327846,495.44607005522266,389.6976312551628,-1,-1,-1,-1
1627,200,1093.881921371899,367.2546414552065,525.797014358975,412.985540249328,-1,-1,-1,-1
1628,200,1101.0359399101949,356.4322270028962,548.162859093394,428.90302391461876,-1,-1,-1,-1
1629,200,1103.1305756801835,345.3542251909612,579.5325227794299,452.0091432531174,-1,-1,-1,-1
1630,200,1107.9188429214,335.48201011800205,608.0349734438648,472.2045114245437,-1,-1,-1,-1
1631,200,1109.3547042880427,322.30003242748535,637.9992985788713,494.41942644331266,-1,-1,-1,-1
1632,200,1113.7335056979828,308.44284244096525,676.2932622407693,523.6974322864621,-1,-1,-1,-1
1633,200,1121.3829756608372,293.0971879270786,714.2138265876285,552.5661258046232,-1,-1,-1,-1
1634,200,1123.0418754002017,272.1299970204655,762.868065172019,590.0710563724776,-1,-1,-1,-1
1635,200,1112.1426837463523,248.36281083570645,812.8929226261305,630.8958889517876,-1,-1,-1,-1
1636,200,1092.0059876063433,224.09347553404012,863.7798167346969,676.7877227191898,-1,-1,-1,-1
1637,200,1079.0886856381408,200.8995746795149,896.8800047654636,711.6226312180956,-1,-1,-1,-1
1638,200,1065.462218194713,176.21418752992537,928.6710316421784,748.8751545379735,-1,-1,-1,-1
1639,200,1063.3250425660112,152.87632399547977,939.6489269537583,770.7724074728274,-1,-1,-1,-1
1640,200,1037.9777678938171,111.7729977225805,992.7970540078813,834.2607905640782,-1,-1,-1,-1
1641,200,1027.4405173323223,73.48254499725999,1023.8238815499374,884.3280657286491,-1,-1,-1,-1
1642,200,1025.2943795755818,29.086608027484033,1035.840285888955,920.1510477189702,-1,-1,-1,-1
1643,200,1038.2311055696634,14.767364145315014,1016.7691425201222,926.8867920548546,-1,-1,-1,-1
1644,200,1053.6589591213283,8.498218140672861,994.1893994102948,929.7372754398834,-1,-1,-1,-1
1645,200,1049.6832013955764,-9.848619390207602,1020.8935065084856,954.7044476709889,-1,-1,-1,-1
1646,233,1187.702664866146,26.468058692142222,737.194447293228,972.7867296891111,-1,-1,-1,-1
1647,233,1189.0487753364037,20.702879024945048,747.2585281105639,988.2481323152324,-1,-1,-1,-1
1648,233,1198.4053838310106,18.1416096527704,746.3015236275719,990.2621502873419,-1,-1,-1,-1
1649,233,1212.8205165545637,30.209664258322732,725.2774833620927,964.2957326445003,-1,-1,-1,-1
1650,233,1216.6055250839206,26.096887900353977,730.4672563110644,976.1239495867753,-1,-1,-1,-1
1650,235,1234.5986532922145,10.322269350109593,689.8510864811294,928.2044464687297,-1,-1,-1,-1
1651,233,1221.5403949221952,26.0485335070872,730.7954528698399,976.5625503453834,-1,-1,-1,-1
1651,235,1241.7977886345586,3.3590223507331984,689.8442686231472,929.5952338815132,-1,-1,-1,-1
1652,235,1251.060059407465,1.85155944799169,685.8817502696152,926.5198817798276,-1,-1,-1,-1
1653,235,1257.1161369951105,1.447536709242172,688.9345034991316,935.6255737658684,-1,-1,-1,-1
1654,235,1270.8068929223227,4.874855068140107,683.779521138799,935.3541957284592,-1,-1,-1,-1
1655,235,1278.479760863391,4.797417510429398,682.0560384912408,940.7421093266596,-1,-1,-1,-1
1656,235,1271.763473265956,8.869802237621343,715.4839204081356,1005.2127663895017,-1,-1,-1,-1
1657,235,1284.6272230439065,14.291347628058759,712.497881687719,1018.7097424549086,-1,-1,-1,-1
1658,235,1301.386209459322,19.040977351625315,703.6302228371428,1026.7245176628667,-1,-1,-1,-1
1659,235,1344.210979346357,10.260719600363188,649.1666354902104,965.3312631561271,-1,-1,-1,-1
1660,235,1379.0886021884749,3.3803849131091397,615.4656845761026,936.0919853910802,-1,-1,-1,-1
1661,235,1405.6370382414375,0.886040274111167,596.328545486926,930.8381523861767,-1,-1,-1,-1
1662,235,1439.7168591080635,1.340378798274628,567.9586530554643,913.5703017128317,-1,-1,-1,-1
1663,235,1474.9462421697137,0.20468467855891959,544.2663174002184,907.8947622631983,-1,-1,-1,-1
1664,235,1514.7808329201894,-0.18622390349366924,524.4066058879141,916.6654076768136,-1,-1,-1,-1
1665,235,1531.1614744809501,-0.9077975631583399,522.9883468597138,914.1881497714114,-1,-1,-1,-1
1684,200,646.3509065389111,679.2738758968178,80.92805987871418,79.17161800320423,-1,-1,-1,-1
1693,200,415.40998281829854,697.322077935,145.9242017147243,157.4539779955138,-1,-1,-1,-1
1694,200,390.303481623672,701.8273071692795,150.05309519198084,161.9139570627177,-1,-1,-1,-1
1695,200,329.1267955581281,702.3374303791774,171.3863549491357,197.38110556379763,-1,-1,-1,-1
1696,200,291.2930527359364,708.6540476112655,173.5398964733049,199.26236702364474,-1,-1,-1,-1
1697,200,254.16030737451013,712.7936274310465,182.58259668851758,209.65534849948392,-1,-1,-1,-1
