3,1,953.8565466487364,432.03190824845524,314.7854463446622,284.4752865809587,-1,-1,-1,-1
4,1,952.5767553952776,429.03484315311675,320.5628069969616,289.36125301184575,-1,-1,-1,-1
5,1,956.0603703920008,427.3255560910694,321.0955877106992,289.4812161235634,-1,-1,-1,-1
6,1,955.4692987069907,425.3601591135299,328.25831760925075,295.87060468351467,-1,-1,-1,-1
7,1,949.4759915483342,421.9523509902891,338.015532927956,304.9642115879344,-1,-1,-1,-1
8,1,955.1933102236292,422.7928383519327,333.0352569056927,300.0643879682989,-1,-1,-1,-1
9,1,954.2281530978609,421.1683936472141,340.62158707924016,307.52113722761237,-1,-1,-1,-1
10,1,954.9209454442959,417.9511893159505,347.1774235444385,314.16450223370987,-1,-1,-1,-1
11,1,955.0882808514143,414.14365548046635,352.9927487249106,320.52377464868914,-1,-1,-1,-1
12,1,954.7115475127773,411.43938177885167,359.2019364726484,327.4137008869188,-1,-1,-1,-1
13,1,955.0934193860791,408.51099578162723,362.9677229524276,332.5236556167697,-1,-1,-1,-1
14,1,956.1011078327507,406.1525444956012,364.47122069313707,334.32855768711033,-1,-1,-1,-1
15,1,958.0305611270956,403.36239057374314,368.3256152173062,338.7812009570225,-1,-1,-1,-1
16,1,961.5194339982977,400.41159334817615,373.9247980462219,345.5646820374232,-1,-1,-1,-1
17,1,972.3167045793763,401.3065478303954,362.83269509687386,334.36242120298994,-1,-1,-1,-1
18,1,970.2596810566686,397.8000915976853,369.4138016553129,340.35434383662096,-1,-1,-1,-1
19,1,967.3723274257259,391.9703013672322,381.1854849593765,352.31744427053536,-1,-1,-1,-1
20,1,973.1062769528055,387.22122824437497,379.6085643551328,350.29703421229556,-1,-1,-1,-1
21,1,967.5806634366662,384.82363129552243,388.35350610604235,357.1818098362056,-1,-1,-1,-1
22,1,971.3966326894337,380.74128315278216,397.8977882767923,365.545355299498,-1,-1,-1,-1
23,1,976.3764362021412,377.316035697011,396.30036727009394,362.14236654343085,-1,-1,-1,-1
24,1,977.3134088106718,371.5185212597381,415.75366828396216,380.3045651704331,-1,-1,-1,-1
25,1,981.7820115491961,368.11435909775355,414.67242667565233,377.38306314852684,-1,-1,-1,-1
26,1,987.0131874305164,364.9640333387236,415.4075133411434,377.28090101964216,-1,-1,-1,-1
27,1,989.0873885013503,361.9145322732859,420.46956187643684,381.67319911177697,-1,-1,-1,-1
28,1,997.5591299260407,359.5549446695128,417.84017791416636,379.305398502109,-1,-1,-1,-1
29,1,993.6234561364564,356.1529301953532,424.9530649430907,384.1441218734502,-1,-1,-1,-1
30,1,995.9977986960984,349.08384618902477,439.8888742784235,399.5942611615283,-1,-1,-1,-1
31,1,1001.0406328787703,344.54346892241034,446.75390638570616,407.30876219351074,-1,-1,-1,-1
32,1,1005.1215390554662,340.31478489549465,449.3889339603561,409.4952265788826,-1,-1,-1,-1
33,1,1010.860297519092,337.51495887115846,454.07874394675264,414.0569143807609,-1,-1,-1,-1
34,1,1013.63868669567,333.96463709530246,464.13193390895503,424.1073620232286,-1,-1,-1,-1
35,1,1014.476415260022,329.4773868567769,473.2835212485469,432.99264450203657,-1,-1,-1,-1
36,1,1015.313710404138,325.27540617429645,483.82782708736295,443.37392654035784,-1,-1,-1,-1
37,1,1018.6924611989598,324.4184986599012,489.18051331789957,447.2044692929025,-1,-1,-1,-1
38,1,1022.6409662934611,321.63249389978364,492.7035301224396,449.11180088207107,-1,-1,-1,-1
39,1,1021.2820986977971,315.475539780335,508.5227343872274,463.31048972380574,-1,-1,-1,-1
40,1,1021.6110800055623,310.63921030899394,524.8182549324646,478.25442490461285,-1,-1,-1,-1
41,1,1028.9245677949893,303.72968104632935,529.9203974683182,481.9236190542033,-1,-1,-1,-1
42,1,1034.1462592823932,297.28174459210277,535.1560953606461,483.7193505382513,-1,-1,-1,-1
43,1,1037.1546611162512,287.78428391875616,547.0851621607108,493.2711229429261,-1,-1,-1,-1
44,1,1035.1400100494745,279.10152957207777,566.6494435217255,511.63185812801805,-1,-1,-1,-1
45,1,1044.6683863308226,273.9668364956424,575.054931982668,518.5076789347738,-1,-1,-1,-1
46,1,1046.1508750237927,267.627777307207,589.4484662513951,531.2498662502635,-1,-1,-1,-1
47,1,1044.8835960535012,260.1819034262713,605.3111129515796,546.2489468804495,-1,-1,-1,-1
48,1,1053.4561194652263,253.59874130495842,608.2996351559766,548.5937069503932,-1,-1,-1,-1
49,1,1055.7126881999955,240.21435446628192,625.3371928958456,564.7190298580592,-1,-1,-1,-1
50,1,1053.5789933927322,228.15659394922392,649.0289750483198,586.772816060319,-1,-1,-1,-1
51,1,1056.2982972980335,221.09706038552838,663.4774483398837,599.5576608042675,-1,-1,-1,-1
52,1,1062.3761298265833,213.42620782119587,677.1976022239696,611.2899205269437,-1,-1,-1,-1
53,1,1068.5898206110262,202.94081181075416,691.6812820203188,623.8824507305724,-1,-1,-1,-1
54,1,1074.1806840041247,192.65228138766435,705.8421467570731,636.1599943881097,-1,-1,-1,-1
55,1,1076.292234704044,179.22710621234677,725.037865451143,654.7542831684814,-1,-1,-1,-1
56,1,1078.1751656287174,167.18390431737754,745.193717075967,674.482906657476,-1,-1,-1,-1
57,1,1080.8182105646913,155.68506869665623,764.6613804301649,694.0022964470162,-1,-1,-1,-1
58,1,1097.2777090123154,146.33165171238397,766.4295131393476,694.8261560472158,-1,-1,-1,-1
59,1,1100.080005853208,133.94395880273873,784.0127020715449,709.4984635319363,-1,-1,-1,-1
60,1,1098.8453236525625,122.99294429671374,801.8536890687813,724.4618000900733,-1,-1,-1,-1
61,1,1101.8867985659801,113.88481981838464,814.5584164838954,735.0283865487593,-1,-1,-1,-1
62,1,1098.66168167857,104.20782213281058,830.1538273170729,750.3318572922333,-1,-1,-1,-1
63,1,1091.2560639887572,93.66492585513066,847.8285581362516,769.4091215954782,-1,-1,-1,-1
64,1,1082.857808866239,78.28130988841025,868.3238081139286,793.7963134678273,-1,-1,-1,-1
65,1,1072.2260402310142,62.319685833080655,890.4648903845928,822.1315313700402,-1,-1,-1,-1
66,1,1068.574035998912,48.71160715557636,899.5149129333176,839.1619585573555,-1,-1,-1,-1
67,1,1061.7482268802216,36.66806459358668,910.719167741423,859.4411644661301,-1,-1,-1,-1
68,1,1056.3740308300362,22.686609832488955,920.058973402457,879.6891184336694,-1,-1,-1,-1
69,1,1057.03581134846,18.873946912336123,919.6986951855715,890.918920559798,-1,-1,-1,-1
70,1,1053.618061362174,11.341034736550512,930.3670455203951,915.3572637033176,-1,-1,-1,-1
71,1,1053.2953180626873,5.523884234428181,932.8337242911775,932.0485417621064,-1,-1,-1,-1
72,1,1061.6474610479167,3.6127387948241108,921.6490024031502,934.761409775776,-1,-1,-1,-1
73,1,1076.0939233329077,9.090661590877346,898.448726328086,922.8392923160945,-1,-1,-1,-1
74,1,1077.8262157717008,0.47049047904181407,900.0976117841849,938.5124053250739,-1,-1,-1,-1
75,1,1082.2982270927585,-1.2763462747848848,888.9582712119488,938.8871086401534,-1,-1,-1,-1
76,1,1089.0619120227989,-2.9448657090702,881.439413513529,943.0761611474717,-1,-1,-1,-1
77,1,1096.2517426534432,-3.3256190613993226,874.3315618505064,948.1747602873056,-1,-1,-1,-1
78,1,1106.7749986481524,-3.231644917733547,862.3513188084928,947.1105361340683,-1,-1,-1,-1
79,1,1084.2984257597382,-2.9625747186571516,917.7192286561371,1030.2307309449006,-1,-1,-1,-1
80,1,1112.695510073554,-2.1916682791863877,864.11215328822,979.7694371334497,-1,-1,-1,-1
81,1,1124.85808324226,-2.1778638413965155,836.5696507916139,957.6611858423196,-1,-1,-1,-1
82,1,1133.4701663853039,1.951178735387714,817.2326527248053,941.7628388614983,-1,-1,-1,-1
83,1,1140.5540417136135,0.32095083552979986,805.3649771976509,933.5603415297398,-1,-1,-1,-1
84,1,1149.200000245917,3.135421396708466,792.7191776845141,924.3535119594177,-1,-1,-1,-1
85,1,1154.0085196986902,6.296071783916716,788.6380180683261,925.4141835224075,-1,-1,-1,-1
86,1,1151.1302898603697,1.5968169244160322,794.9665009377552,939.6437039051207,-1,-1,-1,-1
87,1,1134.139593542346,-0.11391471563251798,832.9474960734954,998.8445447006994,-1,-1,-1,-1
88,1,1118.997574309621,-0.7189997616411574,862.7159699492224,1051.8902563688039,-1,-1,-1,-1
89,1,1121.2073447640903,-0.8945463103863176,866.2813919224627,1074.2800459277182,-1,-1,-1,-1
90,1,1131.0725674702837,-0.8907752314584059,858.5866363220221,1083.218880012992,-1,-1,-1,-1
91,1,1168.4675258436066,1.1184443131743933,785.0829468045574,993.3963899702778,-1,-1,-1,-1
92,1,1185.3891309392354,5.389796846798163,751.395390100761,952.7364886286936,-1,-1,-1,-1
93,1,1192.696903316523,4.271741563291641,737.3568859467271,936.6225426641718,-1,-1,-1,-1
94,1,1198.8838386794794,5.892763970162889,726.3928819074665,923.4103973425888,-1,-1,-1,-1
95,1,1169.9973905073707,1.8291399331684488,794.5838795241089,1027.1052243250965,-1,-1,-1,-1
96,1,1164.1308607905366,0.37070967089061924,810.7026849274694,1064.278611583088,-1,-1,-1,-1
97,1,1165.534643858401,-0.17930149287190034,810.1014549025499,1078.8337631368977,-1,-1,-1,-1
98,1,1175.7090010000386,-0.35874221301958187,799.5234974738639,1080.1383899898801,-1,-1,-1,-1
99,1,1184.9488941172224,-0.3949020854450964,789.2300932884082,1081.4483325924948,-1,-1,-1,-1
100,1,1189.9253985001776,-0.38059989885755385,780.9319777854678,1084.146622883194,-1,-1,-1,-1
101,1,1226.2864051473036,5.538702216450133,709.3160780421997,982.7292252113022,-1,-1,-1,-1
102,1,1243.4627272639054,7.911333789086143,680.503670153113,942.1595010296189,-1,-1,-1,-1
103,1,1251.8534555480164,8.74761965269903,673.6815852948737,934.6722201432342,-1,-1,-1,-1
104,1,1257.2199925103703,3.6668699644507114,669.74603325304,932.1691166662998,-1,-1,-1,-1
105,1,1264.150638843993,1.109954011260129,662.2116902839646,924.1226686418452,-1,-1,-1,-1
106,1,1267.054318417355,0.17150285817859867,666.5715978178075,935.4331525663749,-1,-1,-1,-1
107,1,1269.827277380141,-0.15533484628946326,663.9331782432544,935.8151674867327,-1,-1,-1,-1
108,1,1271.2327423416002,3.7334828642453317,662.6343814137529,938.1127413212621,-1,-1,-1,-1
109,1,1273.4539583253313,1.2326348693731006,662.5244735006797,943.0797028117759,-1,-1,-1,-1
110,1,1279.3882531073814,0.29790663711571597,656.0605438116586,938.4261790475015,-1,-1,-1,-1
111,1,1281.5571369138524,-0.04048330788793919,652.8918631291633,938.0727496359043,-1,-1,-1,-1
112,1,1259.2113151244455,-0.15178080601759802,701.1455804430541,1023.4776804126916,-1,-1,-1,-1
113,1,1291.9622663150712,-0.19028509910862113,659.9373194307543,971.6544305045936,-1,-1,-1,-1
114,1,1310.3459397227475,-0.17734064011688133,638.1138521248859,947.8095058919292,-1,-1,-1,-1
115,1,1321.5555985696315,0.5065191363238455,624.3071392932147,934.9486718592736,-1,-1,-1,-1
116,1,1332.4288685772035,0.7700994632486982,614.802907133818,929.5633232328788,-1,-1,-1,-1
117,1,1347.1779197158774,2.8696756734755127,606.8634354447461,929.6400374718559,-1,-1,-1,-1
118,1,1362.2057746922792,4.321331786367466,597.1580485017039,928.4371743239994,-1,-1,-1,-1
119,1,1362.6331215810242,2.208298802161039,592.9535721865825,932.7175920157061,-1,-1,-1,-1
120,1,1374.629008055533,4.053642073068261,584.5169020695514,933.0751253283802,-1,-1,-1,-1
121,1,1381.1169063979573,1.4402222222573187,575.7216616611361,931.2803942150456,-1,-1,-1,-1
122,1,1387.2616660169379,0.44911078874696386,569.9196981848768,935.2884379341403,-1,-1,-1,-1
123,1,1390.9395727388924,0.08150958239235706,567.3080014337133,945.4246643026797,-1,-1,-1,-1
124,1,1407.5770158052296,-0.04957532813466514,551.3056292931119,934.1225493650114,-1,-1,-1,-1
125,1,1426.14416361691,-0.08949345340244008,535.6300021974687,923.1609721610869,-1,-1,-1,-1
126,1,1439.4112242517704,-0.09597369955696422,525.4019743420815,922.4097339902405,-1,-1,-1,-1
127,1,1449.5036416408375,-0.09153257282605409,516.8731966836133,924.847860917729,-1,-1,-1,-1
128,1,1478.7181431387946,-0.08352449145320406,502.08627809208224,924.5032864784267,-1,-1,-1,-1
129,1,1495.0500569196106,-0.07456688671993561,490.0487898111337,928.3945055441942,-1,-1,-1,-1
130,1,1508.519883351924,-0.0662894472542348,477.5777828095054,931.219590177446,-1,-1,-1,-1
131,1,1504.1054472013732,-0.058677306921026684,480.0548725496353,961.357411863791,-1,-1,-1,-1
132,1,1524.5427191089648,-0.05303607733765148,458.5741751429755,947.196495361841,-1,-1,-1,-1
133,1,1541.5576847988516,-0.04615755900795193,442.0064075756329,942.201105328417,-1,-1,-1,-1
134,1,1548.5396492393688,-0.11975481286901868,442.2299582392611,942.7868471551864,-1,-1,-1,-1
382,56,1557.04288350157,568.6605780402929,161.29301145221393,73.2409439800756,-1,-1,-1,-1
383,56,1564.8075753984538,568.0494096311756,159.22676896506027,72.48280414558451,-1,-1,-1,-1
384,56,1573.8136403971716,565.677047370093,163.34837615075753,74.39485944409853,-1,-1,-1,-1
385,56,1583.7784141543482,564.9036030811305,165.86284207198537,75.72685049931613,-1,-1,-1,-1
386,56,1593.3612792631131,564.6727069748503,167.16472770570203,76.1726242796783,-1,-1,-1,-1
387,56,1596.2042735608768,562.5919543826637,175.04564320653026,79.69920854949817,-1,-1,-1,-1
388,56,1608.9674008754673,562.5166868751048,178.5217344366822,81.62950404095227,-1,-1,-1,-1
389,56,1621.3785609851536,564.5105860442785,175.34688874363542,80.34042847707633,-1,-1,-1,-1
390,56,1629.3114227027484,564.6631023106083,174.89555546344604,80.43843985813396,-1,-1,-1,-1
391,56,1637.7947728409183,563.4135669857328,177.59752066894703,81.76513407177538,-1,-1,-1,-1
392,56,1643.2134523675677,561.6436701703349,186.04239790370798,86.17926406346044,-1,-1,-1,-1
393,56,1656.3859556849147,562.9244980581558,180.11229775301763,83.30567408673699,-1,-1,-1,-1
394,56,1665.266540350381,562.1541791790795,183.2829414989817,84.72333920334893,-1,-1,-1,-1
395,56,1674.2964787777216,561.880467686512,184.29411143878724,85.22671956591284,-1,-1,-1,-1
396,56,1682.6342673188121,561.1395131356758,193.86088907777207,89.971440565472,-1,-1,-1,-1
397,56,1694.5723827171953,562.1558382879278,191.07062180927664,88.52544793313257,-1,-1,-1,-1
398,56,1709.0989638281874,563.2461333500177,187.720038586285,86.56281251571738,-1,-1,-1,-1
399,56,1718.8353539830525,563.0151721401585,194.39782623693736,89.73998880508714,-1,-1,-1,-1
399,58,1716.0226969260427,562.443610133531,197.90069627340927,91.25737214477454,-1,-1,-1,-1
400,56,1728.2930891794465,562.8106965732393,196.5155339321425,90.71759362593173,-1,-1,-1,-1
400,58,1721.6152352913768,561.9684436359871,202.81256667145476,93.52236882436898,-1,-1,-1,-1
445,64,1294.0910177825206,604.6443511665774,118.92855340462052,43.62459961504305,-1,-1,-1,-1
446,64,1311.190096485775,603.961120850906,121.9030972052285,45.0989487018237,-1,-1,-1,-1
447,64,1334.2988464511473,603.0810954599197,128.969340392827,48.15469696274488,-1,-1,-1,-1
448,64,1355.7006618383948,602.7462700657354,134.87240584261303,50.58128277170965,-1,-1,-1,-1
449,64,1382.9742435252867,602.6340598641103,138.68788637434272,52.13852141436291,-1,-1,-1,-1
450,64,1409.7400461307445,602.6140815591431,141.22567451560644,53.33674854897242,-1,-1,-1,-1
451,64,1432.348126419367,600.729738097917,154.17360888454277,58.18834301010838,-1,-1,-1,-1
452,64,1463.8263406317405,600.6217000528861,160.07427929233017,60.06189602521931,-1,-1,-1,-1
453,64,1500.7037543309425,600.6079733549276,168.07066225137373,62.639688674819695,-1,-1,-1,-1
454,64,1537.84565679942,600.6214674468697,183.23902796713696,68.01472446528635,-1,-1,-1,-1
455,64,1582.5781270540215,600.0165945752033,197.96306326665444,73.20915195049974,-1,-1,-1,-1
456,64,1632.89648914784,599.7855377946584,206.75422809441238,75.88593446668222,-1,-1,-1,-1
457,64,1684.0913642537334,600.3393582099757,215.25539616353194,78.77242473013075,-1,-1,-1,-1
458,64,1716.6826631987824,596.809148583315,233.22104855545376,88.65107659913133,-1,-1,-1,-1
459,64,1742.157072825292,596.1075761996709,241.32099198024002,91.7301063629194,-1,-1,-1,-1
542,73,1780.765326560419,582.546515988896,125.78675171586588,108.08018704826702,-1,-1,-1,-1
543,73,1813.8902335273874,581.794052229243,127.87717565285652,109.87634895680173,-1,-1,-1,-1
583,79,1317.8115033417287,455.1205064754535,333.64473669748645,227.36980041593114,-1,-1,-1,-1
584,79,1345.4778591202212,441.85620142845096,373.16641652601834,254.64990575793422,-1,-1,-1,-1
585,79,1381.2607686224285,430.3263711760043,404.46652912951436,275.77629820975653,-1,-1,-1,-1
586,79,1414.3827527817778,415.6120176069061,441.99967870371074,300.3410560801491,-1,-1,-1,-1
587,79,1443.5084270006018,402.38351935634086,475.1343869709576,323.5189959562918,-1,-1,-1,-1
588,79,1450.5780136911276,378.3900551187216,518.2326082133181,357.50046092596705,-1,-1,-1,-1
589,79,1470.312728676798,367.1547393873092,548.7565628056657,378.5572930766217,-1,-1,-1,-1
655,83,1517.5428900345596,607.7014943146908,97.68318005311426,76.32231618590151,-1,-1,-1,-1
656,83,1556.6012573874743,606.6369810728911,104.92359448456796,81.54314245998069,-1,-1,-1,-1
657,83,1600.8118465132397,607.0422503020127,111.4826447861808,85.996715650576,-1,-1,-1,-1
658,83,1649.0427540860303,607.2795490008774,118.8435257950864,91.48491589135585,-1,-1,-1,-1
659,83,1701.7144660118556,606.763949721754,127.52265108964139,98.6516388260876,-1,-1,-1,-1
660,83,1736.2124548812621,605.8698896249228,133.992252401011,103.65652625596135,-1,-1,-1,-1
753,102,1427.725207685855,563.4922463458475,110.2990512725271,54.525329742180816,-1,-1,-1,-1
754,102,1438.74171642556,563.7386435492027,110.1723786263749,54.462711097170995,-1,-1,-1,-1
887,104,772.2220714320893,569.0178682136584,132.9791284466197,71.011635121067,-1,-1,-1,-1
888,104,764.1315977759853,568.8716515000507,129.52667495193896,72.59272663762715,-1,-1,-1,-1
889,104,760.6006467851101,568.4626162961029,130.8587551802832,73.33984681601976,-1,-1,-1,-1
892,104,755.591163337369,568.7938621741789,135.2838191106356,73.3015515405067,-1,-1,-1,-1
893,104,748.9246443895829,567.4742307737939,144.12158149476397,77.40650130205552,-1,-1,-1,-1
894,104,745.527287055174,566.3866045527147,149.99311992370428,79.41115593107054,-1,-1,-1,-1
895,104,742.4756335748855,565.9405024712526,151.93363177215156,80.43869406718397,-1,-1,-1,-1
895,123,725.8482696322205,566.0580554697722,124.91726352974842,81.92195557043135,-1,-1,-1,-1
896,123,720.7041083558346,563.9339723005465,122.17796636793685,84.2504728292621,-1,-1,-1,-1
897,123,719.9712496066401,563.0609661384658,124.18660895239032,84.54869263767955,-1,-1,-1,-1
898,123,715.5263051493947,562.284565710578,125.90110433098789,85.71635992043537,-1,-1,-1,-1
899,123,709.1566540238547,560.3647501037367,127.08418017364704,87.73010173481964,-1,-1,-1,-1
900,123,702.7937677256472,559.1686074856431,128.41551928407102,88.98916815652342,-1,-1,-1,-1
901,123,694.3189001811694,557.4475061773743,129.63987521454146,91.37529122787737,-1,-1,-1,-1
902,123,687.8031526215801,557.4555783617809,130.42201302582737,92.89987588559507,-1,-1,-1,-1
903,123,680.8213025733692,554.9119568982499,134.7492566842601,96.673480302254,-1,-1,-1,-1
904,123,681.8823143482498,554.5947676833372,142.58460456682417,100.01297242189582,-1,-1,-1,-1
905,104,664.5873290127469,553.2906243429494,189.54178141166494,101.6131880996927,-1,-1,-1,-1
905,123,677.0083812828418,553.622391426622,145.06948712817314,101.75662025053634,-1,-1,-1,-1
906,104,658.344231589735,552.3028821459296,192.8025199943428,103.36163226953761,-1,-1,-1,-1
906,123,654.8854080328073,550.6449384628717,154.19092155833107,109.93140654359718,-1,-1,-1,-1
907,123,648.4268859039395,549.4980696504637,157.42032223409512,112.23472661955577,-1,-1,-1,-1
908,123,639.000675387213,548.0856669470338,160.8491802588428,114.88731766846979,-1,-1,-1,-1
909,123,630.5458372449439,549.5931907443905,162.5591952132578,115.7646510423391,-1,-1,-1,-1
910,123,620.4581512779462,544.9997530226826,173.39992038584558,123.1595089634119,-1,-1,-1,-1
911,123,599.6496888252798,533.1415745208062,190.08378698239437,136.6973728056123,-1,-1,-1,-1
912,123,583.769283440148,527.2665027706846,197.9348009168085,145.07399733765453,-1,-1,-1,-1
913,123,575.2883893735365,527.4232934879536,201.09500812656756,148.395649687017,-1,-1,-1,-1
914,123,566.2425597161354,525.1520845810284,206.4195835941057,152.3265703333327,-1,-1,-1,-1
915,123,543.1759317854307,522.2235469888366,215.05773973921282,160.54267675041308,-1,-1,-1,-1
916,123,526.8435691619098,516.0993426347571,225.49582925468974,170.7276399570452,-1,-1,-1,-1
917,123,512.9642482289182,511.92320365960023,231.76944868624776,176.42172819444744,-1,-1,-1,-1
918,123,495.2904437963542,504.6464194895944,241.93524386679883,186.13294665687403,-1,-1,-1,-1
919,123,477.1869014261225,499.322650552753,250.97164975485623,194.8831754179821,-1,-1,-1,-1
920,123,455.7707248285714,496.6508396715109,260.12919587764605,201.3825091046167,-1,-1,-1,-1
921,123,436.87678523106973,493.15940156809,266.6492751339377,205.07329993464015,-1,-1,-1,-1
922,123,409.0535982399123,483.6069152752792,286.2914140840443,221.62347781694734,-1,-1,-1,-1
923,123,385.7224784446644,477.4478197352714,299.881709655278,231.7161586706443,-1,-1,-1,-1
924,123,360.11598184799516,470.67347724690455,315.1151032128563,243.14453142775358,-1,-1,-1,-1
924,156,643.8660109128318,549.7429694340009,160.12452972412973,110.36379710879874,-1,-1,-1,-1
925,123,360.04418045306954,463.6767725446672,336.6770620245819,251.92758405331062,-1,-1,-1,-1
925,156,636.083734688026,549.863141443743,161.55183973414296,111.34755364885609,-1,-1,-1,-1
926,123,306.55062298803125,455.95375688346405,357.72615333626356,267.21813033787134,-1,-1,-1,-1
926,156,623.8017458783171,536.9330023015492,181.92347682924037,125.97857706433786,-1,-1,-1,-1
927,123,256.56054077346596,445.4774173838032,384.6790844980743,288.1456520549243,-1,-1,-1,-1
927,156,623.7581995248945,536.6439507778763,180.73555183510814,124.67081619978023,-1,-1,-1,-1
928,123,213.12354831353662,435.79430100824106,409.3225359446069,306.291307099596,-1,-1,-1,-1
928,156,617.928597784832,529.8922306564956,192.62452173493023,132.1111726378167,-1,-1,-1,-1
929,123,169.465051201858,425.77553373328783,431.6660914154715,322.13706141544503,-1,-1,-1,-1
929,156,606.4096124874428,526.8445774837644,202.11290550725005,138.02731328066784,-1,-1,-1,-1
930,123,122.96364284254881,415.00291631856334,462.38552595680244,341.3998317024062,-1,-1,-1,-1
930,156,598.0274875285721,523.1886009653687,212.62531370701538,144.72326654753886,-1,-1,-1,-1
931,123,75.78235567288229,399.59626159053494,492.04114769837065,357.6162404905116,-1,-1,-1,-1
931,156,582.8785629573022,519.943113703321,222.09594514108835,150.40938439662784,-1,-1,-1,-1
932,123,17.38395471433961,381.6559485075138,528.656400560873,384.5097874296048,-1,-1,-1,-1
932,156,573.2714068541454,521.9970961474509,221.83463580903538,149.91465205279223,-1,-1,-1,-1
933,123,-11.356712409360455,374.0390879097225,545.3895821885624,396.683905810228,-1,-1,-1,-1
933,156,546.5969960061307,519.0806545239351,227.57013388019334,156.63608871949998,-1,-1,-1,-1
934,156,542.5031494411048,532.117777704312,210.13701201765502,146.30091891642053,-1,-1,-1,-1
935,156,519.677394909059,525.6440725379427,222.4505523222906,157.08331092978256,-1,-1,-1,-1
936,156,504.96161415912707,527.1507184345091,224.54812312438116,159.6825937912298,-1,-1,-1,-1
936,157,703.008617568446,551.2374007167041,94.65757099853636,106.6311459938812,-1,-1,-1,-1
937,156,480.7331602028469,514.9278750568864,248.01717413251004,179.26662189478998,-1,-1,-1,-1
937,157,696.7276587216222,550.2352477581538,95.43707797782793,107.339969018165,-1,-1,-1,-1
937,158,698.9088933715793,551.7714829292821,95.05189838089723,107.27950848319222,-1,-1,-1,-1
938,156,448.0502935107545,501.58152542720245,278.4229156214599,204.73495225449165,-1,-1,-1,-1
938,157,692.0961084116093,549.6990456966153,96.66600060150233,108.7221624082847,-1,-1,-1,-1
938,158,693.3149495409839,551.2592382958861,96.80815980672776,109.40671008191362,-1,-1,-1,-1
939,156,431.26344912982955,501.7059291383215,277.37029140344924,205.20684892943632,-1,-1,-1,-1
939,158,675.9091994831147,544.5224189672779,108.4318974122998,122.46318270892323,-1,-1,-1,-1
940,156,410.2306991826549,495.65117340322837,284.2902755199875,211.91676808744836,-1,-1,-1,-1
940,158,666.148555831212,542.9076697427404,112.08854321396154,126.2122560919363,-1,-1,-1,-1
940,160,-46.20986257305691,348.92667569493346,370.09199816922614,413.8074441198885,-1,-1,-1,-1
941,156,386.7979995670609,487.66200096675925,298.2860027741322,224.50103379816483,-1,-1,-1,-1
941,158,651.051462125995,540.3752348549232,118.62445416638718,132.7869080912145,-1,-1,-1,-1
941,160,-59.76534694222089,350.8922794383374,368.12249995376726,411.60531184498114,-1,-1,-1,-1
942,156,358.0560551054273,482.7034889734621,311.33032571282956,233.71174018237684,-1,-1,-1,-1
942,157,653.4084650929886,546.0803047611121,110.87373341034242,124.44461445131776,-1,-1,-1,-1
942,158,645.069925914297,540.7915233440262,120.08027306270549,134.47576538690907,-1,-1,-1,-1
943,156,329.27403960031046,473.2747031687017,330.3301017198549,248.52518975224422,-1,-1,-1,-1
943,157,640.9395958587177,543.0899529534062,117.22245988145528,130.43188349412492,-1,-1,-1,-1
943,158,637.7689059998928,541.0510463617461,120.73304493850617,134.25207300717955,-1,-1,-1,-1
944,156,294.7406043217242,470.8640739453353,350.25597665454217,262.37709802984074,-1,-1,-1,-1
944,157,632.9233180770046,543.3265020815369,118.91841228738247,131.25348789344082,-1,-1,-1,-1
944,158,629.4236422117297,539.7190484627802,123.92856751561226,137.80540529161112,-1,-1,-1,-1
945,156,256.00580188031756,460.63463395211204,367.3666634058685,274.6226421754642,-1,-1,-1,-1
945,157,621.6142553972898,540.858012823553,122.79999761823069,134.04488568940792,-1,-1,-1,-1
946,156,220.06267035441797,447.8520729199066,391.9142368086367,293.10933988790373,-1,-1,-1,-1
946,157,609.1776027665803,537.9941972296795,129.23362700815426,139.55961543570766,-1,-1,-1,-1
947,156,180.79045109224413,440.36178851345807,412.36178821093097,306.52690962785715,-1,-1,-1,-1
947,157,590.3219032963992,531.7839628028969,138.3886784095099,148.66741706632195,-1,-1,-1,-1
948,156,133.4059309309594,431.8508247775048,441.3274142572047,325.4576933501192,-1,-1,-1,-1
948,157,573.531092823206,528.123486576871,147.86107667484373,157.21486349256315,-1,-1,-1,-1
949,156,97.0041265114871,429.1999115467699,461.16647703385297,335.2944002707209,-1,-1,-1,-1
949,157,559.345724378388,526.083472300082,151.92533201864785,159.24773027881167,-1,-1,-1,-1
950,156,68.46833606673735,421.39994829344914,477.22502708699324,345.21587298071654,-1,-1,-1,-1
950,157,541.7628212144372,521.5014549608317,161.3452846650838,166.2860187339163,-1,-1,-1,-1
951,156,5.579991078723424,386.2256662166856,532.1810487720398,387.4053793936502,-1,-1,-1,-1
951,157,523.3128412892274,515.320364288459,173.4015459570619,177.18267229630897,-1,-1,-1,-1
952,156,-23.270961832574244,378.3281711122332,549.6887464853485,400.15036396747786,-1,-1,-1,-1
952,157,505.1985336305424,511.0487591885992,182.64333797707633,183.89189490398212,-1,-1,-1,-1
953,157,481.46310590284145,505.61853741306953,195.2140211831046,194.0172637456697,-1,-1,-1,-1
954,157,463.29820410002174,501.64741900933166,204.99439966250748,200.4173515512282,-1,-1,-1,-1
955,157,439.6810237506925,494.4539070119675,220.74658837963966,212.9294800054351,-1,-1,-1,-1
955,160,3.6214682674437313,319.22366070610417,397.62802223981305,442.765746286541,-1,-1,-1,-1
956,157,413.8386286877844,486.6644096701555,239.77288727980113,227.7791580516377,-1,-1,-1,-1
956,160,-8.39835895468309,317.811644548601,396.2680361529317,447.46371629993763,-1,-1,-1,-1
957,157,382.01362876864965,481.7538331161043,255.3036879940435,236.6975640825387,-1,-1,-1,-1
957,160,-13.996432238299803,341.4639756953495,369.3201296732681,423.7131013208741,-1,-1,-1,-1
958,157,344.58792706788677,471.0785141052655,281.81145333264817,257.7010335990659,-1,-1,-1,-1
958,160,-27.055992642195093,350.1038848364126,346.2067023637004,408.9922551644006,-1,-1,-1,-1
959,157,311.9331477001498,466.3016641220185,300.513568192751,270.2249881650908,-1,-1,-1,-1
959,160,-44.892564554574776,350.55450266104924,329.5654063087454,406.9765736108735,-1,-1,-1,-1
960,157,276.42463711075163,461.36741631439486,317.06649410379725,278.83440243383393,-1,-1,-1,-1
960,160,-49.56833160765929,352.0103176580876,327.8983712966365,404.9184249210027,-1,-1,-1,-1
961,157,241.74230758455573,453.22172306598486,338.2748624772063,291.47806855666454,-1,-1,-1,-1
962,123,144.4681135399974,440.84236402132296,440.82090922653094,312.7957150074717,-1,-1,-1,-1
962,157,221.09721261351555,448.5727754194116,348.34298577292225,300.1524944003483,-1,-1,-1,-1
963,123,97.10405778600443,428.05873352222596,481.3406395609185,337.32744138631693,-1,-1,-1,-1
964,123,62.97365241230921,417.7864206678081,503.73973556284614,350.2441894426398,-1,-1,-1,-1
965,123,33.90502372068187,404.76771437022205,513.1175606878526,354.26714729703906,-1,-1,-1,-1
966,123,0.8058434009383859,386.072512191952,540.2974408636492,375.2561073566287,-1,-1,-1,-1
967,123,-32.32664024151205,357.93344954017596,572.2947503083612,406.9668451173452,-1,-1,-1,-1
968,123,-52.440865394445694,346.80087965238556,587.9139817055315,418.0763042777012,-1,-1,-1,-1
968,157,-20.094877062911905,316.76787170431226,509.75241447914067,447.9949820720476,-1,-1,-1,-1
969,157,-40.499177270399,308.13659753604986,510.7635831183179,459.3426295845603,-1,-1,-1,-1
970,157,-68.83717897608136,296.7101572838518,527.2899897598551,474.20429990678144,-1,-1,-1,-1
973,160,-46.130635601145144,307.9221249174997,354.67269949080764,466.70430558816895,-1,-1,-1,-1
974,160,-39.892874429467966,332.8617255123861,312.26972584133364,435.26836903501135,-1,-1,-1,-1
975,160,-41.36786634970899,332.63146640223033,312.6995687906025,435.8692505322215,-1,-1,-1,-1
1108,164,585.5414793242934,613.0492285046513,67.19788736016142,76.9534612916791,-1,-1,-1,-1
1179,179,1406.945279846806,615.5403631262252,111.80990855995924,100.0092486705845,-1,-1,-1,-1
1180,179,1415.9385644395704,616.6824827756889,118.14860629156988,105.67894650158883,-1,-1,-1,-1
1181,180,1473.4271834989904,624.8073781147108,121.81714378755123,105.22339037840004,-1,-1,-1,-1
1182,180,1517.943844654996,623.6585873582071,128.7431723376735,111.7099981499423,-1,-1,-1,-1
1183,180,1542.7237275289356,623.7373735031243,133.44770029084475,115.79210110646375,-1,-1,-1,-1
1377,201,1241.3969210892353,421.7690002628286,701.0669901977094,254.9721994024569,-1,-1,-1,-1
1378,201,1227.0522055905435,409.772637054109,735.5947463603284,270.0421969588843,-1,-1,-1,-1
1379,201,1213.4914508598872,401.7200210459579,792.3071510205962,290.86174003087865,-1,-1,-1,-1
1381,187,836.272391491117,558.4904618108075,61.154126004591376,81.95755168055973,-1,-1,-1,-1
1382,187,835.3722393316464,557.3447960601948,61.484205236529874,82.92724045433317,-1,-1,-1,-1
1383,187,834.6829014532985,556.2714149523896,61.684099556444494,83.26971756286423,-1,-1,-1,-1
1384,187,834.2219290810547,554.5730266155209,62.847826028858094,85.33001458538718,-1,-1,-1,-1
1385,187,833.4208356366955,553.9457566182784,63.27535387726425,86.08957701443614,-1,-1,-1,-1
1386,187,832.8018257236661,553.0795374935268,63.44407551488075,86.34776243173621,-1,-1,-1,-1
1387,187,832.3225237795715,552.7738092287503,63.37528357892472,86.41250909089774,-1,-1,-1,-1
1388,187,831.583791870486,552.0292330282991,64.49684127128478,88.37080549651239,-1,-1,-1,-1
1389,187,830.7609054508454,551.7671939016507,64.73601689360407,89.09014163944016,-1,-1,-1,-1
1390,187,829.6725276160427,551.0404952357695,65.75282722448446,90.63853631312361,-1,-1,-1,-1
1391,187,828.3639473873874,550.7840562708926,66.65755939994585,91.85233664099997,-1,-1,-1,-1
1391,203,1659.824033118384,609.2243003710386,188.39318864193297,101.42989740273049,-1,-1,-1,-1
1392,187,828.1814715747054,550.7089100497101,66.39894784384978,91.63510703537031,-1,-1,-1,-1
1392,203,1708.1952693549063,608.2002643325095,200.33659482611188,107.86918322270424,-1,-1,-1,-1
1393,187,828.1731016274313,550.7051091485736,66.21854335904277,91.51181448684542,-1,-1,-1,-1
1393,203,1740.6350773674783,609.2617803009352,212.54440550045206,116.26741110964099,-1,-1,-1,-1
1394,187,827.7999604766678,550.0684670971975,67.58340208862194,93.40147843267755,-1,-1,-1,-1
1394,203,1759.0868924147644,601.6268074481459,240.88273768879435,136.63387454093163,-1,-1,-1,-1
1395,187,826.2542923491037,549.8426462532854,68.98187377008878,95.39604212691358,-1,-1,-1,-1
1395,203,1787.027009128419,599.9926137408083,255.30167370187792,144.81262393734664,-1,-1,-1,-1
1396,187,825.4469730762362,550.4231367375017,68.67325673762616,94.83332290820181,-1,-1,-1,-1
1397,187,822.732379630476,548.7030669380467,71.42672496595856,97.19423335718056,-1,-1,-1,-1
1398,187,822.2599370066715,546.1156275060049,72.68820215076619,99.36172075896025,-1,-1,-1,-1
1399,187,820.7495474144542,546.4333243559792,72.62709348236388,98.21775337094107,-1,-1,-1,-1
1400,187,819.2184366367096,545.9345388978538,73.87768282764443,99.03336164468703,-1,-1,-1,-1
1401,187,818.4380531624347,543.15055785846,75.44624142793123,101.27514091751743,-1,-1,-1,-1
1402,187,817.8652997658467,543.4105482144907,75.33310827680248,100.80112283698634,-1,-1,-1,-1
1403,187,816.758422768318,542.892304898092,75.79697141576207,101.22847150940765,-1,-1,-1,-1
1404,187,815.5098077120325,542.7206357162567,75.70474284163743,100.70577321900464,-1,-1,-1,-1
1405,187,814.0766311008999,542.0251700239833,76.97253771574037,102.44702327093364,-1,-1,-1,-1
1406,187,812.7822229324674,541.1293495468301,78.34660641679523,104.3887876903857,-1,-1,-1,-1
1407,187,811.0146914118255,539.5058904693361,79.50951430993177,105.75605124332526,-1,-1,-1,-1
1408,187,809.1506686083529,538.2542188660565,81.0710761351379,108.2046052149883,-1,-1,-1,-1
1409,187,806.390825051124,537.1508753233903,83.8610610031593,112.35678520027875,-1,-1,-1,-1
1410,187,804.0026412948869,535.4619452452611,86.34434274129308,115.85234295207135,-1,-1,-1,-1
1411,187,802.9854739856194,534.188150813064,86.89660552302462,116.52414611122379,-1,-1,-1,-1
1412,187,800.7715315145166,533.0779658816253,87.56908539581786,116.72066859966606,-1,-1,-1,-1
1413,187,798.5582276325399,531.3827378606509,89.30756345088332,118.69412683221299,-1,-1,-1,-1
1414,187,797.5506458065317,530.1169327487374,91.00387502428782,120.70217891087248,-1,-1,-1,-1
1415,187,794.5259491945857,529.66473065673,92.45746900764266,122.72366977188858,-1,-1,-1,-1
1416,187,792.3161603614645,528.2301273798653,94.51726167080244,126.04558926227355,-1,-1,-1,-1
1417,187,790.5230947817844,527.7089543547629,95.32173752237338,127.27618912025048,-1,-1,-1,-1
1418,187,789.8782300381066,524.9507084255894,96.25795786055187,128.98650777210014,-1,-1,-1,-1
1419,187,789.2701839464576,523.2736925782336,97.41182727305033,130.88564911714025,-1,-1,-1,-1
1420,187,787.4509389625586,522.0186694630751,98.49939921927569,132.85741551269246,-1,-1,-1,-1
1421,187,783.5555732258168,518.3330565380828,100.82760277369368,136.80266975752056,-1,-1,-1,-1
1422,187,780.2113036893153,513.7274570038874,104.18262527183754,142.1382033644063,-1,-1,-1,-1
1423,187,777.2010755885243,512.6268393422615,105.12668812789525,144.1491472881064,-1,-1,-1,-1
1424,187,774.333516946869,509.0344024835268,104.43356928745345,142.91295402245322,-1,-1,-1,-1
1425,187,771.1023846094224,507.70505843785355,104.58274373935433,142.33375468458206,-1,-1,-1,-1
1426,187,768.0192948526212,506.61091469062796,105.17437509976935,142.04367000690934,-1,-1,-1,-1
1427,187,762.8270748922895,502.3300547787606,110.9328243800752,149.73220061640706,-1,-1,-1,-1
1428,187,758.3044917513444,498.1863112321658,115.73490299856746,156.44266272187207,-1,-1,-1,-1
1429,187,756.0314684140034,495.98608627193903,117.45388445673257,158.36583812177173,-1,-1,-1,-1
1430,187,755.3764252628782,495.85449470426806,117.80001762783797,158.37270086918488,-1,-1,-1,-1
1431,187,748.8673956669056,493.28979903743704,120.83087929434691,162.8282741672644,-1,-1,-1,-1
1432,187,744.8777562706621,490.4302720529374,123.80229988203416,167.04675260255794,-1,-1,-1,-1
1433,187,741.3176990891993,487.45446761730943,125.88621618786738,169.24853484736457,-1,-1,-1,-1
1434,187,737.223128387568,483.7851792187506,130.96790638054756,176.47833100017772,-1,-1,-1,-1
1435,187,732.782142745388,481.79058156657675,132.99442040900203,179.189788449959,-1,-1,-1,-1
1436,187,729.1201280691955,480.45227940524137,133.90377600109036,180.13917573453864,-1,-1,-1,-1
1437,187,723.6928024638784,478.07455436258795,136.58864697196384,182.98754291041428,-1,-1,-1,-1
1438,187,718.763478007329,475.2898187687288,139.56653162804514,187.87602075239414,-1,-1,-1,-1
1439,187,715.2105481289917,472.3503700137069,142.87705128028722,192.25381605829762,-1,-1,-1,-1
1440,187,708.5260790281587,469.35034778212673,145.916383689369,195.78943661770847,-1,-1,-1,-1
1441,187,695.7565972011005,466.9735864147634,151.46695408455867,200.28373257867918,-1,-1,-1,-1
1442,187,692.5526960691727,464.19662623340577,157.39346674803812,207.7245284178294,-1,-1,-1,-1
1443,187,683.4509652685394,461.2666753349514,163.42548568317693,213.07626125779177,-1,-1,-1,-1
1444,187,679.0263224627344,457.63278304322813,168.3532465506421,218.26010809163387,-1,-1,-1,-1
1445,187,669.70691819029,455.0108394740706,174.12015946877625,223.3701056498262,-1,-1,-1,-1
1446,187,662.1660942557851,448.93163083624125,177.96577050345297,224.5904715415042,-1,-1,-1,-1
1447,187,655.8850213741721,447.29742962139215,184.45967703659835,230.7332177066,-1,-1,-1,-1
1448,187,645.6006823588136,442.88965935051135,195.18237006929292,241.99577058327168,-1,-1,-1,-1
1449,187,632.7409251003933,434.8764984455343,205.15742396416658,253.90780128986472,-1,-1,-1,-1
1450,187,623.5126933735521,427.35735411649216,214.45404909337117,265.4533089484205,-1,-1,-1,-1
1451,187,612.7509369922861,420.67487281136187,223.08569506543415,274.9405018043467,-1,-1,-1,-1
1452,187,602.5481890812862,416.2373739421027,227.2020691344593,277.87803274665504,-1,-1,-1,-1
1453,187,591.1670372982111,405.00550715311107,237.41390141650902,289.06795845286496,-1,-1,-1,-1
1454,187,583.9796875168678,398.2079151734191,241.42441323804792,291.9845554540043,-1,-1,-1,-1
1455,187,572.2089868228088,389.90946319473176,252.88050817152202,305.0972546436295,-1,-1,-1,-1
1456,187,563.3495368009754,382.36031555216243,257.8796209074545,310.6589415456292,-1,-1,-1,-1
1457,187,548.99873937835,372.50705299370566,267.16497671358945,320.94386086164104,-1,-1,-1,-1
1458,187,535.0195531548649,365.6263476090634,275.07230783324246,328.59634248387067,-1,-1,-1,-1
1459,187,519.6013684018576,356.71007784710446,289.4216060192281,344.1802266185273,-1,-1,-1,-1
1460,187,500.59200862874314,345.7596031733372,307.9709361063089,365.9579106380474,-1,-1,-1,-1
1461,187,477.23244937622155,334.0314781069469,328.4091354534514,390.105047980343,-1,-1,-1,-1
1462,187,457.78401483271625,323.24914465075346,346.48836711426713,410.8016629345933,-1,-1,-1,-1
1463,187,433.6750451215686,305.92652983879236,367.2747329645837,434.53132452430873,-1,-1,-1,-1
1464,187,409.8850170781959,294.17862733235233,386.09218167346944,455.6362167448069,-1,-1,-1,-1
1465,187,382.9054925104399,277.135631542506,406.3396901879257,478.20632972886773,-1,-1,-1,-1
1466,187,353.9799757668127,259.8748969185708,427.9303341164564,503.20647256065195,-1,-1,-1,-1
1467,187,322.19720527159916,235.65269088278882,450.50549767211373,525.3834280705344,-1,-1,-1,-1
1468,187,290.1612950341056,216.78352641105243,477.31777449066624,552.7173551863212,-1,-1,-1,-1
1469,187,257.886615303541,195.7363846506595,503.71275776224047,578.2843460471709,-1,-1,-1,-1
1470,187,210.7970576608875,165.005244928183,539.8785788195977,615.7211652952253,-1,-1,-1,-1
1471,187,162.4817458450537,128.06099449613055,588.3356271926543,668.9736179583138,-1,-1,-1,-1
1472,187,103.8617506190102,85.67040974791684,634.7902315778964,717.8051639553348,-1,-1,-1,-1
1473,187,47.30903510869297,48.32893612958168,680.0908399798725,761.9581930454415,-1,-1,-1,-1
1474,187,7.326441326492954,16.823091200735348,727.7045722280263,815.3403276797033,-1,-1,-1,-1
1475,187,-0.5389972278267123,-1.039884218704799,727.442356356024,812.1544945442754,-1,-1,-1,-1
1476,187,-0.20911972051663952,-7.470040642622166,716.7347941771609,796.1710082820106,-1,-1,-1,-1
1477,187,-25.104167032989494,-25.951690010254538,736.0147497159454,817.5695465854634,-1,-1,-1,-1
1480,187,-21.928515009967043,-11.663448140173045,724.4241345531882,807.4327120252003,-1,-1,-1,-1
1481,187,-40.904793507120814,-24.778983767052296,738.5068322269894,823.1112140210828,-1,-1,-1,-1
1482,187,-64.51840883900087,-8.190954322407777,776.8926298400384,886.769309963938,-1,-1,-1,-1
1483,187,-84.55481936375986,-18.608321428210274,794.4607215318961,906.8061113669808,-1,-1,-1,-1
1484,187,-78.5294401700416,-1.6214809595145425,774.4751289730968,909.4666474263406,-1,-1,-1,-1
1485,187,-76.81011422540678,-3.2408342240107118,758.9696867190078,914.0655826892382,-1,-1,-1,-1
1486,187,-78.25559991796058,-2.422528226404552,730.4459181461979,905.0848552855053,-1,-1,-1,-1
1487,187,-86.74028790561061,-3.1328986425144763,716.5046953511116,916.0088600486617,-1,-1,-1,-1
1488,187,-91.21334796909463,-3.2046414912244927,692.2477519398528,915.8130394531556,-1,-1,-1,-1
1489,187,-98.04727583401336,-2.339841666433415,660.65572776038,907.9821902117019,-1,-1,-1,-1
1490,187,-114.80297207528287,-7.1232136211540364,668.4589182466902,918.7238671634447,-1,-1,-1,-1
1491,187,-128.5900537404302,3.4600015593021567,639.3357309824909,924.4745652934469,-1,-1,-1,-1
1492,187,-146.53602650325067,0.22494977089684198,646.3970424917312,934.7133567904445,-1,-1,-1,-1
1626,208,971.9740873598281,558.9867003678302,63.39426574295442,80.22329724220538,-1,-1,-1,-1
1627,208,972.2124736424656,558.7969625107388,63.5295826101252,80.30173057206844,-1,-1,-1,-1
1628,208,973.3159453270466,561.3683923877022,63.502910515743,80.30503978729655,-1,-1,-1,-1
1629,208,974.1771871237349,562.3680493641808,63.904037104473446,80.94091088237917,-1,-1,-1,-1
1630,208,974.9008276980571,564.0641041160507,63.89243809322011,81.16404742519012,-1,-1,-1,-1
1631,208,976.0287639972332,564.7142034549584,64.12074209982393,81.88523907706553,-1,-1,-1,-1
1632,208,975.8176918503274,564.9572720402073,64.7988273822599,83.45169701968791,-1,-1,-1,-1
1633,208,976.2757721288706,565.0444315455543,65.90163435230443,85.33426072538805,-1,-1,-1,-1
1634,208,976.6019670251248,565.7222375310693,66.63975752932993,86.68442173124754,-1,-1,-1,-1
1635,208,976.46562074901,565.9778152614974,67.4088903755462,88.47861372564535,-1,-1,-1,-1
1636,208,977.5445770861251,566.7178962461767,66.70240949529546,87.84226097713679,-1,-1,-1,-1
1637,208,977.6530904083112,566.3405764140573,67.65792169819258,89.52046100928123,-1,-1,-1,-1
1638,208,978.3280655890072,565.5398091036523,68.02085058098521,90.13242780977032,-1,-1,-1,-1
1639,208,978.6054969000952,565.2233377789715,68.08382873581536,90.33555244534898,-1,-1,-1,-1
1640,208,979.1687966462318,565.0981630510627,68.45872169866675,91.03641928268087,-1,-1,-1,-1
1641,208,979.5788234429689,564.3946263447259,68.82558929022082,91.9304785049327,-1,-1,-1,-1
1642,208,979.8060496725997,564.1246668820921,68.78372930640455,92.24502396550292,-1,-1,-1,-1
1643,208,979.4658975080595,563.3677161203406,68.92327200428554,92.99094006482119,-1,-1,-1,-1
1644,208,980.8575175613271,563.0816710802982,68.51343541183451,92.59522359208802,-1,-1,-1,-1
1645,208,981.1828722033725,561.6626494541669,69.39223126828267,93.7289364457788,-1,-1,-1,-1
1646,208,982.1235816950469,560.4775142456059,70.01720925862571,94.13731665617377,-1,-1,-1,-1
1647,208,981.4102060188765,558.7236881243794,71.04896568152537,95.57928130479377,-1,-1,-1,-1
1648,208,982.8253419887751,556.7641200649763,71.94635699200035,95.4524992607702,-1,-1,-1,-1
1649,208,983.6429522753973,555.3755490906398,73.01284193611934,96.03055389789654,-1,-1,-1,-1
1650,208,983.4015095861408,552.9055623015487,73.16139027287238,96.22759239632421,-1,-1,-1,-1
1651,208,983.5711541195436,551.9926021512872,73.29489655339955,96.27896654519122,-1,-1,-1,-1
1652,208,983.8755831434921,551.6803924921344,73.47413668543732,96.27659026766105,-1,-1,-1,-1
1653,208,985.5650358615859,551.5965261670304,74.95506646072397,97.57211253008745,-1,-1,-1,-1
1654,208,986.6167750341534,551.5926378767178,75.95714115470798,98.0456479265481,-1,-1,-1,-1
1655,208,986.9884539456242,550.964783206347,76.99663879532147,98.8613341930087,-1,-1,-1,-1
1656,208,987.4693653043291,550.0953687735863,77.30630208423872,99.15171083735686,-1,-1,-1,-1
1657,208,988.1052191294953,550.446528524176,77.11013843781757,98.58387729280003,-1,-1,-1,-1
1658,208,988.8837848965674,550.6085377576146,77.87265796742884,99.00491801799512,-1,-1,-1,-1
1659,208,989.7930593354446,550.0322893841793,78.18740272191201,99.14872202253173,-1,-1,-1,-1
1660,208,989.2989670281496,549.1747812436072,79.92099613723497,101.16186352932675,-1,-1,-1,-1
1661,208,989.330829679071,549.5211240738979,80.73887371100227,101.90804169367254,-1,-1,-1,-1
1662,208,989.6352341021724,549.6757706827154,81.05977703108977,102.17208847201175,-1,-1,-1,-1
1663,208,990.9731352260496,548.4393574583631,85.2444178161868,108.1588205748136,-1,-1,-1,-1
1664,208,991.3996418640471,547.3407786182468,88.2176357772538,112.95983003799006,-1,-1,-1,-1
1665,208,992.4690791062325,548.2091187289788,88.15148249780225,113.52159023068316,-1,-1,-1,-1
1666,208,993.7690398467216,547.2799220838052,88.86767293366893,114.97459376419499,-1,-1,-1,-1
1667,208,994.0493543818187,546.9363436425471,89.50850805068069,116.1353188203044,-1,-1,-1,-1
1668,208,995.4065617918751,546.8200534550324,89.77406356489689,116.53334422734156,-1,-1,-1,-1
1669,208,996.9128022369958,546.7919747636298,90.43487843265018,117.28693446496209,-1,-1,-1,-1
1670,208,996.9528089834768,546.1436581058268,91.02887467201901,118.18251051501397,-1,-1,-1,-1
1671,208,997.2543539044613,544.6040966877865,92.55556975215984,120.43888639007662,-1,-1,-1,-1
1672,208,998.4277518219504,543.3794629366282,92.90024673343726,121.26216989710167,-1,-1,-1,-1
1673,208,998.8789492405928,542.2741950480614,93.60370391700428,122.8340984214583,-1,-1,-1,-1
1674,208,1000.7859893242423,539.9176893108232,94.2341314450664,124.69529559371313,-1,-1,-1,-1
1675,208,1001.6774576537824,539.0355782557681,94.7311855466852,126.01571466728603,-1,-1,-1,-1
1676,208,1001.8218222440807,536.7716587232544,95.2316435877724,127.12637886966957,-1,-1,-1,-1
1677,208,1003.1737592392058,534.627921499107,96.65536100163763,129.4603221718977,-1,-1,-1,-1
1678,208,1005.386643230947,533.189699721903,97.6338504558131,131.60968140815407,-1,-1,-1,-1
1679,208,1007.0451790380591,533.3230808071776,97.61246167133686,131.73843701930855,-1,-1,-1,-1
1680,208,1006.5772138852799,531.4600247999157,99.06004837888031,134.3410573298969,-1,-1,-1,-1
1681,208,1007.5147345419277,531.4312340817773,99.89471556052968,135.28981806336833,-1,-1,-1,-1
1682,208,1009.1173746628835,531.4617217411977,100.24578494565867,135.5993669294768,-1,-1,-1,-1
1683,208,1010.677754814533,530.8564663500006,101.0081401483535,136.3180171779744,-1,-1,-1,-1
1684,208,1011.6292650310197,530.6565882780604,101.79935574844285,137.1993968520717,-1,-1,-1,-1
1685,208,1012.8326954914041,529.956578281309,102.93678334241804,138.14491831878263,-1,-1,-1,-1
1686,208,1012.1222419684567,529.7173965461336,105.61064413289535,141.07855490395366,-1,-1,-1,-1
1687,208,1012.6713243071769,528.3491098993,107.50276951117905,143.45854036613594,-1,-1,-1,-1
1688,208,1014.0197675464832,528.498187064004,109.11363957705396,144.3262850975841,-1,-1,-1,-1
1689,208,1016.6617729259093,527.9333059508434,108.65014093742604,142.64593705634627,-1,-1,-1,-1
1690,208,1018.2717162625019,526.4295300322447,110.45118937647464,144.57097467065,-1,-1,-1,-1
1691,208,1019.4446338099251,525.8843477393276,112.51573657714607,146.5691984472686,-1,-1,-1,-1
1692,208,1019.7563094690059,523.092092213804,116.07388806028519,150.55459941417632,-1,-1,-1,-1
1693,208,1020.7332723721483,521.4001559045232,118.8560938288797,153.9833175788433,-1,-1,-1,-1
1694,208,1021.0341596208206,518.1864547628235,121.90858697173314,157.19941485806294,-1,-1,-1,-1
1695,208,1023.2748554027952,516.3315602004782,123.25045542287114,158.38280400451413,-1,-1,-1,-1
1696,208,1023.5852452110607,515.0093609536167,124.74922093378245,159.41968950469152,-1,-1,-1,-1
1697,208,1024.2860545467572,512.5931341767074,128.5861648085929,164.31459090379383,-1,-1,-1,-1
1698,208,1026.0852718561134,509.76979482893125,132.6995314633541,170.00846997021154,-1,-1,-1,-1
1699,208,1027.0418743064783,508.72019217181617,134.29837766631613,171.50634591877588,-1,-1,-1,-1
1700,208,1030.7169697076845,507.7235356817118,135.93548902721136,173.29219169162258,-1,-1,-1,-1
1701,208,1031.8989276230675,506.7424574167989,138.84113097079012,176.49658494264537,-1,-1,-1,-1
1702,208,1032.8745209711649,505.7642936525854,141.35853409522997,178.95060157399342,-1,-1,-1,-1
1703,208,1038.176954458011,504.7873061431219,142.04481343891416,179.16792341889823,-1,-1,-1,-1
1704,208,1039.1545780061635,505.1146451745075,144.93188932754197,181.7668911603638,-1,-1,-1,-1
1705,208,1041.7259725442748,503.9816715675378,146.66957685728858,183.34036293576173,-1,-1,-1,-1
1706,208,1042.211478018764,502.2853340462002,150.76294356724247,187.77327698139243,-1,-1,-1,-1
1707,208,1043.5594234039781,500.3762956914802,154.37488465363094,191.34671947973993,-1,-1,-1,-1
1708,208,1044.627103587404,496.44015034556696,160.32446605147993,197.83056966599543,-1,-1,-1,-1
1709,208,1046.7878009421618,493.0302313995064,164.75299528005667,202.1862472066914,-1,-1,-1,-1
1710,208,1048.9819396977973,491.75344539670084,167.44922349468106,203.7843889388131,-1,-1,-1,-1
1711,208,1051.2330346824058,489.3762341584228,171.9639156654723,207.53399705200945,-1,-1,-1,-1
1712,208,1052.4604085367162,486.5741339091902,176.66510415465336,212.11984034681768,-1,-1,-1,-1
1713,208,1054.8956896653226,481.6722574690711,182.7501129844327,218.31732166333308,-1,-1,-1,-1
1714,208,1056.0867637809527,476.6130807675725,188.2713565126951,224.482369660811,-1,-1,-1,-1
1715,208,1058.480319329659,470.21020730519723,196.62780952631488,233.20367191611598,-1,-1,-1,-1
1716,208,1061.8958690462266,466.5104695395744,201.74557448971404,237.76842942593976,-1,-1,-1,-1
1717,208,1064.8909775429731,464.51308131429886,205.9723162718908,241.3422076395264,-1,-1,-1,-1
1718,208,1066.3285492102834,461.25497983959207,211.31832225968355,245.81413110573027,-1,-1,-1,-1
1719,208,1066.8329221781546,458.1482063405102,217.09996892307004,251.28237411799455,-1,-1,-1,-1
1720,208,1074.5616212682696,455.1015730482005,217.54126347816054,250.0494583014638,-1,-1,-1,-1
1721,208,1077.7141005364158,449.47426708861144,224.2838125815183,256.54061640894633,-1,-1,-1,-1
1722,208,1083.6354882746664,446.117101877695,228.7964854116376,260.8488020198185,-1,-1,-1,-1
1723,208,1080.8696778955873,435.8695527081261,244.24282000055086,278.5483004248224,-1,-1,-1,-1
1724,208,1083.3969780107304,433.27818581344377,250.42735210198657,283.9711158840512,-1,-1,-1,-1
1725,208,1087.8685090720014,429.83763560613494,257.76470796888725,291.05049328560057,-1,-1,-1,-1
1726,208,1092.0789149556952,427.9726954835339,263.0791764647836,295.56668661085723,-1,-1,-1,-1
1727,208,1097.437769235092,426.0864559502818,267.02393776072654,297.78223134434666,-1,-1,-1,-1
1728,208,1102.131224778831,421.5999700697936,277.1848694404821,308.1487432889861,-1,-1,-1,-1
1729,208,1106.6480341252766,417.3977751434869,285.6340291923889,316.48767985883285,-1,-1,-1,-1
1730,208,1108.778641643921,415.8691902727742,298.73210595930846,328.5528170735381,-1,-1,-1,-1
1731,208,1112.3270156027984,408.9843194100691,307.62700661291,336.28052556430765,-1,-1,-1,-1
1732,208,1116.8908264495078,401.2573630473151,321.0210149083348,349.3607205847674,-1,-1,-1,-1
1733,208,1120.3191327304696,393.2445063106367,335.33363218216914,363.2079473370107,-1,-1,-1,-1
1734,208,1122.8510337311961,382.5718667276543,352.1838212933469,381.17720539580273,-1,-1,-1,-1
1735,208,1126.16725527902,373.42226652931527,367.0831477067552,397.5432697907279,-1,-1,-1,-1
1736,208,1129.8749649597144,365.5036928473315,381.6912640349715,412.65176620586175,-1,-1,-1,-1
1737,208,1138.222115416877,359.3547157975455,392.2775371396824,422.1638052005412,-1,-1,-1,-1
1738,208,1143.63867075596,351.3650850542209,404.4675987862786,433.252910627185,-1,-1,-1,-1
1739,208,1153.9134000152683,340.1027028036499,419.87020449349916,447.51740980299815,-1,-1,-1,-1
1740,208,1163.9888776190724,331.39530437442625,435.5990551095788,460.46777566563514,-1,-1,-1,-1
1741,208,1165.3293612836642,315.404048297196,463.669162557572,487.5725451166369,-1,-1,-1,-1
1742,208,1173.0921275410144,302.358181727937,486.84601579150944,509.91952532553216,-1,-1,-1,-1
1743,208,1181.0793217282096,287.89173080927293,512.8407122074614,534.9112432841837,-1,-1,-1,-1
1744,208,1197.860901151771,282.3625937533463,530.0131836340547,548.2676816143996,-1,-1,-1,-1
1745,208,1196.7755489499557,253.749508427105,574.5193488524676,594.4416468357263,-1,-1,-1,-1
1746,208,1204.6012562586563,237.11995330304234,603.0611329935582,622.1899425325876,-1,-1,-1,-1
1747,208,1222.4200098625265,223.15122818485486,634.7115330426413,649.2510220741547,-1,-1,-1,-1
1748,208,1222.0419733730064,200.86547751801714,674.1397509465301,688.535258944298,-1,-1,-1,-1
1749,208,1218.5593541723683,175.97909423489972,706.9822769404645,723.7562934449281,-1,-1,-1,-1
1750,208,1212.1067064750928,154.3835315521789,733.7193527377688,756.1673520368108,-1,-1,-1,-1
1751,208,1207.3278693159796,129.11580498835144,757.9126435300893,790.5550113902391,-1,-1,-1,-1
1752,208,1196.6994760421878,97.38426300826063,797.3431075079295,848.9518698419065,-1,-1,-1,-1
1753,208,1175.7936355522922,54.553097407779774,857.6199654873249,940.8099991893691,-1,-1,-1,-1
1754,208,1159.1657337346824,14.280835796672363,899.0745952864986,1019.6200538143148,-1,-1,-1,-1
1755,208,1191.7011185408703,1.218255933798389,843.9624086162078,981.7370052831707,-1,-1,-1,-1
1756,208,1206.7619911899674,12.975266875477814,827.2223984859061,988.4565361614738,-1,-1,-1,-1
1757,208,1238.4864181174328,8.333222184501494,781.10652966269,955.2065385651251,-1,-1,-1,-1
1758,208,1273.67065593942,58.71160878079422,724.2599244528938,903.0027915270161,-1,-1,-1,-1
1759,208,1284.1666322097235,21.851210672071147,717.2665225107646,914.9589546850648,-1,-1,-1,-1
1760,208,1303.708661596681,11.780319682417087,698.534539985412,913.1789542986205,-1,-1,-1,-1
1761,208,1326.430450007412,5.7779907424244925,684.9295583909152,921.6938097566117,-1,-1,-1,-1
1762,208,1355.8932328854569,4.5614819766096275,659.5953694062757,915.975163838875,-1,-1,-1,-1
1763,208,1381.6667638373,1.949890009264493,639.0707388721266,917.8190467495747,-1,-1,-1,-1
1764,208,1406.7809845841412,3.3012042163234696,614.1885550242371,912.2119094425432,-1,-1,-1,-1
1765,208,1433.5045835868336,4.861971795558986,591.150080866114,910.98183712213,-1,-1,-1,-1
1766,208,1473.529143920162,55.82805767898839,549.3487653206821,879.9026698497034,-1,-1,-1,-1
1767,208,1514.0469984782687,42.28680410742567,521.7378567731266,877.6642295873178,-1,-1,-1,-1
1768,208,1554.9913779488502,32.68977744148276,488.5122715661769,867.4569783318221,-1,-1,-1,-1
1769,208,1609.2281550250325,56.45443270222614,437.0230279703287,824.9228872016481,-1,-1,-1,-1
1770,208,1627.8248292051196,56.416106072415516,434.81202570060645,820.9128442400026,-1,-1,-1,-1
