13,1,949.7979931087602,564.8762279973771,75.45630434966733,70.15583718552989,-1,-1,-1,-1
14,1,946.2944329509126,562.1932586880692,76.40180732782574,72.08719594448371,-1,-1,-1,-1
15,1,946.0380190870985,560.0050613522726,75.31818303223088,72.14081562335923,-1,-1,-1,-1
16,1,945.527819999903,557.9376616722734,75.11133698659239,72.76167183226801,-1,-1,-1,-1
17,1,943.6573457891038,555.9168003034512,75.19339569358635,74.2284926587721,-1,-1,-1,-1
18,1,944.5448124599429,555.1956123669212,74.58863597230118,74.74305480885755,-1,-1,-1,-1
19,1,943.1970953247545,553.1675434616601,76.30682685341765,76.4648510690738,-1,-1,-1,-1
21,1,942.9437429733597,553.1306181426337,75.06743737604472,75.87291182292847,-1,-1,-1,-1
22,1,943.1635032908589,553.1822564986203,75.03060694398914,76.39977657485883,-1,-1,-1,-1
23,1,943.5562788033657,553.8457328153983,75.68582447245831,77.24020563622685,-1,-1,-1,-1
24,1,943.3276521930766,554.7928119644464,74.11118845865508,76.21909660877793,-1,-1,-1,-1
25,1,942.6177042843722,555.8745592623987,72.14297054065128,75.76783032475589,-1,-1,-1,-1
26,1,943.8796218283474,556.9820475222368,72.96446816871128,76.87418336239602,-1,-1,-1,-1
27,1,945.1906394298111,558.0794029703168,74.24990097086379,77.91847527819209,-1,-1,-1,-1
28,1,943.9929492598848,557.8702104129853,74.89962201083438,78.93937438848252,-1,-1,-1,-1
34,8,938.2337833356594,558.5357843904665,93.09635157398407,82.13557125200623,-1,-1,-1,-1
35,8,939.1517451293693,558.2184844826917,91.99366774291673,81.71851400071853,-1,-1,-1,-1
36,8,943.6814284278306,560.3372094684673,93.83214367079074,83.89375681267563,-1,-1,-1,-1
37,8,945.5190170546812,561.7325301010541,92.40640888342568,83.22055406342395,-1,-1,-1,-1
38,8,945.9407346555342,558.6714750243503,95.12027223866039,85.80020854798363,-1,-1,-1,-1
39,8,947.7241393055247,556.8882519050346,96.16798066766478,86.71352800394573,-1,-1,-1,-1
40,8,948.4131406055826,555.5454952211268,96.42570968266682,87.03853263422116,-1,-1,-1,-1
41,8,947.9998807331467,554.3831109068332,97.76611872826425,88.48519253071731,-1,-1,-1,-1
42,8,950.1388729965228,553.300475682272,97.59190989496904,88.34359955667026,-1,-1,-1,-1
43,8,951.804692156321,552.2462133038473,97.72951050957215,88.2658022136228,-1,-1,-1,-1
44,8,951.4393295355244,552.5374705562938,96.35414640408953,86.88963769015959,-1,-1,-1,-1
45,8,948.5304797914433,551.3400009606613,96.6000070398776,87.68863287647957,-1,-1,-1,-1
46,8,950.2008057041847,550.9133110486138,97.09747632329379,87.97873669416754,-1,-1,-1,-1
47,8,951.4092265156916,550.1140481337238,96.75655797037314,88.07857941960015,-1,-1,-1,-1
48,8,949.7894172138325,547.8506525899212,98.0859976621424,90.09050028441095,-1,-1,-1,-1
49,8,950.890777883859,545.7100593364419,99.05886175929493,91.49258594887408,-1,-1,-1,-1
50,8,951.5453649428571,544.9207074869388,98.92818822810636,92.01259594351916,-1,-1,-1,-1
51,8,952.8160586777764,545.3112873868404,98.75903015105916,92.19047783761891,-1,-1,-1,-1
52,8,952.0700219370638,546.15227525305,98.48001766144534,92.23765621741097,-1,-1,-1,-1
53,8,953.1557044465254,547.1586866375596,98.8755913307017,92.89458317251888,-1,-1,-1,-1
54,8,953.2275251827082,546.9039389236602,100.32435352273774,94.4402459020572,-1,-1,-1,-1
55,8,951.9528671954916,545.514339730628,101.47785192666868,96.31782831331464,-1,-1,-1,-1
56,8,951.0925321646124,544.3459994769721,102.62455351247138,98.31849358762656,-1,-1,-1,-1
57,8,954.8999984397793,543.2651183269761,104.51247285102875,99.71175840231263,-1,-1,-1,-1
58,8,955.7788480500691,543.5209406169843,105.73780433830177,100.86853497401205,-1,-1,-1,-1
59,8,955.1841452926056,544.2935305343066,105.40798942352069,100.6290024412391,-1,-1,-1,-1
60,8,954.0912368085502,543.9579559647578,106.28137083952367,101.80933815328115,-1,-1,-1,-1
61,8,954.2871799168759,543.8439985328965,107.95642670207508,104.18913892447472,-1,-1,-1,-1
62,8,955.5804735967812,544.4625676750977,109.36890693684484,105.71961271189559,-1,-1,-1,-1
63,8,954.3502211344264,544.7153277762875,110.07529433706236,106.92411163603902,-1,-1,-1,-1
64,8,956.0318704415882,544.8226009672134,111.84111736112766,109.30280659690936,-1,-1,-1,-1
65,8,957.5227514044404,547.4647511161114,110.13546997446701,107.5852905505592,-1,-1,-1,-1
66,8,959.4689478074941,548.5046882797352,111.92290596779924,108.82972861756684,-1,-1,-1,-1
67,8,960.4091275047915,547.5865578622594,114.0913734247888,111.23044180875718,-1,-1,-1,-1
68,8,960.9479811038747,547.659852569334,115.21950053678017,112.33041491155632,-1,-1,-1,-1
69,8,961.8950057738504,545.6342961230936,117.58832751664556,114.63573174199234,-1,-1,-1,-1
70,8,961.3332729343797,545.1687972897508,117.27346811928987,114.62148280161784,-1,-1,-1,-1
71,8,961.7367033506341,543.690354322541,118.51567467815926,115.9028157842223,-1,-1,-1,-1
72,8,962.9298143284539,542.4846560303129,119.45195117787921,117.65856031846101,-1,-1,-1,-1
73,8,963.8710362614679,541.3825953011993,119.42295979796882,118.29256340106167,-1,-1,-1,-1
74,8,966.0491884740121,540.3198720702903,120.26960636502156,119.14471330167498,-1,-1,-1,-1
74,11,1331.2256468548617,584.7432375177974,108.60906065803192,78.68414949176417,-1,-1,-1,-1
75,8,965.9208120370295,539.2767208378384,121.13290744683309,119.43047931201284,-1,-1,-1,-1
75,11,1340.3179201684504,575.4161397620485,126.09021155729533,90.71781934425746,-1,-1,-1,-1
75,15,487.2371019109627,418.9383038397191,277.65222081432944,272.6309619736767,-1,-1,-1,-1
76,8,967.8535172816755,538.8970059608326,121.99131872574071,120.1534274551957,-1,-1,-1,-1
76,11,1349.5921897953988,567.5476943362725,138.54681967416968,99.16385293256974,-1,-1,-1,-1
76,15,473.22900373648633,412.6394478206033,288.13118739084064,283.2207441651078,-1,-1,-1,-1
77,8,967.5171099494688,538.1181897222696,121.76508164523159,120.39292295846087,-1,-1,-1,-1
77,11,1364.8938308989632,562.4065040404419,149.34874163170252,106.30753479257942,-1,-1,-1,-1
77,15,462.0738671108468,405.02205252878997,299.3019058339214,293.6757049265553,-1,-1,-1,-1
78,8,972.41252652618,535.8744155053089,127.27455789074338,125.03762402733219,-1,-1,-1,-1
78,11,1382.345345036245,557.8943600177961,158.43703733416646,112.22287841710806,-1,-1,-1,-1
78,15,441.0144861569447,394.2528959403811,315.2280559634987,309.5052290580321,-1,-1,-1,-1
79,8,973.9253937155635,535.69014225117,129.31288477886653,126.11831916180995,-1,-1,-1,-1
79,11,1404.1948767861472,554.8870875259643,169.63343055151108,118.84371315677754,-1,-1,-1,-1
79,15,429.6001476085273,387.16312147169117,330.23454095743205,323.726332980803,-1,-1,-1,-1
80,8,973.5806841926232,535.6499019093669,130.52891472706835,127.13728516819049,-1,-1,-1,-1
80,11,1429.522480530764,553.7400569314699,180.1035937698373,125.12871207447733,-1,-1,-1,-1
80,15,405.44434769947986,377.4838417858773,345.21246080886624,338.6501480808063,-1,-1,-1,-1
81,8,972.7892654858139,535.0073533604818,132.18015065199245,128.78687767316922,-1,-1,-1,-1
81,11,1454.9497064716813,549.0254063677731,196.05665212546774,135.61134271643493,-1,-1,-1,-1
81,15,391.49933338802384,370.25733745026366,356.4659177356125,349.68968190576027,-1,-1,-1,-1
82,8,973.2823870271806,534.1315037823504,134.36322776835857,131.3295932524793,-1,-1,-1,-1
82,11,1486.4764090732756,545.9491855671691,209.10044350217345,143.43678125468182,-1,-1,-1,-1
82,15,358.7878422786307,356.87492002199576,379.3219790632663,372.43480336730795,-1,-1,-1,-1
83,8,975.857096775715,534.4659567117432,136.17420753716624,132.26154425779316,-1,-1,-1,-1
83,11,1526.4499385827517,547.2524731179985,222.54090853871344,150.83113461844925,-1,-1,-1,-1
83,15,318.4753843636559,343.75661904777337,402.27452341329825,397.3427684221099,-1,-1,-1,-1
84,8,976.7091540680893,535.2724174300162,135.74027624590838,131.26354001992956,-1,-1,-1,-1
84,11,1555.6182762289598,541.6664000207471,242.1687528658074,163.00355706764822,-1,-1,-1,-1
84,15,292.9976286062923,331.3024077814647,422.2789612898006,416.7121715894001,-1,-1,-1,-1
85,8,976.5450642623102,534.9495373454777,137.0717363767019,132.13545791582305,-1,-1,-1,-1
85,11,1594.1154500607176,538.8561053885246,256.7473276850121,172.10876236070249,-1,-1,-1,-1
85,15,259.7636365653092,318.3716049173215,442.97144234057293,436.03542881599765,-1,-1,-1,-1
86,8,976.8915892420865,534.8411194974175,137.9618710668566,133.0827586856359,-1,-1,-1,-1
86,11,1635.2074240981306,537.7958781453244,269.12964481334575,180.62560642086464,-1,-1,-1,-1
86,15,225.81304161488973,298.3186421572502,472.48388952594985,466.0555837518284,-1,-1,-1,-1
87,8,977.1002796896016,534.8143503792621,138.6958673466479,134.05896463910278,-1,-1,-1,-1
87,11,1666.2544374685954,532.4736664642072,277.09434066569406,190.1316558702306,-1,-1,-1,-1
87,15,180.48685815331513,276.1687701712909,504.67816797502473,498.923953146178,-1,-1,-1,-1
88,8,975.8735035932234,534.163373353817,141.48624958281061,137.0098631924243,-1,-1,-1,-1
88,11,1696.6731477830344,529.1558019310553,280.55200779240954,201.27315717988586,-1,-1,-1,-1
88,15,130.77370728382573,256.9052210068889,535.7403401428144,529.2127039767129,-1,-1,-1,-1
89,8,975.1574964775016,533.9264767524234,143.61483567247183,139.3996446682487,-1,-1,-1,-1
89,11,1718.5222372360076,526.0771064545323,290.2472155224841,208.22872561666566,-1,-1,-1,-1
89,15,54.04826566998901,223.8353062263136,591.1865279062415,580.2991070477424,-1,-1,-1,-1
90,8,979.1509259397516,535.1495131961588,142.965215560581,139.62416781171999,-1,-1,-1,-1
90,15,20.546665625649325,205.85057359394364,626.2370459390355,610.9376642490627,-1,-1,-1,-1
91,8,983.1390106317237,536.2906703866712,142.96531207210592,139.6549022892683,-1,-1,-1,-1
91,15,-17.31345662887321,154.08966161961956,671.4383918860112,659.5832094655239,-1,-1,-1,-1
92,8,984.4266622649506,534.767772776326,145.95444536570642,142.24087088786325,-1,-1,-1,-1
92,15,-40.49511996005316,114.38962874422691,706.2735333385119,702.1956832381993,-1,-1,-1,-1
93,8,985.5440029560416,534.8446661658004,146.3785980777002,142.53395399548947,-1,-1,-1,-1
93,15,-51.19282965524491,86.83248747301036,721.5472466366493,727.0220293691565,-1,-1,-1,-1
94,8,987.5416984767064,533.5736477391911,150.46730745794275,145.86817252403716,-1,-1,-1,-1
94,15,-68.08450725533902,48.64400782255814,755.9613709234798,775.1103927759054,-1,-1,-1,-1
95,8,989.0140549057394,531.797080755871,152.4368932724633,147.09740614415887,-1,-1,-1,-1
95,15,-68.52116244479902,22.616807784644266,786.9384918702992,819.2504660222216,-1,-1,-1,-1
96,8,990.1686892752491,531.1218652493545,155.1364938606057,148.8224146905078,-1,-1,-1,-1
96,15,-91.50566913343874,2.0390249433322083,758.8700369157109,811.5217575611284,-1,-1,-1,-1
97,8,991.456555037071,531.5308302495973,155.64232507854604,148.78248450089654,-1,-1,-1,-1
97,15,-95.75501402010252,13.699507480779516,739.4288103994122,810.7744998773755,-1,-1,-1,-1
98,8,991.6711213876541,529.0872096840513,160.81972064781905,153.2948969298941,-1,-1,-1,-1
98,15,-111.38382224356025,4.20137082421752,739.5665159693642,836.5687374778446,-1,-1,-1,-1
99,8,991.8817859232263,527.5259404845888,162.41193817229123,154.31792207042872,-1,-1,-1,-1
99,15,-114.15983597284813,6.6616734869671745,722.3101360989053,842.8367689162445,-1,-1,-1,-1
100,8,993.8889197937461,526.942967483293,164.87777549439545,155.95396640474507,-1,-1,-1,-1
100,15,-121.54364402534785,7.03883956713895,697.0990207405404,843.7663529526196,-1,-1,-1,-1
101,8,995.4737752250412,523.4847202514435,169.26634145562184,159.1338169051064,-1,-1,-1,-1
101,15,-113.47000053563062,5.83532889100718,674.1228763738573,843.309045958606,-1,-1,-1,-1
102,8,995.1590171724539,521.5348559780515,173.30121136525065,162.24815910092673,-1,-1,-1,-1
102,15,-112.69248024661906,37.64954751889246,619.1615832259943,804.1531997776699,-1,-1,-1,-1
103,8,995.6519087076257,520.8160755783707,178.0135053993812,165.98453351833962,-1,-1,-1,-1
103,15,-132.828361414793,28.878331201834442,628.9888932348224,816.921077144968,-1,-1,-1,-1
104,8,997.5506487961163,520.5737140762066,180.1508879920641,167.36378447309028,-1,-1,-1,-1
105,8,998.7652073333811,517.9183123610052,185.70283479457976,172.37197249364817,-1,-1,-1,-1
106,8,1000.5578719843579,517.5756073397447,186.97374255182967,173.58502558776252,-1,-1,-1,-1
107,8,1000.8739872447553,516.8370134764941,189.33516386118515,175.91620362931315,-1,-1,-1,-1
108,8,1003.3216999475251,517.2373856134357,189.96756261826522,176.08965230261867,-1,-1,-1,-1
109,8,1004.838714964595,516.1265382031736,193.45008521879845,179.33383971651836,-1,-1,-1,-1
110,8,1012.4754368347294,515.7299296371359,197.3955594584122,181.15834166601326,-1,-1,-1,-1
111,8,1013.363773835449,515.6098998353162,198.9485367793087,182.43542954903023,-1,-1,-1,-1
112,8,1013.7444465784222,514.9427413872521,200.53566234349546,183.50217454714766,-1,-1,-1,-1
113,8,1013.7173936297078,511.4508922965685,205.83748333832716,188.40820571483488,-1,-1,-1,-1
114,8,1013.5112118656294,506.2559939262296,212.61861068035307,194.10832787311756,-1,-1,-1,-1
115,8,1016.3523045045938,504.2833608542288,216.31638240499228,196.23868422255396,-1,-1,-1,-1
116,8,1018.9260219951151,504.21968886465686,217.8488722387359,196.32003578408217,-1,-1,-1,-1
117,8,1022.4658243456562,504.2540198754982,221.5941379576326,198.21003739674597,-1,-1,-1,-1
118,8,1024.7506391849836,504.31232199779356,224.85996641973838,200.15864973423322,-1,-1,-1,-1
119,8,1023.1388424153579,501.77155192308516,232.15885787552088,206.03956748720992,-1,-1,-1,-1
120,8,1026.11819865561,500.18648116021217,234.67847694733155,206.92672805558692,-1,-1,-1,-1
121,8,1031.3026064546116,499.61981599350537,239.7255041953381,207.81664756140873,-1,-1,-1,-1
122,8,1032.139383952348,499.44887943020586,245.68218329035017,210.02816371866783,-1,-1,-1,-1
123,8,1032.7425852528022,498.12069492150556,253.00127602145494,214.05537893670748,-1,-1,-1,-1
124,8,1034.33763790927,500.8961583037622,251.52999544763566,210.32630540094868,-1,-1,-1,-1
125,8,1036.4142035759655,496.7641260622574,264.13842100746797,218.63254056856027,-1,-1,-1,-1
126,8,1035.2679536758324,493.29957505651754,275.1228628638703,226.21744595736124,-1,-1,-1,-1
127,8,1036.5189560998565,487.4780732496771,291.8468459094263,240.68318733324304,-1,-1,-1,-1
128,8,1040.2242665293973,483.9868826935847,298.6778613735539,246.83943031246827,-1,-1,-1,-1
129,8,1043.931209078362,482.02224213618354,306.84029951053776,252.33776189954904,-1,-1,-1,-1
130,8,1044.7884455074472,478.74844821373154,317.96363718785165,260.76913435395136,-1,-1,-1,-1
131,8,1046.9364370019039,478.8118603839457,321.5637374304622,262.63846935454217,-1,-1,-1,-1
132,8,1053.3268609530023,477.62842225742423,326.97336388114263,265.12004268586116,-1,-1,-1,-1
133,8,1055.4135095355102,476.5867859877392,335.3176456097726,269.16100800574964,-1,-1,-1,-1
134,8,1056.7999586854949,475.59658208607254,344.77847324224285,273.16593794213,-1,-1,-1,-1
135,8,1060.7012509390618,472.68449976217056,357.5068662263934,280.39182649969877,-1,-1,-1,-1
136,8,1058.495745007044,463.8779593789359,380.45484933720877,296.5832144489184,-1,-1,-1,-1
137,8,1060.838429888685,457.33906700451166,398.5606562295279,309.72692076876956,-1,-1,-1,-1
138,8,1060.9072298222434,453.5526229218268,414.04567662207523,320.4818827370526,-1,-1,-1,-1
139,8,1067.4002798535437,449.59735508478184,428.4645368304689,329.6296119265312,-1,-1,-1,-1
140,8,1071.3929641362963,444.9398122536395,438.4987413327949,334.9312382613664,-1,-1,-1,-1
140,15,403.6513781002347,613.2990022452512,116.82729260022671,150.63643261464745,-1,-1,-1,-1
141,8,1074.1511307510964,435.50950256966644,460.0848533510389,350.2495827153996,-1,-1,-1,-1
141,15,426.43105724742475,634.9064533989092,97.21367101746262,125.34737129020198,-1,-1,-1,-1
142,8,1079.3395879869481,430.65998420091057,475.74717529749637,361.7458712290494,-1,-1,-1,-1
143,8,1088.3172770580325,422.4883950717966,498.15861708595503,377.5209066702986,-1,-1,-1,-1
144,8,1094.3003168421155,416.20900685042824,512.3676269100456,386.6729465197391,-1,-1,-1,-1
145,8,1099.271621153896,411.94689863789563,529.3824260052961,397.0256653019526,-1,-1,-1,-1
146,8,1107.520637337169,404.66113864152396,548.4004867488127,408.4849567638156,-1,-1,-1,-1
147,8,1115.8881235171132,396.8279310422864,576.2633732813913,426.1205972760225,-1,-1,-1,-1
148,8,1116.563553834456,383.71868682840284,610.8478553384416,451.20859078891215,-1,-1,-1,-1
149,8,1118.0483860612683,373.6299372687379,639.7401243189886,472.20279429488846,-1,-1,-1,-1
150,8,1118.2066194806337,360.92582646131234,674.7602064689263,497.9413006043061,-1,-1,-1,-1
151,8,1122.2456969110483,347.8540236288902,713.4080883325466,526.105510852062,-1,-1,-1,-1
152,8,1131.7741130826357,337.7876503029791,744.9550798728344,546.4171171131363,-1,-1,-1,-1
153,8,1128.2144425240767,321.3499176674569,782.2411157770844,573.0478354214606,-1,-1,-1,-1
154,8,1115.4405154098738,301.7968244733945,821.4985214184592,605.2633502679316,-1,-1,-1,-1
155,8,1105.8839922775446,283.5461336275564,849.0703125610964,630.8707226361553,-1,-1,-1,-1
156,8,1092.4471333645852,270.18974924976845,876.5442146837077,658.2633105096681,-1,-1,-1,-1
157,8,1059.9839215966035,241.20146377246965,947.859330353845,727.2673007378098,-1,-1,-1,-1
158,8,1059.9286281805043,197.82396035906504,957.6435075703941,749.847712345238,-1,-1,-1,-1
159,8,1055.9217200922883,165.1702138771796,976.7972208649501,783.3889852317623,-1,-1,-1,-1
160,8,1021.2522796689155,99.76439479761831,1055.632410267052,875.2973614236246,-1,-1,-1,-1
161,8,1021.9623251398466,76.03545738997065,1061.4938764581325,908.1491077647358,-1,-1,-1,-1
162,8,1044.140784159248,75.05266331402129,1025.5114387206643,902.5332572545062,-1,-1,-1,-1
163,8,1065.5242154898833,75.52384154009837,991.642040926361,896.3957730677841,-1,-1,-1,-1
164,8,1079.494924510981,69.90879715298269,971.0314021406812,901.4275657755006,-1,-1,-1,-1
165,8,1076.1591755906975,54.255734094890215,994.9564207900094,923.643501348952,-1,-1,-1,-1
169,8,1157.1204972204423,107.36530092530347,876.0471693449622,841.6121573409916,-1,-1,-1,-1
170,8,1184.4350359977643,113.89392233523336,832.6698395900087,825.636693383213,-1,-1,-1,-1
171,8,1208.5431312928258,124.97874433404456,795.0048608933546,809.856474448261,-1,-1,-1,-1
172,8,1230.5399744979259,139.25094352158266,759.7065335443963,791.154624567685,-1,-1,-1,-1
173,8,1249.295924708973,150.09599722955988,734.2046860232833,781.3298147933913,-1,-1,-1,-1
174,8,1266.5892475954497,146.76591629370716,720.9489947842922,785.7132903264103,-1,-1,-1,-1
175,8,1278.5974745263068,143.53058448051485,713.6569473280449,796.6609632322484,-1,-1,-1,-1
176,8,1303.309329516473,159.52532269051022,677.9135846982485,770.9779442638958,-1,-1,-1,-1
177,8,1306.3982179324266,136.79090393669344,692.292605450094,809.4281769964277,-1,-1,-1,-1
178,8,1329.3823248350377,135.1020569158835,677.6956203813327,816.7871153066149,-1,-1,-1,-1
179,8,1345.9659287924064,122.03207730341575,670.4702309499773,835.9236043327853,-1,-1,-1,-1
180,8,1379.185707008016,120.38982249624297,638.127792424729,822.8212378663734,-1,-1,-1,-1
181,8,1391.2622133733846,102.03915735166674,641.5132198061788,860.4545193071565,-1,-1,-1,-1
181,15,12.04840323295224,390.68068645005854,288.44329549368615,353.1209827826718,-1,-1,-1,-1
182,8,1413.0146341896443,80.40186681736509,628.5721207403622,879.4971902989821,-1,-1,-1,-1
182,15,1.4408786586005533,384.3169854661006,293.3299389318486,359.1038320833494,-1,-1,-1,-1
183,8,1439.179381243405,40.335387447141784,613.3148115897218,899.6226561653971,-1,-1,-1,-1
184,8,1477.3939949920964,14.066433376681914,591.9375218816276,919.4202201169326,-1,-1,-1,-1
185,8,1491.9865899089987,1.0055892742455512,602.0103187077466,995.3872455782982,-1,-1,-1,-1
186,8,1500.719241982365,-10.38773866984036,612.1679033901751,1012.2995009039072,-1,-1,-1,-1
217,24,547.2238571018793,545.447516800156,130.05613907922555,138.7448910137997,-1,-1,-1,-1
218,24,543.1153373551233,549.5629313041914,125.59070857227664,133.52565732311314,-1,-1,-1,-1
219,24,527.0705446773297,536.4691383847547,141.77449581429426,151.22556119560102,-1,-1,-1,-1
220,24,519.5003301980896,532.6896519151677,147.08561196941832,156.89073085991458,-1,-1,-1,-1
221,24,506.55338243389207,534.5417719427218,147.05966053496337,156.5540879068277,-1,-1,-1,-1
222,24,494.8248912902478,529.1529250401946,154.79493949231278,165.19971909155015,-1,-1,-1,-1
223,24,480.4077808315846,522.7065528359919,166.4125398480606,178.00872354270564,-1,-1,-1,-1
224,24,467.8888437843208,518.3868628561311,170.44326476617744,181.53389061141263,-1,-1,-1,-1
225,24,456.5647197066059,518.7550423703915,174.2927506716331,183.93811151709963,-1,-1,-1,-1
226,24,443.51363228261755,511.28811971171024,181.93688042623717,190.46690576968683,-1,-1,-1,-1
227,24,424.38686354007547,506.565233824732,199.35756712091126,208.22764341064772,-1,-1,-1,-1
228,24,404.69984467263174,501.6547245280039,209.57431153069678,217.53867706548095,-1,-1,-1,-1
229,24,379.31934731061165,492.85361925310167,225.03809290079323,233.70071271821098,-1,-1,-1,-1
230,24,355.9777386349989,479.4462033261579,243.0780208916907,254.33629066592863,-1,-1,-1,-1
231,24,337.8229722057633,478.47504128429944,245.963083705806,257.5221889320243,-1,-1,-1,-1
232,24,316.67017760812615,477.69155902723367,249.97968686325288,258.4041177907261,-1,-1,-1,-1
233,24,288.7668123004786,464.782434098707,272.12959163684184,279.51756470767646,-1,-1,-1,-1
234,24,260.91858002288905,455.4934665269965,291.3644199428293,296.2974520224335,-1,-1,-1,-1
235,24,233.40187121276657,450.00513352353306,301.66945921994875,303.45970076437965,-1,-1,-1,-1
236,24,193.36565485726683,441.6630508979808,323.35346994375664,323.0701217386657,-1,-1,-1,-1
237,24,152.06982939722076,425.9741472805947,354.6911238571247,351.87394752522414,-1,-1,-1,-1
238,24,102.86809930185325,416.0931018094309,376.80812814846274,369.3913723081653,-1,-1,-1,-1
239,24,80.0169414032089,409.35921204674264,389.14279900811266,381.4829199603573,-1,-1,-1,-1
414,37,553.7539667084254,594.5571968523758,82.56091439028751,94.36145125492828,-1,-1,-1,-1
415,37,535.8075716675119,590.6062776805222,88.47123143850979,99.70085549977807,-1,-1,-1,-1
416,37,525.5846840088468,589.8227213325563,90.93604343858192,102.47852210563917,-1,-1,-1,-1
419,37,466.7815191888385,569.5741874532227,125.03709010728403,139.47861652455742,-1,-1,-1,-1
420,37,452.489057381783,566.162731710749,131.30047707706376,146.46540199670892,-1,-1,-1,-1
423,37,381.07768521299045,561.0683327436235,152.71334302132573,167.06533086045454,-1,-1,-1,-1
424,37,348.25669609200907,552.7611448769668,168.51293627745292,181.90283358372233,-1,-1,-1,-1
425,37,322.069982052277,557.218112384297,167.75780212686158,177.36166361405822,-1,-1,-1,-1
426,37,303.68767683834454,554.4018106001463,174.05340955119794,184.01761206317792,-1,-1,-1,-1
428,37,218.2597408071066,546.5256378145743,202.5551998390115,209.21531660162134,-1,-1,-1,-1
429,37,169.28915389256494,556.6725956199851,214.713653758354,217.57111077219224,-1,-1,-1,-1
430,37,97.03082805537292,534.0803750508087,245.05180420886586,245.88634471102205,-1,-1,-1,-1
431,37,65.0519383337015,555.8530095871232,227.99545796215955,221.45338561710344,-1,-1,-1,-1
432,37,5.349911476124362,514.599816111381,268.8358710126719,263.58902921169044,-1,-1,-1,-1
433,37,-25.255766703948595,509.5637695743252,278.79735048547167,273.3557996707701,-1,-1,-1,-1
452,41,390.03809944501273,591.0856192280285,102.35485981524681,48.9870096275331,-1,-1,-1,-1
453,41,381.2730093367661,590.8916536790975,103.39430609343242,49.319123411278156,-1,-1,-1,-1
454,41,371.4584799426459,590.1836588947484,104.77760052106913,50.06157736916509,-1,-1,-1,-1
455,41,359.63948524587823,589.2761318388121,110.17000645598966,52.90570923682037,-1,-1,-1,-1
456,41,348.3484179415002,588.9365568126251,110.75532680715338,53.341400838155096,-1,-1,-1,-1
457,41,335.87322377457303,588.17607159664,112.06169772156301,54.11383466894847,-1,-1,-1,-1
458,41,323.01981644964326,587.8957668039733,116.8305017167628,56.96259433178693,-1,-1,-1,-1
459,41,309.49401185194665,587.7979234430295,117.06410044817858,57.398963067734144,-1,-1,-1,-1
460,41,296.1774628449027,587.1341312639315,118.22240242621399,58.167553014310556,-1,-1,-1,-1
461,41,279.9625254157268,586.2451678745583,123.91486950167467,61.65733863955904,-1,-1,-1,-1
462,41,266.52573266506283,585.277661214829,126.26675770860572,63.609550998706936,-1,-1,-1,-1
463,41,250.74156130568167,585.5480784650927,127.04506991957726,64.34098589070584,-1,-1,-1,-1
464,41,235.1978973791146,584.3891602682748,133.18782690142925,67.79498762195999,-1,-1,-1,-1
465,41,216.32036147487372,582.6822937978743,138.88616216833157,71.00365075930847,-1,-1,-1,-1
466,41,196.81667981334527,582.0213256451323,143.62421409007266,74.13293208511948,-1,-1,-1,-1
467,41,176.384996370129,579.8769711265606,148.09952000702958,77.22667962273738,-1,-1,-1,-1
468,41,156.3821732817991,577.7775901016903,150.27856603582694,79.6684102198742,-1,-1,-1,-1
469,41,137.16508326218712,576.332088125262,150.94766942541258,80.57739794715417,-1,-1,-1,-1
470,33,777.369171656531,592.8136247263916,72.1710713794705,74.45789632195726,-1,-1,-1,-1
470,41,115.20122791392268,574.5091883048281,154.55334222955608,83.4286196361644,-1,-1,-1,-1
471,33,776.4810095944858,593.3709556540323,72.82636281783005,75.20476327175493,-1,-1,-1,-1
471,41,96.4465250648007,571.9132884735002,161.14219718148706,87.03761381718243,-1,-1,-1,-1
472,33,773.3600556746586,590.3751641656937,74.80009799699724,77.39628138390901,-1,-1,-1,-1
472,41,71.50974898220494,570.9205317843293,158.36489913466045,86.49865127034184,-1,-1,-1,-1
473,33,770.6125754095316,587.947443953498,78.05264134471179,80.78667132003466,-1,-1,-1,-1
473,41,46.211639355052526,569.2840622405369,161.35610219235173,89.41212210405843,-1,-1,-1,-1
474,33,767.7398765459941,586.3867317446085,82.3371676538219,85.90760326077157,-1,-1,-1,-1
474,41,16.013190452357662,566.7638213266844,166.45634175115157,94.3238466787135,-1,-1,-1,-1
475,33,764.5255886676302,583.8976994486495,85.07045849340568,89.77389363817292,-1,-1,-1,-1
475,41,-10.421076160846411,564.5412899777155,166.18701648256834,96.19337717105589,-1,-1,-1,-1
476,33,762.4500114147588,584.2047678292457,85.26679873272303,90.6240151910381,-1,-1,-1,-1
476,41,-35.477856354821945,557.305924978154,179.0798491242648,108.36659396899483,-1,-1,-1,-1
477,33,761.5809590496269,585.0155982221324,84.8614253922666,90.8820809879519,-1,-1,-1,-1
477,41,-55.69657066356186,555.4247809875455,184.11718260145233,111.41604022692184,-1,-1,-1,-1
477,61,-25.997519704699357,557.0581325876747,139.73718280592044,108.86424791267166,-1,-1,-1,-1
478,33,759.2031277790312,584.0756136217451,85.62687169365506,92.20723995053697,-1,-1,-1,-1
478,61,-32.68459919838872,556.4207181037326,141.13530319884865,109.95347520157736,-1,-1,-1,-1
479,33,758.5094100990815,584.3828688438388,84.89521640679368,91.37575310293414,-1,-1,-1,-1
479,62,1625.604992798891,392.055813302733,375.02704971111166,338.37642865333146,-1,-1,-1,-1
480,33,756.7479465303643,584.5372860182016,85.08010325086286,91.63203091441585,-1,-1,-1,-1
480,62,1633.3377610139746,387.03598302633986,388.8158871099836,350.81771736685687,-1,-1,-1,-1
481,33,755.0769337242343,583.9685034754662,85.91985198867053,92.98484867619777,-1,-1,-1,-1
482,33,753.7199222674202,584.4203369896059,87.10281240443578,94.75883665802746,-1,-1,-1,-1
483,33,751.942982340042,583.9055933362847,88.36301880933524,96.13068930294685,-1,-1,-1,-1
484,33,746.091245988316,583.8566811242385,90.15976050657787,98.64768301266622,-1,-1,-1,-1
485,33,743.9051727799513,583.3863466739466,91.51245631730251,100.12870562237924,-1,-1,-1,-1
487,33,736.6604362578468,582.0745152107073,93.8969611418911,103.01517311049179,-1,-1,-1,-1
488,33,734.2095539792848,581.5711724074077,95.2398055955415,104.48947441615724,-1,-1,-1,-1
489,33,731.3038332298415,581.0151874090183,95.08643855696471,105.21579450863123,-1,-1,-1,-1
490,33,723.8733128757162,580.1688407573038,98.88805328925673,110.20896328292656,-1,-1,-1,-1
491,33,720.8493282992638,579.6281915714032,100.45742558311065,111.95934048051845,-1,-1,-1,-1
492,33,716.9753813660052,580.5419388770866,101.69053353733,114.69095881406224,-1,-1,-1,-1
493,33,713.8276441121806,580.1345566851427,103.32083428215822,116.53124757104774,-1,-1,-1,-1
494,33,709.3469475433432,581.4742146540298,105.0720450725936,118.85461400877193,-1,-1,-1,-1
495,33,703.4167230027605,581.0758953494451,107.49126340800035,121.57319320851332,-1,-1,-1,-1
496,33,700.4996414713004,582.8740541205731,108.00375372714893,121.89518231971374,-1,-1,-1,-1
497,33,695.2262406589474,588.1292624543546,106.2905847607691,118.0481498421982,-1,-1,-1,-1
498,33,686.1473687786781,579.611993088545,114.66229253329573,128.3482603613745,-1,-1,-1,-1
499,33,675.818920917289,576.5100988134006,119.04630313793746,134.00619737798945,-1,-1,-1,-1
500,33,671.0396727537308,575.785980940906,121.2820742072845,136.5247260432518,-1,-1,-1,-1
501,33,664.7481425016455,574.259552385802,122.73532875797491,137.49943504974658,-1,-1,-1,-1
502,33,659.3543108798974,572.4953789613526,126.80878137691639,142.60715248720305,-1,-1,-1,-1
503,33,651.6489974829962,569.9336709481505,130.82677966098026,147.65524207869169,-1,-1,-1,-1
504,33,646.0453185161076,569.6027994590054,132.7032514164108,149.54261336599234,-1,-1,-1,-1
505,33,637.7994178619136,568.8684485494686,136.15704576604094,153.39746214365402,-1,-1,-1,-1
506,33,630.1532429319877,568.6129079477475,138.929445363048,155.4510066638926,-1,-1,-1,-1
507,33,620.2580625667907,564.0323928189235,147.03292545177487,164.53579447224547,-1,-1,-1,-1
508,33,613.9176003799379,562.9281222455917,149.0458393750465,166.06065165278505,-1,-1,-1,-1
509,33,603.2577757144169,560.6090732383597,152.97655074616546,171.02679833001525,-1,-1,-1,-1
510,33,596.7505730969582,559.2911748297074,155.9858111319753,174.39326639212845,-1,-1,-1,-1
516,33,513.0918044995103,543.6202703565192,197.10303618713772,219.0462220326243,-1,-1,-1,-1
517,33,503.35925172637616,541.735958464344,201.7353808543358,224.1968253075537,-1,-1,-1,-1
526,33,277.7598347700641,521.193164912755,296.49622194587323,314.62464523658264,-1,-1,-1,-1
527,33,259.5731708274359,519.0827080538844,303.969361585667,322.5561599938367,-1,-1,-1,-1
548,80,1787.0951464650707,622.7369054585962,114.70618512100691,63.10881130489338,-1,-1,-1,-1
548,81,1780.7612503882538,616.1340540308049,125.80237756196061,70.21442933342053,-1,-1,-1,-1
549,80,1796.674927999488,621.8428038036803,118.54922242824955,65.22316564789071,-1,-1,-1,-1
549,81,1796.9731702062804,612.0657471562082,133.6974331348124,75.25564491212037,-1,-1,-1,-1
550,81,1810.2475577828984,610.7367698911416,135.35710803771804,77.5129653189748,-1,-1,-1,-1
551,81,1820.0953380780395,607.3380031461405,143.62786740496608,82.2492637669319,-1,-1,-1,-1
551,82,142.66054929070503,548.4977422797755,269.1800712827585,177.13908675329287,-1,-1,-1,-1
552,82,86.85080277438874,529.3001466377751,305.98666465153696,201.56391113697168,-1,-1,-1,-1
553,82,53.39994390690475,522.9998838648506,319.9559541614489,210.76596074657414,-1,-1,-1,-1
769,95,1474.0084289367055,599.657324583902,102.20027173988706,76.54524548045617,-1,-1,-1,-1
770,95,1510.3986291418555,596.7222481743615,113.37002653241484,83.63226545042005,-1,-1,-1,-1
771,95,1549.166357895168,595.0041611640174,124.2926236665071,90.18245318734898,-1,-1,-1,-1
772,95,1592.299360331519,593.7629622880357,133.6712832909227,95.12328917556283,-1,-1,-1,-1
773,95,1636.1063638004498,593.3563245229902,148.64725066627898,104.01796153643181,-1,-1,-1,-1
774,95,1686.8195292809917,591.9682276182637,163.6015292303116,112.43934972667523,-1,-1,-1,-1
775,95,1733.1527948479363,590.197436858063,176.59411692802337,121.32044786286258,-1,-1,-1,-1
776,95,1773.5738435186786,588.2728995761547,180.61557826915623,127.87225706706079,-1,-1,-1,-1
776,98,1740.7387060213823,588.4621855019866,232.17723583977386,126.70270678841518,-1,-1,-1,-1
777,95,1810.5852029618447,586.7582654538846,189.59880631815622,134.2321926429778,-1,-1,-1,-1
777,98,1757.2348658478602,587.6713226709035,238.21116022655497,129.99551490656256,-1,-1,-1,-1
897,105,665.804118200997,596.6498782860033,87.76300720664767,68.88205461514929,-1,-1,-1,-1
898,105,658.6417177223592,596.5106641303618,90.66085262444824,70.99429519968749,-1,-1,-1,-1
899,105,647.8737047804642,594.420517541571,97.15291307115933,75.88042107303329,-1,-1,-1,-1
900,105,636.1549966597305,592.3560937702706,103.2921490356697,80.25892876280534,-1,-1,-1,-1
901,105,621.4916093420309,592.2920853948829,110.54923963611157,85.11677310132552,-1,-1,-1,-1
902,105,610.5060215086165,589.719368032465,117.24654477744616,89.48130997677606,-1,-1,-1,-1
903,105,594.3019911118474,586.819350929424,126.73446028255353,96.22571586368872,-1,-1,-1,-1
904,105,577.0129235119301,587.6164869180623,129.2145267685844,98.15122348987086,-1,-1,-1,-1
905,105,558.1070053826542,587.3804341432821,134.11485554920398,101.94830772353214,-1,-1,-1,-1
906,105,541.7971885397114,586.0543766678853,142.81600381233625,108.425172299314,-1,-1,-1,-1
907,105,521.8084094423765,579.8930319767213,158.04851101679105,119.70718850302762,-1,-1,-1,-1
908,105,500.77234096187266,582.4084539851895,162.74628220638834,122.27708601678466,-1,-1,-1,-1
909,105,477.929065178963,582.9196370508581,172.2487748880319,128.16996454918979,-1,-1,-1,-1
910,105,447.1746372210907,581.2711335443264,184.10177385613423,136.05093028150884,-1,-1,-1,-1
911,105,412.8041679268095,576.8920497597774,207.28371153010897,152.83631764522522,-1,-1,-1,-1
912,105,378.02696178776375,573.9393904239566,225.31549877533791,166.19104142114577,-1,-1,-1,-1
913,105,339.3242641752546,570.910585059198,243.94579450157744,179.56903495181905,-1,-1,-1,-1
914,105,300.9178882278618,576.4648884778036,253.61534728399545,184.9173858946922,-1,-1,-1,-1
915,105,253.66997217048785,575.7229813088146,270.1521145894484,194.9855278425291,-1,-1,-1,-1
916,105,190.5784190049915,569.2290529453014,306.7584838991535,221.26770329875978,-1,-1,-1,-1
916,110,160.2541677565715,568.0667773171093,352.2722789482515,224.52449367407633,-1,-1,-1,-1
917,105,165.2779652517823,567.686505154094,318.25450733709545,229.55975380532732,-1,-1,-1,-1
917,110,102.93288109017621,563.4061631138796,363.31683675981515,231.56058550227533,-1,-1,-1,-1
918,110,44.32971978838009,561.9484608374612,364.05121602038145,231.21225603232438,-1,-1,-1,-1
919,110,-23.490323764646973,559.5718162214299,405.26965834203236,259.7489682139799,-1,-1,-1,-1
920,110,-72.11199420811559,556.4093421529406,423.3038616771996,271.3076125497257,-1,-1,-1,-1
1138,126,1310.877657282095,547.9626565439044,147.17842322549768,40.82365590177051,-1,-1,-1,-1
1139,126,1347.3544580519147,547.8932958989083,133.969674177167,37.535251343043456,-1,-1,-1,-1
1140,126,1346.0604420886364,546.3956192384177,140.54886530557064,39.313493543770505,-1,-1,-1,-1
1141,126,1355.1473925309115,545.788560725046,141.38106564114446,39.546272206178514,-1,-1,-1,-1
1177,139,968.958886579273,585.3512202373438,89.17519690428026,58.034433356602335,-1,-1,-1,-1
1178,139,964.8173147235007,579.2401622188778,98.04658996387798,63.80785904106642,-1,-1,-1,-1
1200,108,820.9879130062747,595.0477022081075,72.17215088965247,70.61045036276198,-1,-1,-1,-1
1201,108,816.8659406196424,592.92192570698,76.03807361429983,75.10013079667544,-1,-1,-1,-1
1202,108,814.0817053376401,593.3859257117623,76.80695340601994,76.80233711590358,-1,-1,-1,-1
1203,108,808.536472442798,591.032078120892,79.69285606865151,80.63347988332953,-1,-1,-1,-1
1204,108,807.502230389063,592.6731020885477,78.01802106617265,79.54498358589785,-1,-1,-1,-1
1205,108,805.877350922988,594.0171014601193,77.35588966092905,79.02432336617119,-1,-1,-1,-1
1206,108,804.7081554510477,596.5039771310541,74.41513503986721,76.17050557425284,-1,-1,-1,-1
1207,108,803.3753185585424,596.8178327346687,73.89641118114605,75.67239572364304,-1,-1,-1,-1
1208,108,799.9683813482576,595.6188691134067,75.69286287115426,77.43767130553533,-1,-1,-1,-1
1209,108,795.3295440288002,593.2142730190518,79.93203987660411,82.64344283022115,-1,-1,-1,-1
1210,108,793.7445936790953,592.9429847586563,79.98475418448493,83.32656433541808,-1,-1,-1,-1
1211,108,793.6656284247634,595.4458009020836,77.14715572854345,79.64853860197081,-1,-1,-1,-1
1212,108,790.8460468976926,593.1310953712465,80.50576825305268,83.44503395581455,-1,-1,-1,-1
1213,108,785.0342540487823,589.706430800908,86.8164952951729,90.63154514216478,-1,-1,-1,-1
1214,108,784.2248741659671,588.395945608766,89.6176348395287,94.6399466085021,-1,-1,-1,-1
1215,108,781.2510652922401,588.5282379502979,89.19836985927361,94.91909411287168,-1,-1,-1,-1
1216,108,779.44886630479,589.9034098996744,86.53659326742275,92.36359198658101,-1,-1,-1,-1
1217,108,774.7939462293351,589.1597999868137,87.01139939148675,93.90348377647638,-1,-1,-1,-1
1218,108,773.2813832446609,590.8376535945865,84.87061272415963,91.85376991380463,-1,-1,-1,-1
1219,108,771.5167950606602,591.5139357712783,85.27880878653843,92.30534498996519,-1,-1,-1,-1
1220,108,770.7246430425083,590.4664099474697,85.17092841931515,91.78871965024348,-1,-1,-1,-1
1221,108,768.3297312690764,590.2110175835476,85.92519074465224,92.61162668717247,-1,-1,-1,-1
1222,108,763.5719403179579,589.989953744147,86.3388051125545,93.09837653126976,-1,-1,-1,-1
1223,108,762.111240171462,589.9138218934675,87.4389294111163,94.63384712049492,-1,-1,-1,-1
1224,108,758.1753291848254,586.616362376588,89.47611470911693,96.48202472817559,-1,-1,-1,-1
1225,108,753.419992662216,584.7197451135678,92.34459546631251,99.76192730883076,-1,-1,-1,-1
1226,108,751.3424996934116,584.6564225139194,91.5009563578459,98.40329123790093,-1,-1,-1,-1
1227,108,745.5154185257044,582.696853474828,94.20057581452795,101.09053890935775,-1,-1,-1,-1
1227,146,738.5116638921853,582.0098411966562,105.99149414276906,101.98346540515831,-1,-1,-1,-1
1228,108,742.9063496988226,580.678714521065,95.52161962003618,102.72528489791807,-1,-1,-1,-1
1228,146,735.5235616007718,581.297654556202,107.50796176611766,103.44264355848588,-1,-1,-1,-1
1229,108,738.7362825934795,580.5753725946026,96.69470746408865,103.96623529866633,-1,-1,-1,-1
1230,108,733.4376866045475,578.6163920911421,99.50457315632923,107.65459805578928,-1,-1,-1,-1
1231,108,728.6405657503489,577.8899068878486,101.10564056726662,109.67644588562496,-1,-1,-1,-1
1231,146,724.0840072498366,578.2146566930448,110.34349545144073,109.59700668322625,-1,-1,-1,-1
1232,108,725.0580353448629,578.2876803098503,99.5317425001416,108.47203454497787,-1,-1,-1,-1
1232,146,721.7767938366928,578.4655406412636,106.45256953298201,108.43610153667726,-1,-1,-1,-1
1233,108,718.0865893530528,575.8662460495555,103.77432347013473,114.47855830840263,-1,-1,-1,-1
1233,146,715.8264711830387,575.9880437456911,108.86461249797242,114.43833638928095,-1,-1,-1,-1
1234,108,714.5620561513417,575.6128811709475,103.43988780896234,115.42525100915373,-1,-1,-1,-1
1234,146,713.0380023048872,575.6939040587604,107.12668444507835,115.41947448508574,-1,-1,-1,-1
1235,108,709.549493188313,575.5547774239458,106.28468735986394,119.61197871052218,-1,-1,-1,-1
1235,146,708.4292058630149,575.609064576199,109.14798918292433,119.58300575003284,-1,-1,-1,-1
1236,108,706.5650906341996,576.8404451265835,103.24297635473317,116.67683684121005,-1,-1,-1,-1
1236,146,705.7056943645209,576.8674932797225,105.57247660566122,116.69849624264975,-1,-1,-1,-1
1237,108,700.7411977366479,578.0498810935514,105.09945467601665,119.34680449994642,-1,-1,-1,-1
1237,146,700.0493697988481,578.0576754183842,107.0513977624654,119.3578427674828,-1,-1,-1,-1
1238,108,696.5319377113708,577.625108803926,106.44745573212379,120.89327332910227,-1,-1,-1,-1
1238,146,695.5185388602252,577.8735656960116,107.3762218625676,120.32868878705779,-1,-1,-1,-1
1239,146,688.7610436392712,577.817036299185,111.89051282857008,127.1246248300439,-1,-1,-1,-1
1240,146,683.9350551402305,578.4399081954696,114.4080165630146,131.59545061881715,-1,-1,-1,-1
1241,108,673.3383883642585,579.5312814128965,117.41683015379886,133.78398028803701,-1,-1,-1,-1
1241,146,675.0261797500411,579.3385411367412,116.85147038144726,134.5742277285342,-1,-1,-1,-1
1242,108,667.0065645305808,579.1301957569275,118.61181380506991,135.35615055748133,-1,-1,-1,-1
1242,146,668.1238547095147,579.0607636780493,117.77782852850692,135.66851496306583,-1,-1,-1,-1
1243,108,663.1793537182249,578.985915751232,117.65479201335813,134.60673111745484,-1,-1,-1,-1
1243,146,663.2052373088134,578.8821493482889,119.67429030869653,137.85378348120764,-1,-1,-1,-1
1244,108,659.3474668311138,578.2855235410345,116.45326186832813,132.93442870233707,-1,-1,-1,-1
1245,108,652.6745371577113,578.0232273461019,119.52482566731567,136.80257252214017,-1,-1,-1,-1
1246,108,644.1326296827356,577.282571645756,122.59144020184704,140.80801242630196,-1,-1,-1,-1
1247,108,637.25983148676,576.357892645132,122.80735725051443,140.36397095599773,-1,-1,-1,-1
1248,108,629.5045737883962,575.3549923279747,125.59665106388422,144.01180644024942,-1,-1,-1,-1
1248,146,629.6297585091068,575.2568065766034,125.74925272429846,145.3247694885364,-1,-1,-1,-1
1249,108,621.8436977161451,574.9830364023264,127.935889802573,147.29032401461984,-1,-1,-1,-1
1249,146,622.1934713269143,574.958708270399,127.32418104654982,147.7622611050382,-1,-1,-1,-1
1250,108,613.7386946560657,573.5597536625911,132.34417688021904,153.01846613723546,-1,-1,-1,-1
1250,146,614.2746376203619,573.5485922473673,131.42339516685024,153.1686918628934,-1,-1,-1,-1
1251,108,606.0025670352544,571.0956188087482,135.20343108934662,157.09645200372256,-1,-1,-1,-1
1251,146,606.7376643484839,571.0918263378319,133.90642410907674,157.0997191127924,-1,-1,-1,-1
1252,108,599.5631149495191,570.4101927192675,137.43140846890026,159.7075510961164,-1,-1,-1,-1
1252,146,600.5237887976679,570.4197818454968,136.00189869593135,159.5591290136482,-1,-1,-1,-1
1252,156,1334.4080808413357,480.40086674969604,424.1507794671338,140.85569633108202,-1,-1,-1,-1
1253,108,588.0712695163791,568.4146803602869,142.9988743628454,166.6340504587364,-1,-1,-1,-1
1253,146,588.7997543451092,568.4165259645613,141.71632326383042,166.57448040255315,-1,-1,-1,-1
1253,156,1345.9974059161295,474.3899774202047,453.01468326959275,151.5050751085031,-1,-1,-1,-1
1254,108,581.081018029396,566.5569890109634,143.8340567176533,167.9103026162096,-1,-1,-1,-1
1254,146,581.7324090295297,566.5586466190127,142.6716504024339,167.84628142584052,-1,-1,-1,-1
1254,156,1376.7610460182868,466.2970509429671,452.2804490307367,152.34892977028778,-1,-1,-1,-1
1255,108,574.1584746874047,565.6589965867012,146.25010290290913,170.75501739154572,-1,-1,-1,-1
1255,146,572.600418670989,563.9361338755857,143.931751723135,168.90595858406448,-1,-1,-1,-1
1255,156,1386.4643907302097,460.3835563204522,471.4911442729556,158.81998378007785,-1,-1,-1,-1
1256,146,560.3172455403867,561.6602411458996,147.4104787358673,173.76550360105898,-1,-1,-1,-1
1257,108,552.7768077967675,560.6721000407002,152.35346857774607,176.90334297225752,-1,-1,-1,-1
1257,146,552.0903871784282,560.1736921718455,150.9592902491911,176.8437641055582,-1,-1,-1,-1
1258,108,543.0882512807362,559.1655380561942,156.91418723605068,181.26626223577546,-1,-1,-1,-1
1258,146,543.3074453747869,558.9900490598511,155.54966835125185,181.17359282850236,-1,-1,-1,-1
1259,108,531.623032340489,557.3398143474108,161.67529899308113,185.39429252904404,-1,-1,-1,-1
1259,146,532.1354514246332,557.2807762058367,160.38076945510488,185.33872561803946,-1,-1,-1,-1
1260,108,523.6149248042423,556.0786524574029,164.37569222083778,188.51601065787838,-1,-1,-1,-1
1260,146,521.1268122285346,555.3670722326799,165.69894403181763,189.43763950659627,-1,-1,-1,-1
1261,146,504.53099900075676,551.442029709709,168.98947410703886,193.50701247886172,-1,-1,-1,-1
1262,146,490.4420558752099,549.9591362285635,177.60942388001422,204.00676500508723,-1,-1,-1,-1
1263,108,482.6871458136311,552.0393730571792,179.71526804742825,204.05040028979522,-1,-1,-1,-1
1263,146,477.46359913911857,544.9650203859691,191.26799485501118,218.80482850548628,-1,-1,-1,-1
1264,108,473.3260031613613,550.7567851415774,182.89627540767447,207.68887147649343,-1,-1,-1,-1
1264,146,469.1815534424441,543.0379886644605,196.42376486380198,223.89984202816356,-1,-1,-1,-1
1265,146,457.1477162140499,546.8012445586694,197.39009250552232,223.20203463613507,-1,-1,-1,-1
1266,108,440.3674732104546,545.5417397575851,201.56914144613756,225.7875936060443,-1,-1,-1,-1
1266,146,444.35246558336723,546.4370608617984,200.88642748525297,225.94363949891897,-1,-1,-1,-1
1267,108,424.7962161223105,545.9808881703743,205.70792375675956,227.49022174967195,-1,-1,-1,-1
1267,146,434.3718521676345,545.138226641677,204.71623785202377,230.25197350091707,-1,-1,-1,-1
1268,108,412.0245780620955,545.5198067594029,211.85042166339048,230.633948705305,-1,-1,-1,-1
1269,108,395.8543481051169,545.3814404675609,223.71133217218602,242.6784790689976,-1,-1,-1,-1
1269,146,403.26791611476506,542.9189802411051,213.90752430288444,236.5058674326308,-1,-1,-1,-1
1270,108,381.0610048261204,546.6261501589615,231.79955299330908,248.48805802261722,-1,-1,-1,-1
1270,146,392.4583832210768,541.6524963745125,217.62098722167855,240.61221378979417,-1,-1,-1,-1
1271,108,363.8859113154118,542.683523313515,244.20067502361132,260.2176121365461,-1,-1,-1,-1
1272,108,339.7615026506983,537.9935479809997,262.1161048723552,279.9161894865513,-1,-1,-1,-1
1273,108,319.57212750030806,533.667050701182,275.2775712463989,294.43660681020106,-1,-1,-1,-1
1274,108,295.3271793965426,530.7105969355042,284.46919206639035,303.2217296749584,-1,-1,-1,-1
1274,146,303.2679357707392,534.2642271602675,266.09548071879215,290.2241483800202,-1,-1,-1,-1
1275,108,280.8433632142677,528.8657674218646,291.5397061359197,310.78936323638254,-1,-1,-1,-1
1275,146,281.4684692649135,531.6411010449569,276.09967641121733,296.3492020370152,-1,-1,-1,-1
1276,146,256.7175673502087,528.7567254314326,285.16579254338706,301.10531911450914,-1,-1,-1,-1
1277,146,230.28296015834584,527.03698268746,289.03414330125133,300.19736017324703,-1,-1,-1,-1
1278,146,206.4461658072969,523.8419567773185,298.39122837459547,304.10620294395096,-1,-1,-1,-1
1279,146,189.69037334260514,522.0465918304928,304.0320402215509,309.853986999841,-1,-1,-1,-1
1575,191,777.9014375139883,592.9221544068621,76.70629722743342,65.23076622742474,-1,-1,-1,-1
1578,191,775.8695451373463,593.7350690776051,76.90266545791849,65.72421527543031,-1,-1,-1,-1
1579,191,775.9209761570554,595.0843097393079,76.34293323391307,65.50708031403508,-1,-1,-1,-1
1580,191,769.7692086583012,592.3486014448482,79.38806083566112,68.66554078199363,-1,-1,-1,-1
1580,195,770.7153135882814,590.8902647595944,72.99454053743762,69.80171618637178,-1,-1,-1,-1
1581,191,767.9696748938605,591.9087241108338,80.4130754472036,69.55224572139798,-1,-1,-1,-1
1581,195,769.6895247358052,590.9384105969172,73.71492159817024,70.88522462075264,-1,-1,-1,-1
1582,195,769.9317718888044,592.2543186702724,73.4666524821339,70.62701067262537,-1,-1,-1,-1
1583,191,764.2046144357978,591.0049656185536,84.28297560183682,73.54159373171888,-1,-1,-1,-1
1583,195,767.7213205337496,591.4625005811835,76.13729364230153,73.10026185189031,-1,-1,-1,-1
1584,191,762.3622568105683,590.5629274986188,85.52757497280038,74.62777388243353,-1,-1,-1,-1
1584,195,765.1676694692802,592.4510233481985,76.12730202382886,73.37252869135,-1,-1,-1,-1
1585,190,827.4954481806201,573.9409970178993,74.68711324479204,71.04620787921237,-1,-1,-1,-1
1585,195,762.9809795515201,591.5380111271461,77.94883692831195,75.39027751101776,-1,-1,-1,-1
1586,190,827.4337360027139,572.9152057437009,75.81627239800298,73.54188017905574,-1,-1,-1,-1
1586,191,758.5614240922436,593.275534743253,84.61011857367032,74.46945848243377,-1,-1,-1,-1
1586,195,761.7241966418329,593.1250900281409,77.62564540592871,74.84397063600113,-1,-1,-1,-1
1587,190,825.0151100379418,571.9106117203697,77.29283105356672,76.38347606689285,-1,-1,-1,-1
1587,191,756.6818241881197,593.1430862028091,85.61597993125667,75.35502245064481,-1,-1,-1,-1
1587,195,759.3706338109381,593.093479815575,78.7298061375111,75.89225105220771,-1,-1,-1,-1
1588,190,824.3094241305505,572.8144691394526,76.13847444017279,76.18846216701684,-1,-1,-1,-1
1588,195,756.455854176638,593.7276352460945,80.67147111458621,78.21621120363113,-1,-1,-1,-1
1589,190,824.0595939541653,574.5142885972837,75.6647995461899,76.6710728785331,-1,-1,-1,-1
1589,195,753.4567838845945,592.6744633949503,83.32450722042006,81.66432983308357,-1,-1,-1,-1
1589,201,1349.2348002376302,550.546130262528,188.09991005962365,82.06007205475339,-1,-1,-1,-1
1590,190,823.4214424220556,574.5607810974241,74.67411739498664,76.1588593362651,-1,-1,-1,-1
1590,195,753.7948490757153,593.5448527127276,82.07728558523593,80.40431752258087,-1,-1,-1,-1
1590,201,1371.0289199682054,548.4902729399415,204.88325010296603,89.8091148928346,-1,-1,-1,-1
1591,190,824.265181222623,574.6080879916541,72.1554761783865,73.94910350865575,-1,-1,-1,-1
1591,195,753.2573744159255,591.2743574271587,84.38588761665972,83.10497308340564,-1,-1,-1,-1
1591,201,1377.605535561026,545.7042999574692,221.9375338720331,97.284740412313,-1,-1,-1,-1
1592,190,823.2634445274546,572.0249769814403,73.24303834542002,75.66211945179737,-1,-1,-1,-1
1592,195,752.677678013754,592.3519037424265,82.19792671020764,80.87488659224425,-1,-1,-1,-1
1593,190,824.2386620212719,572.37398462266,70.33162789651783,73.03228440832879,-1,-1,-1,-1
1593,195,750.8136723886072,588.8340639132334,84.06986088425231,82.56333394936598,-1,-1,-1,-1
1594,190,822.428885205571,571.8929269145709,70.3336828396466,73.26308230187624,-1,-1,-1,-1
1594,191,743.6941177099095,587.2788720966194,92.5960596401161,81.97615288815689,-1,-1,-1,-1
1594,195,748.2534732774191,587.5216415459342,84.65273240328463,82.52294176203986,-1,-1,-1,-1
1594,203,1466.1133707148092,509.2026153463284,289.67998639205325,208.3800013854637,-1,-1,-1,-1
1595,191,741.8101969623318,586.7842600936984,93.63095825498408,82.89268643955631,-1,-1,-1,-1
1595,195,745.5764518804743,586.3737926698457,85.73236999946755,83.12334663929903,-1,-1,-1,-1
1595,203,1407.1139202507725,442.96177628427654,374.1528879278419,267.9640505326638,-1,-1,-1,-1
1596,195,742.3327279340984,585.2981853840425,87.41335668794716,84.63052454052274,-1,-1,-1,-1
1596,203,1415.41820879602,415.08642462648913,433.2552587494531,308.9762916079417,-1,-1,-1,-1
1597,191,739.3920810540972,584.2854379301185,94.8636935055207,84.11540580733026,-1,-1,-1,-1
1597,195,742.1439566066311,584.253810433573,88.00122217480623,84.52786399813749,-1,-1,-1,-1
1597,203,1425.8028952200148,398.0020879833053,471.81638795161007,334.97690152481937,-1,-1,-1,-1
1598,191,738.5910893009374,582.5357057007079,95.87380171734549,84.99283920285882,-1,-1,-1,-1
1598,195,741.2022207851597,582.5637708947411,90.08990749000975,85.76162321599531,-1,-1,-1,-1
1598,203,1438.897976082121,379.9055015598868,477.10752594590735,336.9965814086967,-1,-1,-1,-1
1599,191,735.5042136701178,581.2752939762731,97.26046459470058,86.60579591870749,-1,-1,-1,-1
1599,195,739.5879555931522,581.833740950221,90.95977433791575,86.5894657718892,-1,-1,-1,-1
1599,203,1450.1155901645625,360.1496287431013,505.7155857770722,357.2033719990188,-1,-1,-1,-1
1600,191,732.7890852720639,581.4707413430881,97.69620946286136,87.19063493048407,-1,-1,-1,-1
1600,195,735.7679746126023,581.7934913136876,92.56469637183488,87.86574543197548,-1,-1,-1,-1
1601,191,730.8401179857299,581.5767336332412,98.46266741717989,87.37994630233948,-1,-1,-1,-1
1601,195,733.850245205561,581.7106077267291,93.42591967398653,87.57905445616439,-1,-1,-1,-1
1602,139,814.1744865124438,558.9330290915441,81.75104383381472,81.2779161715307,-1,-1,-1,-1
1602,191,725.248374955379,580.3345118857081,100.69944238755977,90.03640310958099,-1,-1,-1,-1
1602,195,727.1222739149907,580.37893977056,95.99499183035823,90.08743268336468,-1,-1,-1,-1
1603,139,812.7756828087723,557.2946865318294,83.43503044580825,82.95713263882476,-1,-1,-1,-1
1603,191,723.322047117097,581.825069014739,99.9469844112408,89.72327257505822,-1,-1,-1,-1
1603,195,724.0886744650782,580.5439301750419,98.05353474868855,92.30641047779488,-1,-1,-1,-1
1604,191,719.3800483400141,579.8187575985509,104.22764509181957,94.13747335299058,-1,-1,-1,-1
1604,195,721.2732927622332,579.9826672741508,100.3146924821425,94.4268939137429,-1,-1,-1,-1
1605,191,715.7628243609133,578.4301440990646,106.96086976359277,97.70930450539424,-1,-1,-1,-1
1605,195,718.189273122706,579.1385016961973,102.71380864874902,97.15278091450966,-1,-1,-1,-1
1606,139,804.4383816496999,555.4863036676879,85.91753287486506,86.28304299964464,-1,-1,-1,-1
1606,191,713.1010222114002,577.7405817323049,108.57391906401438,99.18355452284425,-1,-1,-1,-1
1606,195,716.6921085983018,580.1212737158021,101.78479442617765,96.87868436020415,-1,-1,-1,-1
1607,139,806.7906875192532,562.7865794252972,79.373539821662,79.85967793192435,-1,-1,-1,-1
1607,195,712.8090389680048,581.1855776698377,102.30444376689604,97.36491254065083,-1,-1,-1,-1
1608,139,807.7536578577594,565.3974741313878,77.51784669132871,77.55464636181387,-1,-1,-1,-1
1608,195,709.8102123228468,581.6080730143259,103.04930215850231,97.51075212739659,-1,-1,-1,-1
1609,139,805.604152064257,565.6840390506903,78.55976866376238,79.37019456301823,-1,-1,-1,-1
1609,191,704.8311610146117,577.6910411333113,113.42318171744012,103.9477533560372,-1,-1,-1,-1
1609,195,707.7938316046016,580.4743270110141,106.52334010246523,100.14034278745874,-1,-1,-1,-1
1610,139,804.4593566642669,566.4506467144176,78.383218799838,79.3690387714397,-1,-1,-1,-1
1610,191,701.0569984267129,577.7296950829981,114.29751281575864,105.1469901431841,-1,-1,-1,-1
1610,195,703.4749806368321,580.0509968869097,108.5803042422292,101.75796746215246,-1,-1,-1,-1
1611,139,803.819384275101,570.0480598066348,74.8467817634396,75.38999349952076,-1,-1,-1,-1
1611,191,698.2448447971208,577.2603691700322,115.9004543544986,106.62246323995521,-1,-1,-1,-1
1611,195,700.2300844474437,581.1974384192811,109.41194724305069,102.34182065488437,-1,-1,-1,-1
1612,139,802.485097093861,570.0990566915422,76.44502771199734,77.18307402391429,-1,-1,-1,-1
1612,190,801.7381171804983,570.2281817661907,78.99720335866289,77.50087805226894,-1,-1,-1,-1
1612,191,697.2143183174519,582.3098254905885,112.12673479021134,102.66414524230856,-1,-1,-1,-1
1612,195,698.1974528936527,582.9574420368427,109.48930763706437,101.86900659826574,-1,-1,-1,-1
1613,139,801.4526395632611,570.7709560542681,78.82374457411959,79.1425061536396,-1,-1,-1,-1
1613,190,800.4362823758402,570.5500276525308,81.2118634268844,79.46612408966155,-1,-1,-1,-1
1613,191,695.2635185120691,583.4683178267962,113.62398783780168,103.88308598601554,-1,-1,-1,-1
1613,195,696.378845979838,583.6419192808029,111.76026610693214,103.60694774443164,-1,-1,-1,-1
1614,139,800.2809173835927,571.0523886684916,79.31427123673711,79.6401103665462,-1,-1,-1,-1
1614,190,797.1997436553619,570.6756476744669,83.70749906059211,80.82315692258601,-1,-1,-1,-1
1614,191,689.1294123320737,583.8697470341702,117.19744096804698,107.58320106860367,-1,-1,-1,-1
1614,195,693.8552712819097,583.7152823264937,112.91185091565353,104.6740909359404,-1,-1,-1,-1
1615,190,795.1944791856441,568.8061742086353,86.88334438567279,83.8934543718699,-1,-1,-1,-1
1615,191,684.3028384100483,584.6645280789947,118.49562979007715,108.95127919876404,-1,-1,-1,-1
1616,190,794.9848314987261,570.0163367240553,86.3957580329303,83.76944800577212,-1,-1,-1,-1
1616,191,679.7344058998065,583.0159137425595,123.25541047579009,113.33569590763238,-1,-1,-1,-1
1617,190,793.0128079106202,569.2224836603879,88.12571319220581,84.96207406275482,-1,-1,-1,-1
1617,191,677.3474130243216,582.3797518625285,124.55233952316974,114.33351240094578,-1,-1,-1,-1
1617,195,679.3067569912575,582.2423517718737,122.50543537701219,113.23307825705069,-1,-1,-1,-1
1618,190,791.3988167638341,566.9885322002605,91.21098400779044,87.32639620642487,-1,-1,-1,-1
1618,191,674.1555493568344,582.3630365860165,126.23099582317468,115.87535025236878,-1,-1,-1,-1
1618,195,675.2762145170028,579.3892360369978,127.6227243068671,118.25797696312043,-1,-1,-1,-1
1619,190,789.3772267974362,564.8533059703003,92.67903066849863,88.20323345637485,-1,-1,-1,-1
1619,195,671.105286452581,580.305523119117,125.26938012329083,114.90331897886051,-1,-1,-1,-1
1620,190,791.3102018989553,560.8032996478873,96.94284018433586,91.73633758848052,-1,-1,-1,-1
1620,195,666.1212339378496,579.3739409153618,125.98213688605858,114.78786882193663,-1,-1,-1,-1
1621,190,790.7360523628432,558.6290699154089,98.68345252235633,92.41822765688107,-1,-1,-1,-1
1621,195,660.9850248879267,579.0301523228266,128.3465728112044,116.01070386982235,-1,-1,-1,-1
1622,190,788.2228221927638,562.3465505431634,95.56662825204762,89.39045377246362,-1,-1,-1,-1
1622,195,655.9925551664728,577.6048076793332,132.24059970363112,119.04344653025998,-1,-1,-1,-1
1623,190,785.1324660728098,557.9250727011151,96.62307686511292,90.11528759712155,-1,-1,-1,-1
1623,195,652.7046384720552,577.7175531478599,130.82789867388237,117.5719917207789,-1,-1,-1,-1
1624,190,783.6638839972369,556.9506877905244,97.03709424566978,90.36062191540316,-1,-1,-1,-1
1624,191,647.8464873095107,575.4898281204031,136.33970459418333,124.07596732517902,-1,-1,-1,-1
1624,195,648.9658010358751,577.1244953114381,133.4837526541179,119.55503854237713,-1,-1,-1,-1
1625,190,783.2744885429062,557.2722588579423,98.2283573484292,91.07485788500492,-1,-1,-1,-1
1625,191,642.1686892876526,574.3022630390641,138.31642738320045,125.16972019025582,-1,-1,-1,-1
1625,195,643.6678767542619,576.2595412611004,135.91523998355876,121.57318410724827,-1,-1,-1,-1
1626,190,783.0653948673457,557.4316906501886,98.87018803594526,91.31702074503153,-1,-1,-1,-1
1626,191,638.6647980212792,573.9003868870133,138.85642513966445,124.24157813594684,-1,-1,-1,-1
1626,195,636.5072959852515,573.9889493765859,141.44837723745218,125.55859029839769,-1,-1,-1,-1
1627,190,781.9342523821416,558.8382150571698,101.28129400527769,93.34385418301076,-1,-1,-1,-1
1627,191,633.3092169975946,573.769200369406,143.39413027358864,127.12008853385714,-1,-1,-1,-1
1627,195,634.2330757786316,575.0702111074146,142.1615282302564,125.10866636809544,-1,-1,-1,-1
1628,190,782.6771172881754,556.7912863766312,105.10309842456115,97.34317223014239,-1,-1,-1,-1
1628,191,630.0722240873974,573.0847343261246,148.3604570734193,131.42401839824322,-1,-1,-1,-1
1628,195,627.1745007386066,574.2156765822874,149.18320589926554,131.39373405711285,-1,-1,-1,-1
1629,190,782.1652395919766,556.6683335143771,104.96871254478697,96.91479837398583,-1,-1,-1,-1
1629,191,623.4112318073041,573.484251900723,150.94762315200762,133.03443747524,-1,-1,-1,-1
1629,195,622.0707088546185,573.9022143028895,151.69612958679465,133.0927662923524,-1,-1,-1,-1
1630,190,784.312835078161,557.9610779863308,103.5118357143723,94.72673589808346,-1,-1,-1,-1
1630,191,616.5380154689647,571.7131927609928,155.53148011404164,136.8445214854563,-1,-1,-1,-1
1630,195,615.3536779185048,571.8570565028532,154.58463681738624,135.62691993825865,-1,-1,-1,-1
1631,190,783.6333743609335,556.5070589103121,105.33180815005403,96.4788573354034,-1,-1,-1,-1
1631,191,612.2462694229163,569.108933876116,160.1374208484043,140.84087225097392,-1,-1,-1,-1
1631,195,610.2922540847993,570.4359342255532,157.60965058047202,138.48495467662747,-1,-1,-1,-1
1632,190,782.3674230385575,555.3250276793271,106.73757758883255,97.76507756600188,-1,-1,-1,-1
1632,191,605.3115571668204,567.4730366280436,163.00609448121122,144.26364598484406,-1,-1,-1,-1
1632,195,605.7622191643039,569.7364270339405,159.89328335835012,140.49041934049353,-1,-1,-1,-1
1633,190,781.0681075123921,555.5449275387749,106.9555393333377,98.2278326902508,-1,-1,-1,-1
1633,191,597.7509873496565,566.8623328394169,165.6737119837412,146.81503730312147,-1,-1,-1,-1
1634,190,779.7099979417081,555.65393989401,107.460997240869,99.02562153545352,-1,-1,-1,-1
1634,191,591.9295599665817,567.3009225921156,167.5352511251166,148.3762263831943,-1,-1,-1,-1
1635,190,779.1216575434039,555.7147850736407,107.81386761587714,99.29994879892479,-1,-1,-1,-1
1635,191,586.0629477187435,568.1496982083659,169.25285252530557,150.19674275574266,-1,-1,-1,-1
1635,195,585.9101600919479,568.8214323745758,169.6333462635032,149.5420508417567,-1,-1,-1,-1
1636,190,778.7758918229503,555.1007976052265,108.87273947174594,100.68375194680891,-1,-1,-1,-1
1636,191,580.9925501803461,567.5832739029063,171.67274389706813,152.34470796500239,-1,-1,-1,-1
1636,195,580.0813138857399,569.4135789888636,173.79089242179703,153.27595358449264,-1,-1,-1,-1
1637,190,778.4375021854026,555.5345131464712,108.40665546643254,100.53051828224113,-1,-1,-1,-1
1637,191,576.9443716227619,568.5322652606353,176.68125753370578,157.17278155172153,-1,-1,-1,-1
1637,195,572.0803646493846,568.9723924977419,180.0275904178618,159.11966381887373,-1,-1,-1,-1
1638,190,777.131275862516,555.0629324334276,109.94842424632827,102.406140166598,-1,-1,-1,-1
1638,191,565.8127956877709,567.3772135187486,181.58089448922135,161.83155338057577,-1,-1,-1,-1
1638,195,566.3315784766817,568.8151754019259,179.63506866941987,158.73588969015077,-1,-1,-1,-1
1639,190,776.6518617832535,554.243120985816,111.82704917965236,104.39697777047104,-1,-1,-1,-1
1639,191,556.1790483837577,565.0232865886578,188.760927038074,168.67264009378664,-1,-1,-1,-1
1639,195,558.3300853894609,562.9326186403712,183.49179343382662,161.7073381526352,-1,-1,-1,-1
1640,190,775.7529158933345,555.2427177751244,111.39871340942727,104.48003879420139,-1,-1,-1,-1
1640,191,550.8045558923604,567.3263643959925,189.29998684353689,168.68605407426082,-1,-1,-1,-1
1640,195,549.8101478145707,565.2196875295272,189.65662704987267,166.6524315259536,-1,-1,-1,-1
1641,190,775.7554933107524,555.6461332936799,111.20970929063083,104.4718803630168,-1,-1,-1,-1
1641,191,543.2951102674996,566.9755485061955,192.8760988760191,171.1472917259356,-1,-1,-1,-1
1641,195,541.1128105139811,565.4868913539171,196.02785137412536,171.70462971640563,-1,-1,-1,-1
1642,190,774.5811813124751,554.4982114397104,112.20305119909472,105.74747345092192,-1,-1,-1,-1
1642,191,537.2721607617648,566.5839291649958,195.92614045373284,173.85432257246998,-1,-1,-1,-1
1642,195,530.7302033389785,563.0428319184132,203.14233937257427,177.44098149272418,-1,-1,-1,-1
1643,190,774.9993333630367,553.4162533770042,112.83508913608591,106.205038300198,-1,-1,-1,-1
1643,191,520.6627980861186,561.4719753920888,203.01684724166296,179.1825985305411,-1,-1,-1,-1
1643,195,519.6168952039634,560.8249231998996,208.7847528370902,182.15185283734218,-1,-1,-1,-1
1644,190,774.0155603402058,552.358107631414,113.42804705118863,107.00316756685663,-1,-1,-1,-1
1644,191,510.33564775278285,558.2456147489225,208.64282224223234,184.01993553930527,-1,-1,-1,-1
1644,195,510.6846221825343,558.6966604614323,212.1206400257489,184.53300435833432,-1,-1,-1,-1
1645,190,773.8279486886807,551.3139786243532,113.29763818041306,107.27863990312846,-1,-1,-1,-1
1645,191,502.0337252394728,557.0706231382655,211.47132398998417,185.76037055829647,-1,-1,-1,-1
1645,195,501.43512863559477,557.8943650913664,216.26558385896396,187.27764452701922,-1,-1,-1,-1
1646,190,773.6715678600281,550.2763144586843,114.75138917536503,108.66518050518903,-1,-1,-1,-1
1646,191,493.66154135053586,555.357032896264,216.78276077705908,189.5605182718732,-1,-1,-1,-1
1646,195,490.84883454976773,554.3888785421586,222.53689314040957,192.10669766553133,-1,-1,-1,-1
1647,190,773.2631804015533,549.8995787913524,115.366531258534,109.16642004818596,-1,-1,-1,-1
1647,191,483.3219376589594,552.7928606818143,224.3659657803462,194.8055517892916,-1,-1,-1,-1
1647,195,482.01872050657994,551.7761293137158,228.3272687588542,196.45115353340282,-1,-1,-1,-1
1648,190,771.0212819219772,549.1217594693439,116.51280441377753,110.63755778498307,-1,-1,-1,-1
1648,191,473.382695732829,554.4087131918491,224.0745870600142,192.23709175810325,-1,-1,-1,-1
1648,195,467.0923291900302,548.8669438067022,236.5486109385787,202.53835870529497,-1,-1,-1,-1
1649,190,770.7459797249624,548.1911066638329,117.76743842987332,111.82384603149558,-1,-1,-1,-1
1649,191,459.15133956184616,553.1464003582561,230.75788503824015,195.64021419884227,-1,-1,-1,-1
1649,195,452.2375969949051,546.4937765496545,244.7183150808077,208.64953208328177,-1,-1,-1,-1
1650,190,768.5093130649784,547.2021671367775,118.61539739704529,112.90039961669106,-1,-1,-1,-1
1650,191,450.913912390726,552.1328326992369,234.0516025817371,198.43203361420535,-1,-1,-1,-1
1650,195,438.30344470551273,544.9724807325456,252.37525759608042,214.12628356405264,-1,-1,-1,-1
1651,190,766.1033473682487,548.1525140500531,117.48628096357527,111.97347190962603,-1,-1,-1,-1
1651,191,429.1482434384215,551.0280576471533,247.04338997622295,207.1706257968832,-1,-1,-1,-1
1651,195,423.1127454824569,545.0705019586732,260.5178674923756,219.34941918930406,-1,-1,-1,-1
1652,190,764.1327265613129,548.5450293034088,116.54922222647326,111.57893446065191,-1,-1,-1,-1
1652,191,412.0850698075924,545.4051332976456,265.3502177017633,220.68749158573917,-1,-1,-1,-1
1652,195,407.6166465747277,542.5928457203269,269.7848090044903,225.75192948129086,-1,-1,-1,-1
1653,190,762.5020776029036,548.7110517314233,117.35848048201399,112.72046562937282,-1,-1,-1,-1
1653,191,394.9543837241781,543.9820697296763,277.313479088793,229.45153980200837,-1,-1,-1,-1
1653,195,392.5871368065563,541.6702119714992,280.282820179245,233.24767020678394,-1,-1,-1,-1
1654,190,760.7054708748334,548.130595096304,118.1177433524781,113.78664844255911,-1,-1,-1,-1
1654,191,374.7050505028503,542.8294895236244,294.1808631557876,242.97423880415135,-1,-1,-1,-1
1654,195,382.00428801800626,540.2122811512146,285.8757533504954,237.8991081514913,-1,-1,-1,-1
1655,190,760.0750621764909,549.2318773122455,117.71000561028382,113.51370042907934,-1,-1,-1,-1
1655,191,355.5227687603575,542.4124294900062,300.90314946366755,247.53556148242228,-1,-1,-1,-1
1656,190,758.1014164340879,547.693690296504,119.781403561361,115.35474857383622,-1,-1,-1,-1
1656,191,337.5308766430752,539.748299128604,310.1278248863854,254.89434909184877,-1,-1,-1,-1
1657,190,757.0841844549207,547.7743295002915,119.85974442702036,115.37603335258893,-1,-1,-1,-1
1657,191,318.09401170443334,537.4690249452074,320.5435947139549,262.08161630729046,-1,-1,-1,-1
1658,190,755.3869441465163,546.5055206292456,121.92402088568997,117.32516971361451,-1,-1,-1,-1
1658,191,295.3469453824481,534.0651944418236,333.08454589521637,270.47718439160064,-1,-1,-1,-1
1659,190,753.1627155759481,546.0354666391761,124.62271999605184,119.34783034424697,-1,-1,-1,-1
1659,191,276.8226670564279,530.8619642497891,343.74953918124027,277.4263752238212,-1,-1,-1,-1
1660,190,752.1987588023708,545.8696088176509,125.94516282431334,120.09393163337086,-1,-1,-1,-1
1660,191,251.6496367421457,527.0988012140992,357.5312081613888,286.998362497018,-1,-1,-1,-1
1660,195,255.10332134496431,526.4071336119212,349.5749768290498,287.27211799379506,-1,-1,-1,-1
1661,190,750.0964827378518,543.859627630516,129.9878889789785,122.9613275319972,-1,-1,-1,-1
1661,191,236.55790868149728,525.1122541356674,365.4279912977416,293.3339671717855,-1,-1,-1,-1
1661,195,228.15017266996887,522.2247123645382,366.2856584742729,297.77163876111433,-1,-1,-1,-1
1662,190,745.7616103273593,545.0573406750767,129.54828366311574,122.72376864872535,-1,-1,-1,-1
1662,191,201.95529047753507,521.5250735098979,382.7863723234469,304.43631317007066,-1,-1,-1,-1
1662,195,200.84224418862635,518.162911608341,383.8568780964959,309.2208781362027,-1,-1,-1,-1
1663,190,746.4277660006652,541.6154382532329,134.57482146870643,126.51431101929757,-1,-1,-1,-1
1663,191,174.93703406668826,517.8357338759716,391.8753463932957,308.45202740266495,-1,-1,-1,-1
1663,195,175.59703945776286,514.7231796007574,395.085511719676,314.79303781867577,-1,-1,-1,-1
1664,190,743.001923303337,544.2148305832682,133.51524787836274,125.32754304464333,-1,-1,-1,-1
1664,191,157.5433817608941,515.579322867134,400.1457924265619,314.9573518921999,-1,-1,-1,-1
1664,195,150.0127592693155,512.7973671607219,402.79130586749415,315.4716030273851,-1,-1,-1,-1
1665,190,738.8702566153316,543.950556783807,136.12977464635048,128.0854779383293,-1,-1,-1,-1
1665,195,119.8122370023564,506.9683650150377,409.03729913419875,310.3156902364165,-1,-1,-1,-1
1666,190,736.6816437867537,543.8607293403293,137.78563289372687,129.74709211431377,-1,-1,-1,-1
1666,195,96.4434502320911,502.83397299239977,418.8600617559043,311.30042091159436,-1,-1,-1,-1
1667,190,735.2666495461126,544.4901406032602,139.00517090814083,130.9950402719678,-1,-1,-1,-1
1667,191,64.08553636597938,497.76551828318395,443.12178259783,342.68701012540066,-1,-1,-1,-1
1667,195,62.32264447066825,494.18444041418866,441.45663197634724,322.57191999895895,-1,-1,-1,-1
1668,190,733.4029716501943,544.0916826509936,140.24733198611239,132.08164554208736,-1,-1,-1,-1
1668,191,35.99195658428292,497.52998568880946,455.9214644571779,345.3002673284283,-1,-1,-1,-1
1668,195,38.91879462023215,494.81979177367896,448.4656117245196,320.9518740082,-1,-1,-1,-1
1669,190,732.1001460202891,541.3366552503096,143.94388954772933,135.06406269491345,-1,-1,-1,-1
1669,191,15.165358646958936,494.63239170123825,464.8812810933996,352.0790981605189,-1,-1,-1,-1
1669,195,20.105582291515958,488.70715533065527,459.48650688918656,325.26945960341413,-1,-1,-1,-1
1670,190,729.0563878751676,539.6447198248624,147.27381019942527,138.11136278322306,-1,-1,-1,-1
1670,195,-12.367529486783212,484.5164284018798,511.4036275880963,365.08790056191276,-1,-1,-1,-1
1671,190,725.8987760950371,539.6574265908422,148.05795793006655,138.59074294576646,-1,-1,-1,-1
1671,191,-9.171969573036193,472.49128503476265,477.15329276276134,362.6400582121511,-1,-1,-1,-1
1671,195,-18.797681897849202,476.0753403541423,501.86168458113633,360.0170542651806,-1,-1,-1,-1
1672,190,721.3239932652394,537.0790529461373,151.88408712960825,141.97386588709912,-1,-1,-1,-1
1672,191,-28.584863704197204,468.2054412231273,485.74730651583366,369.1643808354986,-1,-1,-1,-1
1672,195,-28.016502831966847,463.6955476903665,501.91977630396286,363.7969400993721,-1,-1,-1,-1
1673,190,716.142334068004,536.1132772602592,153.81123777577693,143.86805719609436,-1,-1,-1,-1
1673,191,-22.053703938463542,467.84539301110226,467.68619241793056,358.92912287115973,-1,-1,-1,-1
1673,195,-36.44824646998316,464.2150874118728,496.4715398182353,365.03420254429557,-1,-1,-1,-1
1674,190,711.7583446687204,533.8185832321253,156.81371923407426,147.1389300005021,-1,-1,-1,-1
1674,191,-31.559127302943836,461.94750512411804,462.3555453752708,361.29144273671693,-1,-1,-1,-1
1674,195,-49.036674479204606,458.0981229039674,493.2816522360423,370.4553795936819,-1,-1,-1,-1
1675,190,710.1871273534887,534.9038065469695,154.60855798982425,145.10563162236156,-1,-1,-1,-1
1675,191,-49.835673026659975,440.2557331800799,476.1180554203729,383.0507105429383,-1,-1,-1,-1
1675,195,-67.16698897846595,453.8143215370007,501.52327092435957,376.6367494077006,-1,-1,-1,-1
1676,190,706.0591135982783,533.4036753356472,157.00472890914546,147.50464827874066,-1,-1,-1,-1
1676,191,-69.32744665509199,439.24468460134193,480.7237742973979,401.99798731052016,-1,-1,-1,-1
1677,190,703.4828241714005,532.8588835847127,158.7511072423689,149.01898728050014,-1,-1,-1,-1
1677,191,-91.38902739685327,447.96844823797335,500.0466091166679,437.9680072539634,-1,-1,-1,-1
1678,190,699.9918625541625,531.375217228753,161.30724548792386,151.50031122707674,-1,-1,-1,-1
1678,191,-111.08215064460467,443.8592905570923,511.8660017813949,448.32189378150235,-1,-1,-1,-1
1679,190,697.7111135327079,530.833089199871,163.65273682238228,153.6996796073679,-1,-1,-1,-1
1680,190,695.0405929087302,529.3537783817144,165.67821173859352,155.7890830325058,-1,-1,-1,-1
1681,190,691.5790314895181,527.5126614096207,169.5067559343554,159.13497165102422,-1,-1,-1,-1
1682,190,687.3876752723124,527.4830943869168,171.63432660597948,160.36302869685835,-1,-1,-1,-1
1683,190,685.5630268865982,527.5096171413772,173.00021171893366,160.76572622084382,-1,-1,-1,-1
1684,190,682.5448871839629,526.9001865065268,175.04032753888282,162.15779994259344,-1,-1,-1,-1
1685,190,680.5156686059901,523.4325767880931,182.26858348356518,167.85102516749419,-1,-1,-1,-1
1686,190,674.1104634109643,522.1350205609599,184.10831389234988,169.3255052735774,-1,-1,-1,-1
1687,190,667.5643475144776,518.4198470720851,189.78617294010814,175.01857756534923,-1,-1,-1,-1
1688,190,663.0513635817206,517.0294520650136,192.21392801877232,177.7843645705317,-1,-1,-1,-1
1689,190,659.7208236767824,515.8897679042772,192.57302236654755,178.77445176773438,-1,-1,-1,-1
1690,190,654.6851907050785,514.1983444697719,194.5165389818327,181.01726298552774,-1,-1,-1,-1
1691,190,650.320987212265,511.64463331057533,197.03282404574134,184.40050912591886,-1,-1,-1,-1
1692,190,646.3150631178493,510.70751680475837,199.57771998529165,187.57133756044072,-1,-1,-1,-1
1693,190,641.1045780992533,509.1000535852223,204.82119657213377,193.25136282652443,-1,-1,-1,-1
1694,190,633.5083599625892,505.9443555973686,207.21098817386303,196.65378282927395,-1,-1,-1,-1
1695,190,626.5732126289342,502.82619586220613,211.7481084616918,201.7590118705229,-1,-1,-1,-1
1696,190,624.0938875170577,503.6057198156457,211.99368065437466,202.3538008112276,-1,-1,-1,-1
1697,190,621.3576717389524,504.6322435991708,212.62751134616087,202.46139075100268,-1,-1,-1,-1
1698,190,616.0526539562572,506.3872988372065,213.12294792471607,201.7465852018982,-1,-1,-1,-1
1699,190,607.996501733908,501.2185276210981,225.58182925898393,212.50047135555513,-1,-1,-1,-1
1700,190,601.9528101571206,497.3703226470382,232.55562383270933,217.13920514074238,-1,-1,-1,-1
1701,190,597.9936807987457,499.1335378130876,233.53637635256928,216.91033972228843,-1,-1,-1,-1
1702,190,588.6751793137762,492.73028985351755,240.59661110956142,223.84544862667963,-1,-1,-1,-1
1703,190,578.8752705926279,487.10505802950445,249.49949980191707,233.50168927439904,-1,-1,-1,-1
1704,190,573.7314523047838,486.2567084001156,251.34402154286659,235.229556324516,-1,-1,-1,-1
1705,190,562.4298845238329,478.8973446894629,261.1992802625681,244.80291262768628,-1,-1,-1,-1
1706,190,556.4933752045051,476.76610136710997,265.15376960484207,248.38360087919568,-1,-1,-1,-1
1707,190,547.8368252528477,472.15653406106503,272.55135004782676,255.43195979660982,-1,-1,-1,-1
1708,190,538.0999444460023,468.5191480640162,281.34711977725,264.4608715641703,-1,-1,-1,-1
1709,190,529.5543464064958,466.5426257284552,286.19136263772475,268.4847122724005,-1,-1,-1,-1
1710,190,519.4726572000145,464.58222342993037,292.17758475130097,273.7481893006158,-1,-1,-1,-1
1711,190,509.8567902308573,461.3329215628054,299.0943987613523,279.500808185078,-1,-1,-1,-1
1712,190,503.81747601701005,456.29278221217805,306.03673042080794,286.08612867434636,-1,-1,-1,-1
1713,190,494.4070875207764,452.4897778042001,314.1543325861461,293.6349806578959,-1,-1,-1,-1
1714,190,484.4097464376445,449.1745669201183,321.91412566092714,300.26717779875923,-1,-1,-1,-1
1715,190,472.9404742523776,445.40825889771037,332.01994961243656,309.11021196954306,-1,-1,-1,-1
1716,190,461.7196956831781,445.960919181328,337.56636890446066,313.6670499921912,-1,-1,-1,-1
1717,190,444.3160354786982,440.4917275520528,351.2757384285183,324.9113794074332,-1,-1,-1,-1
1718,190,429.12914824959546,437.17191088660377,360.96763004403306,331.66612413070015,-1,-1,-1,-1
1719,190,414.9083789713342,428.9041050119013,372.68395475522505,340.5285574377389,-1,-1,-1,-1
1720,190,397.59018529382433,425.13743978485104,382.5751718650513,347.63669991253164,-1,-1,-1,-1
1721,190,387.8377824304424,425.7133583387557,388.32856877690017,348.9105854522462,-1,-1,-1,-1
1722,190,369.79616506935827,418.9553118751848,401.4329483689828,357.5713847254181,-1,-1,-1,-1
1723,190,349.8804708641859,413.87291684440214,418.01233773131435,370.38943942338966,-1,-1,-1,-1
1724,190,332.1597864274029,408.7978893044127,434.6011140708579,384.15296594414656,-1,-1,-1,-1
1725,190,313.0316685324585,405.00536160421547,447.4103055296107,391.8871493979082,-1,-1,-1,-1
1726,190,291.6243121049409,397.86705161497844,464.703204835506,404.9389902026751,-1,-1,-1,-1
1727,190,268.45064398503916,391.36035402861773,484.3259459420693,418.7563579257063,-1,-1,-1,-1
1728,190,245.78487409825738,384.46334628092563,505.02424384065586,432.23051752583774,-1,-1,-1,-1
1729,190,217.99327713714013,374.86194461559353,524.6749110807572,444.92011590467246,-1,-1,-1,-1
1730,190,197.60813748137076,372.5120118795818,533.3877519385467,447.6997534927426,-1,-1,-1,-1
1731,190,176.23599695170992,361.4661549458193,557.8285298530002,465.1892597049207,-1,-1,-1,-1
1732,190,143.92676899103918,334.32925768604315,585.2430894821061,486.4047556527168,-1,-1,-1,-1
1733,190,112.71381794207355,319.38503732927893,606.9625154900369,500.1799261131837,-1,-1,-1,-1
1734,190,81.22923436098375,313.0700637049213,623.2762756415805,506.54986184613716,-1,-1,-1,-1
1735,190,56.34045824341149,305.7340881229607,641.3958815618496,515.7256347155303,-1,-1,-1,-1
1736,190,33.715642024342856,291.5579997994736,662.9472743227651,529.2465435866311,-1,-1,-1,-1
1737,190,14.471105480211975,274.7346526660332,686.6139316026213,546.3779729371204,-1,-1,-1,-1
1738,190,-1.7852854478811082,257.5422213606324,707.0986252995544,562.9813148197281,-1,-1,-1,-1
1739,190,-10.857299782817165,248.52835167929237,714.3025544093382,569.775940425834,-1,-1,-1,-1
1740,190,-28.1915208384562,231.8286012735989,738.4988250890648,593.8989615194357,-1,-1,-1,-1
1741,190,-29.7995560621265,218.6003240622057,738.8601318041929,597.8319443582263,-1,-1,-1,-1
1742,190,-36.75632889801159,206.68878598963062,746.7631806932083,609.828840618062,-1,-1,-1,-1
1743,190,-73.40518370472631,178.58997122244477,817.7069664245184,682.3431471718109,-1,-1,-1,-1
1744,190,-116.79639189230733,83.38655051850111,901.7484695140636,775.7320751365676,-1,-1,-1,-1
1745,190,-125.472975462372,49.35092839128043,912.7654128502281,808.343399409398,-1,-1,-1,-1
1746,190,-136.86685926523717,31.480264186666773,925.5366960273723,846.0168614294225,-1,-1,-1,-1
1747,190,-136.192928550845,21.743238163260628,911.8311607639971,859.853510605459,-1,-1,-1,-1
1748,190,-156.56651917546913,2.2794105631872412,937.803727405887,884.344670773339,-1,-1,-1,-1
1753,219,1555.9527439961948,507.4289452558519,325.42724550750563,206.60128933186388,-1,-1,-1,-1
1754,219,1582.3499585993486,496.9919213291531,381.597830461699,245.08117131910353,-1,-1,-1,-1
1754,222,1.7348294140045368,87.10084103999594,529.9559480783792,716.4781628357644,-1,-1,-1,-1
1755,219,1611.9339033545475,492.788720533611,402.8456023092185,258.72755611399043,-1,-1,-1,-1
1755,222,-42.97776738992337,39.45843805028494,586.3775134451878,798.4316514938281,-1,-1,-1,-1
1756,222,-51.68685598163805,46.35454374843789,578.9426777374464,795.2196220290075,-1,-1,-1,-1
1757,222,-79.53932322527629,57.1330317938328,625.4035674736804,871.7435714869639,-1,-1,-1,-1
1758,222,-92.07854066643523,24.54986838778865,619.0062491657325,879.1106294856274,-1,-1,-1,-1
1759,222,-104.8170381151516,7.216883804651502,611.1206768215344,888.8330792634682,-1,-1,-1,-1
1760,222,-148.69904289246296,14.290517225629742,652.5926225798821,984.322014129384,-1,-1,-1,-1
1761,222,-140.24376420269354,21.437274611192947,576.0640140810049,902.0895885378893,-1,-1,-1,-1
1761,228,1698.4282725468233,403.80041716943555,285.0077016185094,340.82254383785886,-1,-1,-1,-1
1762,222,-117.81828523772057,64.99643089850105,481.4644353891797,783.0874910375894,-1,-1,-1,-1
1762,228,1708.913757959056,390.08280107547876,290.1826277035184,347.0109143082759,-1,-1,-1,-1
1763,222,-134.71649183821634,64.84564016172595,483.4085437021063,786.2501710681679,-1,-1,-1,-1
1778,190,96.22596782395713,665.2089545116087,193.6129132407301,186.54704360202686,-1,-1,-1,-1
1779,190,79.6880037378459,676.1432441278222,183.8896294103971,179.80832088570298,-1,-1,-1,-1
1780,190,88.47496419115608,703.6711289102402,154.28823574097783,150.8652280997735,-1,-1,-1,-1
