3,1,1134.4261238983706,127.96223311629336,819.6269732467194,811.803242710235,-1,-1,-1,-1
4,1,1098.7687869640167,41.60685025999203,901.392359247882,899.6933197309452,-1,-1,-1,-1
5,1,1130.8182059429914,89.58711550616829,850.2037826628211,852.7409925215406,-1,-1,-1,-1
6,1,1175.4389170473341,147.81560038692533,763.5117363330287,765.2817175588516,-1,-1,-1,-1
7,1,1179.4648713145273,166.63878412264324,762.0430943297229,766.5211455773735,-1,-1,-1,-1
8,1,1179.8249485450474,144.8366575921412,784.8701653567948,796.9267632950991,-1,-1,-1,-1
9,1,1170.3377132517592,107.34636638534482,826.7709387625512,852.9475162037916,-1,-1,-1,-1
10,1,1164.329013865393,80.35337785605498,859.4509894396715,905.11075432955,-1,-1,-1,-1
11,1,1169.1025826524688,70.12989875838241,862.6337022463592,928.1651342041107,-1,-1,-1,-1
12,1,1190.1315859333474,34.04706881360488,834.0608215562991,916.9794694557349,-1,-1,-1,-1
13,1,1203.5511491431635,52.62558462240696,825.6200147602485,929.4261403914979,-1,-1,-1,-1
14,1,1249.2135426818538,88.12264186040198,757.7929423881324,869.0034523343311,-1,-1,-1,-1
15,1,1288.0764880196018,108.75905127024151,709.8885109527587,830.130805731671,-1,-1,-1,-1
16,1,1317.6683644722013,135.39520820695435,675.82333768328,806.889072061997,-1,-1,-1,-1
17,1,1368.4905507677759,174.8344716736039,612.3445914776962,744.3997740425132,-1,-1,-1,-1
18,1,1408.999486728712,237.80626853559102,564.4340552918666,698.4131452446629,-1,-1,-1,-1
19,1,1426.4670896045004,234.62597598271344,572.1339175079045,729.9109701714583,-1,-1,-1,-1
20,1,1465.433064224438,220.74972378565218,535.245457123465,704.0770869164267,-1,-1,-1,-1
21,1,1485.6562762425299,179.28810444234563,543.6284920619139,747.1045883127042,-1,-1,-1,-1
22,1,1505.3481944265977,81.15357393946113,573.7600150240478,838.5884457071186,-1,-1,-1,-1
23,1,1519.947723160638,70.60299659878729,579.5764883090515,847.0931526815976,-1,-1,-1,-1
485,25,1637.0516605611178,396.380631817055,371.8646712029788,340.8623026250109,-1,-1,-1,-1
486,25,1643.8924758253002,387.09124545233135,393.0782215406007,360.307285339356,-1,-1,-1,-1
558,14,830.2845262546692,562.7311101486895,73.16391012265285,72.33495323791976,-1,-1,-1,-1
559,14,828.9145359550687,561.2357398694907,75.25555240608173,74.40447824315288,-1,-1,-1,-1
560,14,829.1070121712246,561.4465473231069,74.64790483821935,75.3610285292956,-1,-1,-1,-1
561,14,827.8183933269224,560.0842520230946,76.61000266175199,77.34374599699629,-1,-1,-1,-1
563,14,829.3965931458495,567.6492254592273,69.72583378644981,72.87090080415783,-1,-1,-1,-1
564,14,829.2463938920235,568.3033146904532,68.7517466083907,72.80392168604101,-1,-1,-1,-1
565,14,828.2193760663636,567.8135023102483,69.93280250749172,74.05691774111199,-1,-1,-1,-1
568,14,824.3352027830533,567.3444112772639,71.19464260737402,76.7549811019702,-1,-1,-1,-1
569,14,822.7539984609647,567.5725556444545,70.18665315306885,76.11839263095021,-1,-1,-1,-1
570,14,821.4860057353065,567.1274457393207,71.22143098247705,77.24334950999673,-1,-1,-1,-1
574,27,812.6491355131042,562.3627879926761,82.24227632926227,75.81686167482542,-1,-1,-1,-1
575,27,813.4762151755032,567.6752112705701,78.3981706451907,73.10238168696014,-1,-1,-1,-1
576,27,812.2858679367264,563.0422390527608,80.01577085925226,75.38309889246557,-1,-1,-1,-1
577,27,811.0308265500449,561.988510882932,81.62085702912066,76.85406772998999,-1,-1,-1,-1
578,27,806.7541819288014,560.970249800966,81.47421565450679,77.3840266262896,-1,-1,-1,-1
579,27,802.2169044488656,556.0685016786422,89.81257307316753,86.63629736206087,-1,-1,-1,-1
580,27,799.827266949484,550.4857145855443,94.31372694794584,92.59662666670772,-1,-1,-1,-1
581,27,800.2537536275097,552.6426237576376,91.53903229069317,89.94795174074318,-1,-1,-1,-1
582,27,798.8988744662411,548.4619951560559,94.21673483061386,93.89340369261367,-1,-1,-1,-1
583,27,797.2968179776337,548.1812482342534,92.97483867707717,92.80523670521711,-1,-1,-1,-1
584,27,797.265111478235,546.2068887502877,94.58353352942413,94.86294267782193,-1,-1,-1,-1
585,27,795.7519093446924,545.4939971193764,95.030112243561,95.60220859825301,-1,-1,-1,-1
586,27,793.4597904428454,545.9239442397984,94.13803454515119,95.17500840198227,-1,-1,-1,-1
587,27,791.6760046098339,544.568309975506,95.64364891065998,96.69758925522626,-1,-1,-1,-1
588,27,790.5487865728492,543.8155075952277,97.4182343705736,98.81726374500215,-1,-1,-1,-1
589,27,789.8215090884477,545.4851358041553,97.88509477755986,98.14763293690623,-1,-1,-1,-1
590,27,786.4624955172568,544.8179933383126,99.69685051001125,99.83122091151165,-1,-1,-1,-1
591,27,780.7256131009639,543.2939822057889,102.22346338085674,101.72887879374946,-1,-1,-1,-1
592,27,778.5156697871397,541.4431741584772,104.56803102100434,103.70963315434142,-1,-1,-1,-1
593,27,776.2181130042834,543.3548411451986,105.21836490118267,103.12978181273559,-1,-1,-1,-1
594,27,770.7293041956007,543.4943824804748,108.23996921498076,106.10771652703784,-1,-1,-1,-1
595,27,766.6676793605742,542.9207139219178,111.48512201650806,109.78978805892325,-1,-1,-1,-1
596,27,763.8105105589068,542.7208571614763,114.77258083308561,113.10031818992002,-1,-1,-1,-1
597,27,760.1278622942376,543.3099898496479,116.80588882597488,114.97931029008112,-1,-1,-1,-1
598,27,755.5778408055355,542.9194550890185,120.07087824305893,116.93784508011765,-1,-1,-1,-1
599,27,752.5381108167886,540.8478413091179,124.00942398073641,119.57316836350935,-1,-1,-1,-1
600,27,745.7722016431381,539.4180067666389,127.15965683056447,121.82358484165468,-1,-1,-1,-1
601,27,742.9114826356722,538.8850552327943,129.61516761099267,122.63223881187105,-1,-1,-1,-1
602,27,739.3487507005451,538.0571079913834,132.38882754344002,124.16979447317351,-1,-1,-1,-1
603,27,735.107225302461,534.5202743955472,137.39133359419236,127.29366238787884,-1,-1,-1,-1
604,27,726.9659926374557,533.1826345256169,142.13197372573927,131.02239445940575,-1,-1,-1,-1
605,27,720.0825109376933,532.0518747644734,145.75997657429104,133.69433408219948,-1,-1,-1,-1
606,27,712.9688092756679,529.0669104406761,151.03932164224284,137.88776825241496,-1,-1,-1,-1
607,27,702.7567408903232,528.5843702289333,151.45236995976802,138.80480331573972,-1,-1,-1,-1
608,27,697.7492319104438,527.1496823532349,154.47798245545323,141.6591824478934,-1,-1,-1,-1
609,27,692.3061477821589,524.6960359993037,158.3692264933269,144.6266896990677,-1,-1,-1,-1
610,27,676.660863605979,520.5574265021039,162.66041588234077,150.21861145533046,-1,-1,-1,-1
611,27,674.6752267434508,518.9937936149347,168.5664801127499,154.8787482002931,-1,-1,-1,-1
612,27,669.8077708120586,515.8686802131037,174.87415289464184,159.82416293581593,-1,-1,-1,-1
613,27,663.2484487247441,514.0549707258482,180.49947836176534,164.23108301381137,-1,-1,-1,-1
614,27,653.5828217507293,508.91441102265446,190.09039853115837,172.90866955911224,-1,-1,-1,-1
615,27,648.0214628469703,506.3220563476614,196.96912752932087,178.11176748004073,-1,-1,-1,-1
616,27,629.7245769787892,503.44918490044785,200.2540106033456,181.96574757563673,-1,-1,-1,-1
617,27,618.3961430153131,501.7479201608022,203.62288201435774,184.63470164789817,-1,-1,-1,-1
618,27,606.917601453584,499.2276335081998,210.35266198485135,189.40505403643658,-1,-1,-1,-1
619,27,595.4346914737673,498.95247509008743,217.06696419295258,194.99559668326242,-1,-1,-1,-1
620,27,576.71482718216,490.58796569800177,236.33345448590603,211.78803817297978,-1,-1,-1,-1
621,27,561.9699176999873,482.99500811875055,252.06098924620835,226.3711921732795,-1,-1,-1,-1
622,27,547.6648388559587,478.75301456768193,262.3234360144826,235.2380787686177,-1,-1,-1,-1
623,27,531.9165334544408,474.6168430999271,270.41404975467174,242.40504629280827,-1,-1,-1,-1
624,27,517.1203639319202,473.06751230240064,277.7708106523314,249.49995674653718,-1,-1,-1,-1
625,27,493.8036841402221,464.2965603025783,297.6030445649236,267.9925165876499,-1,-1,-1,-1
626,27,471.446026516721,455.91584827689087,312.06138928577735,281.99169243609674,-1,-1,-1,-1
627,27,454.5823231607908,452.6382064969195,316.4608622447231,286.1639291723089,-1,-1,-1,-1
628,27,429.8764830871384,441.2930245764883,336.2205286155143,305.97818093157366,-1,-1,-1,-1
629,27,413.23431311263647,443.2096733435593,337.575113408228,306.0422414766575,-1,-1,-1,-1
630,27,395.0954170831342,446.131313880599,343.7739070316695,308.2082037230473,-1,-1,-1,-1
631,27,360.58407148725485,429.4321743736036,375.35913303734344,335.1121380131645,-1,-1,-1,-1
632,27,326.0711207126203,415.5802646986863,403.3478884205465,359.70964344972526,-1,-1,-1,-1
633,27,290.23102608650726,400.7458291126786,428.47316290740827,381.88019780995364,-1,-1,-1,-1
634,27,252.15011244596005,389.2651744163026,456.4674327516417,404.93163336906656,-1,-1,-1,-1
635,27,218.60068059225557,387.92642034911444,471.73896370145746,414.53876710024656,-1,-1,-1,-1
636,27,169.54930005110626,371.2017258124121,508.71160000459315,443.8868889300782,-1,-1,-1,-1
637,27,116.14347632468701,346.0225994807541,547.0929033701166,471.423920610915,-1,-1,-1,-1
638,27,60.34105997218961,321.0650523503913,588.2443883937854,502.14528146511,-1,-1,-1,-1
639,27,18.72721903890698,286.3036838736469,623.393018030481,530.9760974450146,-1,-1,-1,-1
640,27,-0.4688885509862075,274.9876255402926,637.7537064516101,542.2077198591271,-1,-1,-1,-1
641,27,-44.0488580541375,200.70984001540927,696.3820628026397,601.7190003542635,-1,-1,-1,-1
642,27,-73.29244728556318,184.6549829010632,718.858488319427,621.1338426218656,-1,-1,-1,-1
647,30,-28.800940600673016,18.75770556536338,518.4975162225702,729.5733993661249,-1,-1,-1,-1
648,30,-36.34883039411713,18.04350522193289,517.2747476078317,727.8528555132889,-1,-1,-1,-1
879,45,1171.9346009947214,545.525475453061,103.74218460582301,53.18429651366205,-1,-1,-1,-1
880,44,1187.8784151519296,542.6219537017279,96.84931885794867,53.67575466234439,-1,-1,-1,-1
880,45,1183.4760412088517,542.5694158921125,105.7013851600766,54.35960095334417,-1,-1,-1,-1
881,44,1195.7802684402734,540.6715599407383,99.62796869329145,55.21573574124352,-1,-1,-1,-1
881,45,1194.8014106299058,539.5164161192207,108.57868373141764,56.047305428788945,-1,-1,-1,-1
882,45,1206.8487848189143,536.4562537340169,111.96154423347684,57.937958642512626,-1,-1,-1,-1
883,44,1226.0588515539848,531.9245516712557,110.37016175060262,61.40652334735239,-1,-1,-1,-1
883,45,1215.217723971866,534.1620456317063,115.41383785331641,59.7244574352618,-1,-1,-1,-1
884,44,1236.6521772460994,526.5263632063112,120.14558111181623,67.04053244235558,-1,-1,-1,-1
885,44,1252.5739685873186,520.7734423645805,127.38471109727766,71.61816668170468,-1,-1,-1,-1
886,44,1272.7498378349546,517.280505945178,127.16267339882256,70.89694719719682,-1,-1,-1,-1
887,44,1293.622483880755,512.7947675697834,131.45654995326527,73.0303693130046,-1,-1,-1,-1
888,44,1313.5593543025707,506.6748673528752,139.98086326749376,77.62438226957175,-1,-1,-1,-1
889,44,1337.48550394748,501.82937192692805,149.50172835240323,82.52224361764115,-1,-1,-1,-1
890,44,1350.9844922516031,498.27145840196573,154.21869814722322,85.12592028184037,-1,-1,-1,-1
891,47,1157.0383737708366,410.2570291783826,410.4630106415061,173.14520149870384,-1,-1,-1,-1
892,47,1177.6941510738623,400.36889202302376,430.1357673710602,181.5190669483789,-1,-1,-1,-1
893,47,1193.6028691336858,388.09165669480024,463.30148437928665,195.48815819010656,-1,-1,-1,-1
894,47,1202.2926694698945,375.15292537624043,505.21092143248643,213.14263666040313,-1,-1,-1,-1
895,47,1209.7546551027224,360.0720064640509,557.7687677642118,235.9161682260634,-1,-1,-1,-1
896,47,1202.197044278675,339.8104402194632,651.4533792422842,278.2179911250254,-1,-1,-1,-1
897,47,1225.6751165341,322.6692100794961,685.3867747412785,293.21402334011213,-1,-1,-1,-1
898,47,1243.334712335569,304.03425518689534,703.4583168166564,302.5926611522727,-1,-1,-1,-1
899,47,1253.6876685051311,291.47589699025656,737.8417987217179,317.3827446653714,-1,-1,-1,-1
1131,60,930.9082715543813,585.7440173419037,93.89598623020117,57.35685523842426,-1,-1,-1,-1
1132,60,929.3446204316855,579.7965761925343,99.68275104487964,62.84140554885016,-1,-1,-1,-1
1133,60,930.2522591020668,576.1521309224136,101.33738593215753,65.65960421890657,-1,-1,-1,-1
1134,60,936.4864523923131,580.3437501304145,92.0555319728669,60.47780432181105,-1,-1,-1,-1
1135,60,933.1404656558323,573.7044010636406,101.1507929189604,67.33015739100085,-1,-1,-1,-1
1136,60,933.0763708116172,571.9228241411361,103.44774784350602,70.43824531049336,-1,-1,-1,-1
1137,60,940.9896683032613,578.1834802683222,94.04443899430191,64.08474029295564,-1,-1,-1,-1
1139,60,946.0072014370804,578.4344554516136,89.96748811322084,62.14811685270388,-1,-1,-1,-1
1141,60,953.3351504753774,581.1130554897957,88.53159304327312,61.90833986393898,-1,-1,-1,-1
1142,60,951.6949473025214,576.2471918246063,95.08667059581433,67.5465554063876,-1,-1,-1,-1
1143,60,951.0400444274611,573.1193649977458,99.48245790396925,71.59708950592585,-1,-1,-1,-1
1144,60,951.7139146343085,571.7237200436685,102.09122233634014,73.47666405976952,-1,-1,-1,-1
1145,60,952.6585644967925,571.5808269920449,103.05281192429493,75.08931358716438,-1,-1,-1,-1
1146,60,955.299052707118,574.6855173256675,102.1366950156347,74.36164837621448,-1,-1,-1,-1
1147,60,957.2707022790102,573.2729224160307,103.63277158475387,75.99766089734476,-1,-1,-1,-1
1147,82,962.5324990573397,573.9302934950978,92.73740288690556,75.32997765286916,-1,-1,-1,-1
1148,60,955.8327893662873,568.8954882894354,109.76904458336696,81.08690960641866,-1,-1,-1,-1
1148,82,960.3828466462966,568.5973650750396,100.15863520524147,81.27450104125853,-1,-1,-1,-1
1149,60,956.1985251342544,569.1272640389536,108.95598994202169,80.48434773793156,-1,-1,-1,-1
1149,82,959.9319201471138,568.2596691395942,101.27876849659981,81.80657682872277,-1,-1,-1,-1
1150,60,956.8367888589365,567.9900776400642,111.2888273092675,82.2101142058483,-1,-1,-1,-1
1150,82,959.8398098830954,566.6050824236336,103.71372678070327,83.77338085234351,-1,-1,-1,-1
1151,82,963.5853256653703,564.9909136626434,107.74501060147065,86.76876540021442,-1,-1,-1,-1
1152,82,972.3845481213863,568.5907571634842,103.7638017082196,82.80592992086918,-1,-1,-1,-1
1153,82,978.6052777268557,576.1377064578669,96.07504493473368,75.78847620647207,-1,-1,-1,-1
1154,59,965.4316558983122,581.3897026580503,123.74989974124117,66.60957149594708,-1,-1,-1,-1
1154,82,981.237839305358,576.5162822646749,96.09269533231327,75.80239183273432,-1,-1,-1,-1
1155,59,967.4493900002064,581.5415874994646,124.05569878741653,66.77507282031638,-1,-1,-1,-1
1155,84,1749.274356642613,607.4477905999669,200.6460130341784,103.20883760013282,-1,-1,-1,-1
1156,82,980.1065219650316,562.2492017602304,112.28354767784458,89.02471881506904,-1,-1,-1,-1
1156,84,1769.8830234321413,606.6431024880741,206.9035158909221,106.4275900477038,-1,-1,-1,-1
1157,59,979.7051131431346,588.3544231427124,114.01562947350601,61.55096265629322,-1,-1,-1,-1
1157,82,981.8990474402956,560.7268018686277,114.40673994703457,90.70809851364174,-1,-1,-1,-1
1158,59,984.8578854109924,588.364398686419,110.62468365722452,59.5298621090559,-1,-1,-1,-1
1159,59,988.3313649631464,589.1999232917,109.09811594930807,58.70916974987642,-1,-1,-1,-1
1159,82,982.6058173957362,557.1155665038632,118.07981207134401,94.01268481023908,-1,-1,-1,-1
1160,82,983.5174563988062,553.1647032412644,121.09727813784184,96.56901539963212,-1,-1,-1,-1
1161,82,986.8580341054557,552.4224241724795,121.95042470182796,97.4690264826213,-1,-1,-1,-1
1162,82,985.8798005643889,549.6052647670631,130.53212393352624,104.23839113597467,-1,-1,-1,-1
1163,82,987.1338476371106,547.9253031272617,129.82871427619148,104.24627020606863,-1,-1,-1,-1
1164,82,988.4604643821923,546.1275451235614,132.28618617204813,106.21950730694266,-1,-1,-1,-1
1166,82,991.2962982511447,544.5679876450469,142.2570827614386,114.15381671396835,-1,-1,-1,-1
1167,82,992.6416940974739,542.9465441736504,145.14646974714992,116.47240136939604,-1,-1,-1,-1
1168,60,993.240384526295,545.0441899994606,159.51877160743652,118.8996177126777,-1,-1,-1,-1
1168,82,997.6921654029168,544.1375170241901,149.0363723069197,118.95094532375174,-1,-1,-1,-1
1169,60,995.1199263095506,543.7814499647313,162.21158078640576,120.91059262823114,-1,-1,-1,-1
1169,82,998.6939297858089,543.5756654450927,151.54070322805092,121.09666451137082,-1,-1,-1,-1
1170,60,999.3355362385967,542.8898459705431,161.84905667708836,122.21092140622181,-1,-1,-1,-1
1170,82,1002.781776951482,542.7403276900418,153.33429021902248,122.50066473979462,-1,-1,-1,-1
1171,60,1003.6560510049012,541.2214286668477,163.704880861525,124.71823711210402,-1,-1,-1,-1
1171,82,1006.9507726948578,541.1682694035997,156.40245560421283,124.90559895396336,-1,-1,-1,-1
1172,60,1005.8199479551354,539.948839062353,166.3290830104279,126.72187117087265,-1,-1,-1,-1
1172,82,1009.0163937150596,539.8745198310025,159.21833034969677,127.15439881960481,-1,-1,-1,-1
1173,60,1008.2422187829841,539.6874546156062,167.7330101077996,128.93519015042136,-1,-1,-1,-1
1174,60,1008.2237102732851,536.1833073496865,175.25024592825787,134.96336158532654,-1,-1,-1,-1
1175,60,1010.1342467935126,534.7818174400907,178.37216540447116,137.37256391138646,-1,-1,-1,-1
1177,60,1022.7360702402012,529.5228254945179,186.40797434706963,143.68249099959405,-1,-1,-1,-1
1178,60,1025.4079541257527,527.9070829164517,189.69551842912733,146.22180777361734,-1,-1,-1,-1
1179,60,1029.4340851616817,524.5251649649064,197.87258940348693,152.02846869105917,-1,-1,-1,-1
1180,60,1030.4779918821764,521.6026768324798,203.74620487512038,156.9194905750528,-1,-1,-1,-1
1181,60,1036.8423913400527,520.5447710296053,208.6226496072834,159.97590343529464,-1,-1,-1,-1
1182,60,1036.1439495362195,518.2653751926237,217.87181952603532,167.49855651548296,-1,-1,-1,-1
1183,60,1038.5803818411537,519.3375086397547,224.71781288444936,172.88380911395188,-1,-1,-1,-1
1184,60,1041.207240755192,517.7526647745801,229.39070514243122,176.4851764355709,-1,-1,-1,-1
1185,60,1051.0306255304672,516.7954775328174,234.95748591146116,178.51280437339528,-1,-1,-1,-1
1186,60,1050.5480548325038,513.1118458023288,248.30896989803045,187.92758967393843,-1,-1,-1,-1
1187,60,1070.2938412217434,525.8051466622893,236.25784906766899,175.39524167520426,-1,-1,-1,-1
1188,60,1072.4734463825118,517.8218996862931,250.22484149562774,184.61144675832713,-1,-1,-1,-1
1189,60,1066.187247975494,504.02969559514924,275.79282834665605,203.97883204387102,-1,-1,-1,-1
1189,82,1074.2002556037046,495.4071856768992,262.50583007129944,203.31279066950947,-1,-1,-1,-1
1190,60,1073.556682559157,500.6073556152096,289.69467258363716,212.65580996791232,-1,-1,-1,-1
1190,82,1077.9583698809124,492.941242059734,267.9638809061928,207.53990836476373,-1,-1,-1,-1
1191,60,1076.4769450959272,492.9757390317912,310.8669703293697,228.0413278417622,-1,-1,-1,-1
1191,82,1081.942938433577,490.12041592803706,298.46352904443825,228.36731966648694,-1,-1,-1,-1
1192,60,1085.427988552685,488.1360530817448,322.1184698903437,234.6325311020949,-1,-1,-1,-1
1192,82,1085.8022062415548,487.6293197451728,305.5262151359011,233.7709956830529,-1,-1,-1,-1
1193,60,1087.3359794789712,483.1173466995644,339.66694156247604,246.57784310445896,-1,-1,-1,-1
1194,60,1091.6010330279316,479.95428382711816,353.01346042855494,254.28948313481624,-1,-1,-1,-1
1195,60,1095.6362645103163,470.5605058524475,377.20114037436133,269.82993124007476,-1,-1,-1,-1
1196,60,1114.018588530409,477.612830508103,378.49488703462043,265.75066331845323,-1,-1,-1,-1
1197,60,1119.5693522430236,474.7355137504031,387.62343592434377,272.1661327197684,-1,-1,-1,-1
1198,60,1123.6372933040839,450.07407135012875,435.2022952642378,303.05320901682444,-1,-1,-1,-1
1199,60,1128.8299466926524,444.50989631111815,469.1528439481867,323.238377227048,-1,-1,-1,-1
1200,60,1131.5808777824218,429.89834506790925,510.60800157477433,350.37334465426653,-1,-1,-1,-1
1201,60,1143.248460731581,423.5320095085714,544.609663424453,370.95351469821605,-1,-1,-1,-1
1202,60,1156.6988306712594,410.5134553463276,582.6810068630084,392.7358362345381,-1,-1,-1,-1
1203,60,1176.516598086727,390.44794442798303,638.9361775420716,426.1535300472098,-1,-1,-1,-1
1204,60,1189.2435128075308,375.72417270497897,683.4537662721509,451.6755076192055,-1,-1,-1,-1
1205,60,1181.1686310287098,354.99696586517325,735.8863208995226,487.18608023710203,-1,-1,-1,-1
1206,60,1177.0166160016836,357.9222956585263,762.9560216051902,507.3762461120384,-1,-1,-1,-1
1207,60,1159.4715200411642,341.94848448756005,811.8869871599807,547.5842227825663,-1,-1,-1,-1
1208,60,1151.0497511805602,320.2544342130134,844.7584492880221,580.6434659249776,-1,-1,-1,-1
1209,60,1156.404165446626,320.9440686551904,848.865836609921,594.8709084202612,-1,-1,-1,-1
1210,60,1065.914813321946,176.91881916285217,1053.476332137,772.9347596107564,-1,-1,-1,-1
1211,60,1072.7550890886193,140.20674113129417,1061.1140930418699,812.3077066388121,-1,-1,-1,-1
1212,60,1101.2023110041291,140.550018495426,1027.6446295874503,820.3035144130886,-1,-1,-1,-1
1213,60,1119.9961232225326,120.88729028310195,1007.240648837547,837.9575412157708,-1,-1,-1,-1
1214,60,1141.9771927824631,109.76269276349637,987.5171014796124,858.0329746640825,-1,-1,-1,-1
1215,60,1202.291320301533,137.96562291679112,902.1493606057804,815.4711080900579,-1,-1,-1,-1
1216,60,1246.8317844670992,146.5556392859316,850.4229448647866,802.4073161768495,-1,-1,-1,-1
1217,60,1289.1092114689206,144.3846047581124,807.7455542619557,798.0944871523809,-1,-1,-1,-1
1217,90,504.74856481624266,583.7462137176336,74.81751528695094,67.04738615998656,-1,-1,-1,-1
1218,60,1339.2765382157438,145.26663482867195,756.8853392031708,784.7378202739285,-1,-1,-1,-1
1218,90,500.6284475087105,583.3950102684787,75.95724181548059,68.06875162615597,-1,-1,-1,-1
1219,60,1333.9239627975608,50.4304745826326,813.5590120888796,896.1239521327841,-1,-1,-1,-1
1219,90,493.0532849078644,583.7925309212872,78.43690281317004,68.23652708825409,-1,-1,-1,-1
1220,60,1340.1709938125455,31.39316850893789,835.7856388646505,920.7150144053303,-1,-1,-1,-1
1220,90,486.8278507604787,584.5062576702396,81.32055340486266,69.72958141211802,-1,-1,-1,-1
1221,90,480.6452349886256,583.4605196989484,84.47302543187948,72.20797236496026,-1,-1,-1,-1
1222,90,475.25041562056816,590.1636768685335,79.05084771076866,67.32038016251295,-1,-1,-1,-1
1223,90,470.56524661558853,590.8650342747676,79.79917752189101,67.28508255844645,-1,-1,-1,-1
1224,90,464.7159113234409,589.7872824355209,83.29014280318097,69.24270885976432,-1,-1,-1,-1
1225,90,458.62825128624064,586.7629759063221,86.75494291336241,71.91885910109806,-1,-1,-1,-1
1226,90,454.1320373064165,586.8895747445123,84.25992468928308,68.39425274871496,-1,-1,-1,-1
1227,90,448.87135522842465,585.6102238788565,86.10468871456686,68.93498136800815,-1,-1,-1,-1
1228,90,440.8046498812345,584.4856023613964,88.74645566852047,70.43973187043957,-1,-1,-1,-1
1229,90,435.57783202242024,583.4138552677192,91.11904198613763,71.64759123802298,-1,-1,-1,-1
1230,90,426.86710290375873,582.3605714789015,95.33983154145602,74.04948563926075,-1,-1,-1,-1
1231,90,422.3666905647191,583.2650066691531,93.09835909251296,70.41418747020168,-1,-1,-1,-1
1232,90,414.7616807543835,582.9852802437293,95.12892403297099,70.25479383844493,-1,-1,-1,-1
1233,90,407.8383329701891,582.8912174625945,96.48593081149477,69.52603018591458,-1,-1,-1,-1
1233,104,396.3641112546034,581.9635135485977,122.41501963473144,70.84526945748632,-1,-1,-1,-1
1234,90,399.0383790097192,582.2051543397611,100.50450993139054,71.22779239751708,-1,-1,-1,-1
1234,104,393.6265973567085,581.5946779462562,122.78022963722509,71.05662757840025,-1,-1,-1,-1
1235,90,394.09383672245235,581.9576365738942,101.03928560633204,70.54591544017819,-1,-1,-1,-1
1235,104,383.5375883436279,581.0281363702807,123.90865186559188,71.90880264055988,-1,-1,-1,-1
1236,90,384.24663673509565,582.5385350072529,105.73262525544817,72.24959306083838,-1,-1,-1,-1
1236,104,373.85356628113533,581.6167344736069,125.67439696797544,72.80321153391765,-1,-1,-1,-1
1237,90,376.78195605400253,584.0714934385647,107.5056519133035,72.22524084643817,-1,-1,-1,-1
1237,104,365.1431454120101,582.5151247981025,127.08428996954143,73.78337420879268,-1,-1,-1,-1
1238,90,367.09144000777144,583.3558455513368,111.77386340992359,74.17174042068268,-1,-1,-1,-1
1238,104,358.8239657871168,582.51915047642,128.08429706909214,74.36396510035513,-1,-1,-1,-1
1239,90,360.59995183917414,586.3442846984576,112.21874258324664,74.24309325230877,-1,-1,-1,-1
1239,104,348.2750406054839,585.3059079886701,135.8679275841988,79.79112790922886,-1,-1,-1,-1
1240,90,353.18487958679157,589.4722594270241,112.207288218695,72.93678620568642,-1,-1,-1,-1
1240,104,340.9184292422624,588.5743099856501,134.33684565186024,79.02161415515206,-1,-1,-1,-1
1241,90,342.6884989501682,591.3210772594254,116.13590852996066,74.40065233504697,-1,-1,-1,-1
1241,104,335.12246808384845,591.7771883441624,129.0092488499426,75.35619084952657,-1,-1,-1,-1
1242,90,332.1452949621349,592.6487572303579,121.38219055076422,76.89942927421714,-1,-1,-1,-1
1242,104,327.75493710059243,593.6243903988841,128.55341128050242,74.5870224940279,-1,-1,-1,-1
1243,90,323.54170823590994,593.783163307984,122.55355499141501,76.54010734884002,-1,-1,-1,-1
1243,104,318.11264648009814,593.5919617912217,132.03537542454046,76.30018414504525,-1,-1,-1,-1
1244,90,316.4505750383422,594.5582125865199,123.41291497329695,77.07588876708894,-1,-1,-1,-1
1244,104,310.9158586790998,594.6070065395506,132.85708017593976,76.77502522700615,-1,-1,-1,-1
1245,104,296.37072580613466,591.2437769139851,141.27550311739157,81.72788717658023,-1,-1,-1,-1
1246,104,288.467259053045,591.2619923788457,142.94662303895348,82.239635497427,-1,-1,-1,-1
1247,90,281.1233079474813,590.838658651545,137.1103929838281,84.23037427199063,-1,-1,-1,-1
1247,104,275.03885088777116,589.2898904508219,150.526785556728,86.33025608160654,-1,-1,-1,-1
1248,90,272.85016326587595,591.0678612487417,138.79970069112846,85.26707182427492,-1,-1,-1,-1
1248,104,264.94525270702985,588.5386943919358,148.3053885587894,83.99398469717005,-1,-1,-1,-1
1249,104,255.87911078660636,586.2510364525142,151.7623191526484,85.6220196605035,-1,-1,-1,-1
1250,104,242.57191274823094,582.7903834100287,158.30510816621722,88.81164875220634,-1,-1,-1,-1
1251,104,231.81534056827013,582.7615301402179,159.66886068535462,88.0687689775798,-1,-1,-1,-1
1252,104,221.88118100661245,579.5016463028581,159.93746182945983,86.40952046689176,-1,-1,-1,-1
1253,104,205.90491732635897,574.9734105521876,166.6131915410226,89.02924159513009,-1,-1,-1,-1
1254,104,190.8741421840602,572.6550745827079,171.39379244826068,90.63715116473963,-1,-1,-1,-1
1255,104,176.14148989627867,571.7991436516195,172.2279186276035,89.92440951090407,-1,-1,-1,-1
1256,104,161.24138653759812,570.2090046725319,177.9496466230809,92.22806062391442,-1,-1,-1,-1
1257,104,155.1297092034353,568.3421656822255,187.4632505533064,95.02261542372571,-1,-1,-1,-1
1258,104,140.56966297012076,566.3693005720477,194.1794646855795,96.71359499601795,-1,-1,-1,-1
1259,104,118.4082662041416,565.6499495806268,198.70152466099725,98.62442541768792,-1,-1,-1,-1
1260,104,99.54578704885039,565.418178886744,200.96161853374173,98.67362364360758,-1,-1,-1,-1
1261,104,79.43555813499319,564.0770953987669,208.02489651944467,101.24832549413236,-1,-1,-1,-1
1262,104,60.34107419264335,562.952776105541,212.85642887847519,102.8425463692464,-1,-1,-1,-1
1263,104,42.655506963878096,561.9122060818419,219.9188478150944,105.35866397870916,-1,-1,-1,-1
1264,104,18.76574463680123,558.964110709762,230.41198146996663,109.51724760894012,-1,-1,-1,-1
1265,104,7.070072234820358,557.8592212695388,234.31947899578205,110.44019601993864,-1,-1,-1,-1
1266,104,-7.857475356959753,553.5953224983804,241.38584409358552,114.61739237480742,-1,-1,-1,-1
1267,104,-17.133663382230893,552.636032242164,242.85048226354462,116.81927846044039,-1,-1,-1,-1
1268,90,-2.1138260821496004,549.5545754553766,202.50245228371477,125.7622618004292,-1,-1,-1,-1
1268,104,-31.248291652526405,551.0856011760847,246.81835166727302,118.72764437854494,-1,-1,-1,-1
1269,90,-5.094158810806036,551.070327194997,193.97626445088497,120.17331288822527,-1,-1,-1,-1
1270,90,-10.246301888161966,552.4003819676454,187.2430653788225,117.92387438990545,-1,-1,-1,-1
1271,90,-14.735116285096396,550.3239062055387,186.64545898128387,120.32333230589347,-1,-1,-1,-1
1272,90,-26.377446415048112,548.8074835066008,188.5544452544096,121.55279159773875,-1,-1,-1,-1
1286,93,776.4812505317043,594.8789039567614,79.48657968002351,71.52300156288265,-1,-1,-1,-1
1287,93,775.121666123929,594.2873158822011,80.6715013103925,72.58857481888367,-1,-1,-1,-1
1291,93,764.8859855846345,595.4626208041485,85.64792044000376,75.24383647793081,-1,-1,-1,-1
1292,93,763.3052314243077,595.0655273535779,86.76127763802583,76.22115755659365,-1,-1,-1,-1
1296,109,1296.3852495672072,504.66232998654937,329.1458014370878,138.5885350594899,-1,-1,-1,-1
1297,109,1292.892240792079,498.80937402762765,346.3477196637609,145.8314911015425,-1,-1,-1,-1
1304,93,717.0337746507074,548.2729260149496,138.42615107213226,128.76380377232317,-1,-1,-1,-1
1305,93,715.3818673916628,542.7561559583695,140.2212087081408,135.65906027043093,-1,-1,-1,-1
1306,93,712.1874600050365,541.7389287079486,138.7069568786019,137.86770024406871,-1,-1,-1,-1
1307,93,710.5831537462412,538.2998298411397,139.4093469272417,142.40332663601203,-1,-1,-1,-1
1308,93,709.591178192271,537.6399816062085,138.59386112994184,143.48226132445143,-1,-1,-1,-1
1309,93,709.4149816388283,539.3909907750125,137.30489258619707,143.14823309727012,-1,-1,-1,-1
1310,93,703.9627909279078,535.6887582034282,141.25837306164908,148.67007941508314,-1,-1,-1,-1
1311,93,696.6059157441325,532.4084658724128,145.10037602966054,152.6363385368669,-1,-1,-1,-1
1312,93,696.4554366584076,531.8331657201815,145.67289290045017,152.820219104471,-1,-1,-1,-1
1313,93,691.9919598457539,530.4235800427282,148.42607336063634,155.3324635107316,-1,-1,-1,-1
1314,93,688.6077409832014,528.0614502185024,151.35077630993305,158.39410973274767,-1,-1,-1,-1
1315,93,687.4180089840477,526.6851723716948,153.88657643374324,161.8682665114245,-1,-1,-1,-1
1316,93,684.9869065463176,526.7733793415239,156.42172056378638,164.98845343567734,-1,-1,-1,-1
1317,93,677.1789493042832,524.8978689144617,160.2502963229083,168.0313149287564,-1,-1,-1,-1
1318,93,675.2988919973658,525.5263508940401,162.7841484444159,171.6893956925419,-1,-1,-1,-1
1319,93,673.2751173790108,523.9042936869665,163.9137746740388,173.65388037393484,-1,-1,-1,-1
1320,93,673.6613204536152,523.983746809731,164.08512000758424,174.95110468525638,-1,-1,-1,-1
1321,93,670.0447341293429,523.4307169427316,167.93165138236805,179.8829809840148,-1,-1,-1,-1
1322,93,669.1313197747639,523.9077476131179,165.97553266577108,178.4728955211599,-1,-1,-1,-1
1323,93,665.5866835632689,521.5547649647868,167.1638125935542,181.69193619013822,-1,-1,-1,-1
1324,93,664.2486401341881,520.0492824748028,168.99016172138488,184.137082754198,-1,-1,-1,-1
1325,93,660.8822307695489,520.8154852325374,169.6831391304362,184.98645045430476,-1,-1,-1,-1
1326,93,656.35175228001,519.2121800256962,173.2791912812238,189.77256207028825,-1,-1,-1,-1
1327,93,656.4247702213552,519.9289964697826,173.73984453959838,190.2334333071277,-1,-1,-1,-1
1328,93,655.1618304606743,517.0022485312936,177.96409610021522,194.86132419519822,-1,-1,-1,-1
1329,93,644.8212938142424,513.9740015707774,181.2610814768176,199.79157501333054,-1,-1,-1,-1
1330,93,637.6459816254353,510.2591479733589,186.39741736503117,206.77801337371744,-1,-1,-1,-1
1331,93,632.1083540351545,512.078169346575,184.39175715364502,204.2512615143636,-1,-1,-1,-1
1332,93,628.5660714010576,512.8785274988855,181.96080955506795,199.82266766765622,-1,-1,-1,-1
1333,93,623.1633879442445,511.2639649442365,184.74187501178938,201.30281506347433,-1,-1,-1,-1
1334,93,616.1740913851271,508.0735201073564,191.30722586740444,206.37879943398963,-1,-1,-1,-1
1335,93,608.6375690282746,504.9474673684387,199.84894354661958,215.39303920451704,-1,-1,-1,-1
1336,93,600.1178516665633,501.2112007143517,206.18804755170015,222.00602569786935,-1,-1,-1,-1
1337,93,595.1865306043161,499.80248005722456,209.50816844933797,225.77745730922538,-1,-1,-1,-1
1338,93,589.7792836841986,497.3788204745098,214.78512175889364,232.2968564656028,-1,-1,-1,-1
1339,93,581.7950225230724,495.2071253547788,219.80482436205307,237.93148380277398,-1,-1,-1,-1
1340,93,576.9244344065287,496.9965766964539,217.77401535931688,234.2085253283176,-1,-1,-1,-1
1341,93,565.9709871934623,495.17404782214356,226.88074026427546,242.36183839364884,-1,-1,-1,-1
1342,93,560.993170375948,493.2304124115821,227.66518627273626,242.14005042699335,-1,-1,-1,-1
1343,93,553.2963388978011,490.58058599224404,232.6449559983463,246.4501399502554,-1,-1,-1,-1
1344,93,549.4061825286517,488.3192768734388,234.10031697830846,246.69968227471878,-1,-1,-1,-1
1345,93,543.014277197945,488.8136607771244,236.9381248343807,248.61763076621622,-1,-1,-1,-1
1346,93,531.1876208528853,481.8912910230457,250.54813670892395,262.93511723938434,-1,-1,-1,-1
1347,93,522.6479621152474,481.22135865772145,255.02043167600607,266.37481348419954,-1,-1,-1,-1
1348,93,514.859585005283,479.7528416904598,259.4930813393323,270.79383872510397,-1,-1,-1,-1
1349,93,509.8037484159038,481.19008960998093,259.7859633807582,269.7801176934086,-1,-1,-1,-1
1350,93,504.7042873150748,478.56706052386886,265.23448862649286,274.43315889484455,-1,-1,-1,-1
1351,93,497.3187071199212,479.56088257197405,270.03289900839104,277.39618689444285,-1,-1,-1,-1
1352,93,488.61067228238227,474.15597603110405,278.06355961689536,284.90606113561944,-1,-1,-1,-1
1353,93,476.3567730959901,472.7725141416199,286.95664528838097,292.847221297322,-1,-1,-1,-1
1354,93,467.20294222510165,472.29475598242175,292.4069605596951,297.730143946882,-1,-1,-1,-1
1355,93,459.6227784204242,469.5863415732134,295.1429993026926,298.8265676513007,-1,-1,-1,-1
1356,93,449.51981265166523,467.29669705525066,303.10138194872775,306.23223397907054,-1,-1,-1,-1
1357,93,435.0627864206033,460.6545505631942,321.8065933107705,325.74850289117796,-1,-1,-1,-1
1358,93,421.6221735745778,461.9594722762097,327.80061986130954,331.236152486061,-1,-1,-1,-1
1359,93,416.6331890076124,463.8688409509856,322.7850401037258,324.1704625476533,-1,-1,-1,-1
1360,93,406.5487043049384,467.33194997770534,327.1228168167702,325.02366107183707,-1,-1,-1,-1
1361,93,393.12222756125834,458.9089130770876,339.86360610231145,335.6374896664172,-1,-1,-1,-1
1362,93,379.2600536723869,460.90263271893525,350.27013482045913,344.0752790591565,-1,-1,-1,-1
1363,93,362.60386887771483,450.126977054888,369.52009702190867,362.67671818939164,-1,-1,-1,-1
1364,93,351.8935975780977,441.54046899996035,381.3520185519509,373.5532094372305,-1,-1,-1,-1
1365,93,339.0050258050179,437.5796219917935,387.15137527177546,377.62449568719455,-1,-1,-1,-1
1366,93,325.3932623710784,430.32786729232805,401.1869149500047,389.9214384654109,-1,-1,-1,-1
1367,93,310.29910895016155,427.6116806437831,408.69215915521386,395.7671363724194,-1,-1,-1,-1
1368,93,295.3625124463876,423.4499154926467,417.90121975220296,403.59394781946776,-1,-1,-1,-1
1369,93,272.1108256200507,414.8569236158268,436.22549942492606,419.9300168710018,-1,-1,-1,-1
1370,93,262.556500473131,413.5416540474686,439.06683169184987,422.22371140131355,-1,-1,-1,-1
1371,93,244.93130142299708,402.84788576109065,458.2089638710954,440.8838248684327,-1,-1,-1,-1
1372,93,234.08630021602036,398.191982176083,467.051319178679,447.23037027782675,-1,-1,-1,-1
1373,93,214.0555865258183,394.5885646664153,487.21108279749217,467.4308595177572,-1,-1,-1,-1
1374,93,189.64855536424804,393.3008969097952,493.00194509008725,470.56590122505037,-1,-1,-1,-1
1375,93,180.8281506001641,389.1031653478494,492.914473879516,468.8274410151139,-1,-1,-1,-1
1376,93,161.18742611950697,383.727245088132,510.4237862318158,484.04466061446124,-1,-1,-1,-1
1377,93,145.50397096826703,376.63227342626385,519.1505632239923,489.6494891837348,-1,-1,-1,-1
1378,93,125.25609448948006,366.897822794998,549.5543660791245,520.6120131775479,-1,-1,-1,-1
1379,93,103.7453626043316,360.71514020491975,563.6376889237359,533.5648275575247,-1,-1,-1,-1
1380,93,72.26194844929398,359.0820262546055,569.6491288975357,533.1996169876863,-1,-1,-1,-1
1381,93,76.85192581497637,360.5933783228318,543.3142548059586,498.9385619555282,-1,-1,-1,-1
1382,93,51.815489890098604,352.1423808367569,564.6665851113037,512.1894041132862,-1,-1,-1,-1
1383,93,40.06983481753201,330.9164528029138,567.6387527668853,506.49170834817835,-1,-1,-1,-1
1384,93,19.651840591251926,314.9927659337274,582.4819901144624,516.4818539214191,-1,-1,-1,-1
1385,93,6.993596366472559,298.0952649549902,610.397221056922,539.6580616949823,-1,-1,-1,-1
1386,93,5.288024930882671,298.28564176197034,612.8084144193732,539.3267320592574,-1,-1,-1,-1
1387,93,-3.847361767508687,288.3191335586018,624.4702994483865,549.9301464106381,-1,-1,-1,-1
1388,93,-16.449001682975506,280.5791841814802,632.5585171446712,557.0398654129922,-1,-1,-1,-1
1390,93,-8.2406013738443,269.1730541097956,628.1043944612318,555.2498121596352,-1,-1,-1,-1
1391,93,-24.55655037298402,249.0061974964255,656.8799259520656,586.8294032174983,-1,-1,-1,-1
1392,93,-44.18986431154178,228.5317238474713,679.1435646234243,617.5704556830372,-1,-1,-1,-1
1393,93,-63.552805148786206,211.24509596985382,693.0733063991688,645.2321515065248,-1,-1,-1,-1
1394,93,-83.76836519196092,181.14416250872574,730.4997384801309,699.1768522946741,-1,-1,-1,-1
1395,93,-133.09837198127843,77.95132339841638,799.3587005824105,798.465044307942,-1,-1,-1,-1
1396,93,-138.23853786135516,39.04834739100767,797.3320576460892,827.2283223465836,-1,-1,-1,-1
1397,93,-156.43204926236527,17.746549217666143,819.7393728750186,850.4816356609255,-1,-1,-1,-1
1400,117,-12.431726638856446,30.364315074765443,518.7812822728309,848.2592371415633,-1,-1,-1,-1
1401,117,-18.45497107778604,28.15774564264501,525.4381273127747,861.6287398631214,-1,-1,-1,-1
1402,117,-22.852334429235157,26.267940858133954,531.9119163853361,872.2446531557996,-1,-1,-1,-1
1403,117,-32.28703949022628,18.143528913799628,529.9662132448956,875.3732891106062,-1,-1,-1,-1
1404,117,-38.16256700476282,14.912656628826767,535.418223081723,884.3786848442198,-1,-1,-1,-1
1448,93,1515.725417137865,588.2448658996516,119.88728851939845,127.63003007160319,-1,-1,-1,-1
1449,93,1573.8742938471682,615.8799077635672,88.77266358992392,94.50712079947061,-1,-1,-1,-1
1468,128,467.72520486197607,569.715569786389,258.3090371848599,91.57206814365156,-1,-1,-1,-1
1469,128,436.8249014114805,554.085900883423,297.0464271823124,107.08192553320305,-1,-1,-1,-1
1470,128,419.5820881237532,547.2394617454912,311.09453823589826,114.4339696353992,-1,-1,-1,-1
1471,128,394.25994078593857,532.000279934619,352.79537381181086,129.7733439593278,-1,-1,-1,-1
1481,137,734.4375158061084,563.440889293746,74.09297203149629,73.1182214125082,-1,-1,-1,-1
1482,137,729.538534477335,561.4566348517876,77.96542216870864,77.08673029642478,-1,-1,-1,-1
1483,137,725.5064853048331,560.3586239882308,80.186475385182,79.28275202353859,-1,-1,-1,-1
1485,137,718.0419113430263,559.7937853201033,80.31048798141944,79.52466128189303,-1,-1,-1,-1
1486,137,714.103723583791,558.9763221773128,81.80737276482637,81.00690003835086,-1,-1,-1,-1
1486,139,238.10904888208094,522.9055091754932,267.46638784646586,169.12735020188347,-1,-1,-1,-1
1487,139,210.21341156114437,522.6865926369262,269.45185486196976,170.17530828039366,-1,-1,-1,-1
1488,139,186.1182869217578,519.0650638133304,280.35386382436843,176.744482664266,-1,-1,-1,-1
1489,139,161.7904892416279,516.4624172291608,288.0811812573809,180.96032262277356,-1,-1,-1,-1
1490,139,130.56874473369618,513.5387581416205,304.27098626391523,190.48472097402976,-1,-1,-1,-1
1491,139,108.7491107103146,510.5277952718936,313.3098885067602,195.19685697694905,-1,-1,-1,-1
1492,137,689.9147354615761,563.4964892746129,84.56294689593562,84.29922885619021,-1,-1,-1,-1
1492,139,86.42784783222191,511.4320884497845,315.1933980846567,194.8056478523647,-1,-1,-1,-1
1493,137,685.9047261228594,563.517676498851,85.54986145647786,85.28307030467306,-1,-1,-1,-1
1493,139,66.34634168907576,521.157727969642,302.78053846957954,183.81072022414207,-1,-1,-1,-1
1494,137,687.1650974361116,564.7036789650336,82.9107450090329,80.47374262464893,-1,-1,-1,-1
1494,139,32.17817635576378,514.1890196362672,318.5587379264747,192.15695336124384,-1,-1,-1,-1
1495,137,683.9603890050302,562.1839785660171,87.2033453312547,83.03534585378213,-1,-1,-1,-1
1495,139,18.98055138429163,514.3248127706598,318.7750496579977,191.18124100858233,-1,-1,-1,-1
1496,93,800.3579871836977,564.5369241009535,71.62185339000393,70.2555233667315,-1,-1,-1,-1
1496,137,679.0387722383222,558.714826385118,91.01637792478323,85.86507548249313,-1,-1,-1,-1
1496,139,-7.580708710596554,498.57705070453017,341.91527086098904,207.1589400076275,-1,-1,-1,-1
1497,93,781.1449486515321,562.3706316093702,72.33902805615537,70.95844283340216,-1,-1,-1,-1
1497,137,674.9543283457956,554.8007496239035,95.12420024118728,88.87128574392887,-1,-1,-1,-1
1497,139,-29.706806042413604,495.84450217713334,348.8914969620531,211.38564774317547,-1,-1,-1,-1
1498,137,666.2357551499414,553.30981825503,96.93302621893088,90.00028494684261,-1,-1,-1,-1
1499,137,662.0246910132486,554.068724510945,96.23467097591481,88.44011810265704,-1,-1,-1,-1
1500,137,649.627743195596,552.4323091807984,98.69169938384255,91.73581898723569,-1,-1,-1,-1
1501,93,786.1156985363538,557.9977991546824,78.68291361275271,75.99885724168507,-1,-1,-1,-1
1501,137,642.5030330802501,551.8392606805942,99.58442094850182,92.94542766098789,-1,-1,-1,-1
1502,93,779.6582651688509,556.4962102614899,79.76893197326251,77.04691480503323,-1,-1,-1,-1
1502,137,638.1116840016703,551.6438808560669,101.5565169146114,94.67324339392428,-1,-1,-1,-1
1503,137,631.6688943186882,550.948427531801,101.74134766822579,95.2996950992017,-1,-1,-1,-1
1504,137,624.8938086232351,549.4064706373487,106.15716429451709,100.05844238697011,-1,-1,-1,-1
1505,137,619.0566087065309,549.4799726421444,106.86041500276735,101.19697851924263,-1,-1,-1,-1
1506,137,614.1953065710608,548.2510103976398,108.75566297759303,102.87811983347456,-1,-1,-1,-1
1507,137,605.8453001666405,544.5653744013206,111.74311213767658,106.7152460406478,-1,-1,-1,-1
1508,137,598.9923009951302,541.8857970726615,114.00201321526481,108.79295186917125,-1,-1,-1,-1
1509,93,761.5637173499626,550.9916157819367,87.7810871505319,81.00565642504444,-1,-1,-1,-1
1509,137,594.0302998607875,538.2952097498542,118.5043837343917,112.12413789690947,-1,-1,-1,-1
1510,93,759.4085189821413,551.4610172207772,90.70743625713101,82.61174518970165,-1,-1,-1,-1
1510,137,587.0197189421503,537.5835976187857,122.36727903278597,114.00517268268993,-1,-1,-1,-1
1511,93,757.8078903044325,550.2496132711688,92.03323180824225,83.12261609740244,-1,-1,-1,-1
1511,137,577.7475702951077,536.7135322315277,123.73426188046335,115.31766022929924,-1,-1,-1,-1
1512,93,755.2797961683908,549.47682149543,92.84004763485325,83.84894395088725,-1,-1,-1,-1
1512,137,572.8085319813732,534.4844104140825,127.27052020042242,117.0541751303997,-1,-1,-1,-1
1513,137,559.7078289325467,531.0804096749105,133.25038805597387,122.19176786878984,-1,-1,-1,-1
1514,93,747.3397160736669,550.5306802858362,96.91714944837656,85.89319046476714,-1,-1,-1,-1
1514,137,551.4018509494217,530.4481862919945,136.57543742370535,124.1199396211723,-1,-1,-1,-1
1515,93,744.5871862931427,550.0412235320427,97.81267172448065,86.68400076187368,-1,-1,-1,-1
1515,137,538.5045797580945,530.2628991320281,137.56576880542138,124.7965404085362,-1,-1,-1,-1
1516,93,742.1860119048666,550.6906381866542,99.28139018388731,87.10142593609692,-1,-1,-1,-1
1516,137,529.886443784103,528.9524263761947,142.30959604515022,128.86833010507098,-1,-1,-1,-1
1517,93,739.7622035765769,548.0836200385523,102.90153464133994,89.97296893980342,-1,-1,-1,-1
1517,137,521.325622978273,525.9151376604461,147.89436148447646,133.59049736206157,-1,-1,-1,-1
1518,93,738.2261829564359,547.8170066354214,103.60538687919927,90.33124515292684,-1,-1,-1,-1
1518,137,508.8728011281436,525.4142657405148,150.10167719484184,135.3643908231744,-1,-1,-1,-1
1519,93,732.552997921988,545.7757013535243,107.00679587019408,93.04735096434979,-1,-1,-1,-1
1519,137,496.3124502934771,522.6979045321578,153.85097873903203,139.19332857635789,-1,-1,-1,-1
1520,93,729.7361663725237,545.0493967084964,108.27718875341054,94.14848719643476,-1,-1,-1,-1
1520,137,486.48997314138836,520.4046981548269,158.5499911448647,141.89009638088908,-1,-1,-1,-1
1521,93,731.1905041604882,544.0754722317719,106.84046885901591,92.7590911702872,-1,-1,-1,-1
1521,137,472.0212966880912,516.9867730179043,164.1015558913017,146.72097349876708,-1,-1,-1,-1
1522,93,726.2337692003691,542.4328549441567,109.97834102268462,95.22182080914388,-1,-1,-1,-1
1522,137,453.68691017540897,511.2225916831004,170.9589371080255,152.36682260803752,-1,-1,-1,-1
1523,93,725.7298045548257,543.1612056205543,109.26843071438373,94.12970633830719,-1,-1,-1,-1
1523,137,438.4403651769549,505.18926075623995,180.6573630895171,161.51982376222327,-1,-1,-1,-1
1524,93,723.3318263066559,542.4799110121439,110.2089406978306,94.93613250154624,-1,-1,-1,-1
1524,137,428.48897386581143,502.88201278255553,183.32592024105725,163.76116697011105,-1,-1,-1,-1
1525,93,715.4906841238364,539.6346242676518,114.2901557962507,97.4880945269183,-1,-1,-1,-1
1525,137,411.8551284520453,493.7303886961106,193.71814207526393,172.1995223281058,-1,-1,-1,-1
1526,93,716.3060707210353,538.9117535938738,114.91615637566201,97.49239358661384,-1,-1,-1,-1
1526,137,396.23989517318284,490.2404196837932,199.9618694269576,176.66146298305443,-1,-1,-1,-1
1527,93,713.8141854176193,538.0314193333098,115.961925219602,98.37530134735641,-1,-1,-1,-1
1527,137,377.10293593126335,488.323616303501,204.02261242731652,178.936419699309,-1,-1,-1,-1
1528,93,709.9877155470562,536.2624990122297,119.17332125388839,102.1467038915282,-1,-1,-1,-1
1528,137,359.2537536978176,484.471514986183,214.67405168344044,186.75156758925925,-1,-1,-1,-1
1529,93,702.5419674541397,535.0998056686461,121.37481140719456,103.76768026023137,-1,-1,-1,-1
1529,137,340.11957122241813,480.5058347438144,223.97636248812694,192.86842237202222,-1,-1,-1,-1
1530,93,695.6898833999343,532.7378837022375,125.28055286452047,106.94517940185119,-1,-1,-1,-1
1530,137,315.9121308714635,477.76352150132095,229.71557771122883,195.78995377937758,-1,-1,-1,-1
1531,93,692.2000331414886,531.6158105519273,126.9318999631887,108.35028803552837,-1,-1,-1,-1
1531,137,291.77269971684166,471.6638472827226,241.97894123140588,205.12492717378223,-1,-1,-1,-1
1532,93,686.465197914043,531.643159150046,131.5442696819449,110.70514748829783,-1,-1,-1,-1
1532,137,265.60543754730867,466.1959139047279,252.92260564046336,213.0920504554171,-1,-1,-1,-1
1533,93,683.2562399026655,531.5359550295358,133.81239095850685,112.7289511219011,-1,-1,-1,-1
1533,137,242.12753764282357,460.958434214777,265.1603046342407,219.9156806112416,-1,-1,-1,-1
1534,93,678.5014736392305,530.2130092318349,139.28732509562747,115.393375528202,-1,-1,-1,-1
1534,137,212.98229886482298,454.5431744161507,279.3247656159384,230.0984098039727,-1,-1,-1,-1
1535,93,681.3965158846014,530.3787602571869,140.50176843674205,117.66135429832264,-1,-1,-1,-1
1535,137,181.11589102568377,445.15057813527284,295.36396582022974,242.83530611807163,-1,-1,-1,-1
1536,93,674.9870948891629,528.5378963002253,143.2958254244868,119.13121596134613,-1,-1,-1,-1
1536,137,157.62291952103956,440.27657199296914,304.0250243440215,248.36006763922614,-1,-1,-1,-1
1537,93,672.4445199976811,527.2061826552584,145.92970954497048,120.93582867895543,-1,-1,-1,-1
1537,137,118.51499597176223,429.5741029317576,324.66942269963636,264.34919576184643,-1,-1,-1,-1
1538,93,659.0008586043731,524.7810850813951,150.00354157339098,122.22323549884322,-1,-1,-1,-1
1538,137,81.31301333461533,421.083529970673,337.5784911031585,274.2410005522329,-1,-1,-1,-1
1539,93,652.1892899614841,522.5804357762856,156.25877186802427,125.25648672334034,-1,-1,-1,-1
1539,137,37.709614141147654,405.1885025768662,364.4630717618609,296.9557281209803,-1,-1,-1,-1
1540,93,646.4737727456776,521.1234209255393,159.23216650631684,126.37108748750245,-1,-1,-1,-1
1540,137,1.9968921555372674,397.16077667235027,380.9700119433288,311.37019334098545,-1,-1,-1,-1
1541,93,637.9351504176354,517.35768897897,168.71471421168656,133.22761889811954,-1,-1,-1,-1
1541,137,-23.859096217788448,385.9449547465821,394.6350998548522,326.99313977489624,-1,-1,-1,-1
1542,93,630.7271538193623,516.5883983492864,173.33860134883537,135.1637269047161,-1,-1,-1,-1
1542,137,-36.696970295171894,377.86068041234364,396.7305412007703,334.2598591065806,-1,-1,-1,-1
1543,93,634.0831719807336,515.7014329657021,173.3376283560092,136.48354209470654,-1,-1,-1,-1
1543,137,-64.32171172390454,352.0338232481478,414.74148716680816,361.55405554599776,-1,-1,-1,-1
1544,93,629.3567587396476,514.7610971319315,178.53258566774093,138.21163235291579,-1,-1,-1,-1
1544,137,-77.79023263290352,336.45194225414025,418.9090545636508,378.9225358983449,-1,-1,-1,-1
1545,93,625.3870254392746,514.4445290064248,180.48488100343002,139.45509932446885,-1,-1,-1,-1
1545,137,-82.51694791605586,340.4113938985598,400.30712373002297,376.86184215622893,-1,-1,-1,-1
1546,93,624.3556470053696,512.422809376455,184.32340189414447,143.10676997675375,-1,-1,-1,-1
1546,137,-91.18569885724119,338.6057142275132,378.4884251462719,374.21303622834785,-1,-1,-1,-1
1547,93,610.3794757877487,511.03797427611073,188.587454005047,145.74012533026155,-1,-1,-1,-1
1547,137,-113.6514602359876,331.2570641058916,387.7209167168427,383.3433347579461,-1,-1,-1,-1
1548,93,599.0650345155418,509.89946726583156,193.12157681766848,148.62732828042869,-1,-1,-1,-1
1549,93,593.9577002694014,507.564231283622,198.48881442228355,152.90273777191987,-1,-1,-1,-1
1550,93,590.0563441458822,502.1939901392598,202.07877979602256,157.0620457035272,-1,-1,-1,-1
1551,93,583.1722140427381,500.14779842423275,208.66231475512313,158.6014347048797,-1,-1,-1,-1
1552,93,582.2285055581053,496.82696057042125,211.89613822696128,162.98500438035427,-1,-1,-1,-1
1553,93,579.8141442312965,492.3815512377843,214.22949872936852,167.81880671706682,-1,-1,-1,-1
1554,93,575.3029204091018,490.7134513562763,213.4871640465051,169.61432436804773,-1,-1,-1,-1
1555,93,541.528523512772,483.679575649909,225.72320255888383,176.023847118155,-1,-1,-1,-1
1556,93,521.6929898956917,476.5432431546469,237.24491425602434,182.26244113393886,-1,-1,-1,-1
1557,93,508.7815114600457,472.54998499533,244.06845932358834,185.88689608135718,-1,-1,-1,-1
1558,93,498.28234673375385,469.1590379222595,249.04230994312394,187.1890738283049,-1,-1,-1,-1
1559,93,499.1104139060504,462.7772572902333,257.12919720068834,194.67990281910312,-1,-1,-1,-1
1560,93,486.2511886803306,460.4041517115103,263.21361195397986,197.47542791037267,-1,-1,-1,-1
1561,93,495.71418530120303,455.7356014271076,265.97385977918685,202.9470363358251,-1,-1,-1,-1
1562,93,457.2841420390323,449.52995057552715,281.5844950902656,212.02619986360475,-1,-1,-1,-1
1563,93,435.609783394799,443.3831753145343,293.07763413841235,218.00661287376425,-1,-1,-1,-1
1564,93,453.80833767291716,441.08253242975405,296.3917001144043,222.7823621642995,-1,-1,-1,-1
1565,93,412.2017427763661,434.5403498273047,314.26848424230906,234.1308065788462,-1,-1,-1,-1
1566,93,391.4895245763123,429.54997159505206,325.52269525790757,240.33443393340235,-1,-1,-1,-1
1567,93,366.47591230845177,421.962376430664,345.5753473818541,252.83959903052005,-1,-1,-1,-1
1568,93,342.0666304869751,415.931714628447,363.45308830586055,265.8332495262939,-1,-1,-1,-1
1569,93,343.5171817080806,413.03373952270346,370.2725490298438,273.351140916191,-1,-1,-1,-1
1570,93,337.8599121150502,403.7712334735522,385.54347312980053,289.48559144534903,-1,-1,-1,-1
1571,93,292.8788353205122,394.5704205314204,403.0621602406316,301.33130641000844,-1,-1,-1,-1
1572,93,295.60474351503126,389.77566758842624,409.5012948153412,309.00104283291273,-1,-1,-1,-1
1573,93,280.87669989770916,377.2334819180569,427.22874816302283,325.14714135319014,-1,-1,-1,-1
1574,93,255.7392645182835,364.2349653408346,445.53114633861884,341.3930009758037,-1,-1,-1,-1
1575,93,229.8592272763167,346.61489009122874,479.98199632913474,366.53446713973926,-1,-1,-1,-1
1576,93,163.43254059200524,334.1398960877516,508.9172485371373,385.0589379842745,-1,-1,-1,-1
1577,93,117.5285703247556,323.04363956624036,532.1549306207648,399.76406667090566,-1,-1,-1,-1
1578,93,93.74959983519517,306.853803842654,562.9912722435192,422.3406075762913,-1,-1,-1,-1
1579,93,37.793015070265085,287.4525529056798,601.8409818286743,448.5858101010781,-1,-1,-1,-1
1580,93,1.746174706382135,258.65155323803725,637.8613326328694,476.28752872414606,-1,-1,-1,-1
1581,93,-6.010216340557349,240.4369720327732,660.8899645417767,492.70813633893107,-1,-1,-1,-1
1582,93,-48.84826259308659,201.94914994062276,708.5539831858489,537.8976472444577,-1,-1,-1,-1
1583,93,-69.68747538944217,185.10390106251452,712.1100377792284,552.3890712537701,-1,-1,-1,-1
1584,93,-70.40399625927591,183.74805783222195,688.9371675459588,544.4404868371562,-1,-1,-1,-1
1585,93,-81.041817590822,175.48594586644327,686.861470748762,555.8667960027547,-1,-1,-1,-1
1586,93,-104.35040116119518,163.08141526709676,704.8181231775686,570.3690335836018,-1,-1,-1,-1
1586,137,-22.935342955550823,182.29726151475757,531.1037739191481,543.002875799498,-1,-1,-1,-1
1587,137,-18.240156062064614,156.9722099107094,548.2332948000405,575.6944882621492,-1,-1,-1,-1
1588,137,-19.832175492465325,151.91317279190235,542.932068553777,585.8990074379456,-1,-1,-1,-1
1589,137,-37.50691998280587,140.17276796942798,536.8409269236805,604.9423786472737,-1,-1,-1,-1
1589,145,474.0076521147661,520.9840018218566,190.20269229755365,150.35466423752462,-1,-1,-1,-1
1590,137,-42.46484625884892,125.31980239723106,539.0399379507074,628.4798667523692,-1,-1,-1,-1
1590,145,461.7479169600127,518.0835776708702,195.09484614487832,154.22189643883974,-1,-1,-1,-1
1591,137,-57.42731486232793,104.77790080385432,544.6547017104348,662.7628501385792,-1,-1,-1,-1
1591,145,440.11923254830316,514.1675658066263,200.73050120629267,157.15424939878073,-1,-1,-1,-1
1592,137,-62.07863484133236,95.55148452344628,556.0248753716716,676.6163091725352,-1,-1,-1,-1
1592,145,421.4444073164389,510.2861357248844,215.47590090019656,167.38530259119443,-1,-1,-1,-1
1593,145,384.0920019092537,502.96158138972794,233.73329823294824,178.84759704658563,-1,-1,-1,-1
1594,145,361.46128666223603,498.987594194631,245.9713454819762,186.29444832460217,-1,-1,-1,-1
1595,145,341.1337298820762,496.2975272832532,256.71004364502676,190.91005975789176,-1,-1,-1,-1
1596,145,327.0049126436112,503.2011187303303,254.34951804211403,184.6653042925837,-1,-1,-1,-1
1597,145,290.36469804772815,492.9191022652936,287.4467799025187,206.9972759761294,-1,-1,-1,-1
1598,145,250.7740080890923,481.6229047018437,324.13302144252907,232.11233459958498,-1,-1,-1,-1
1599,145,226.53267586816023,475.2778116609468,338.82416584148507,241.50292899219994,-1,-1,-1,-1
1600,145,182.86868896849708,469.0456566424349,361.33664474737407,254.4622697737576,-1,-1,-1,-1
1601,145,145.41678059475063,461.0274508171092,384.19587024841223,268.8229127165298,-1,-1,-1,-1
1602,145,115.28791647393595,457.3060834587941,391.9660161897467,269.96512145221413,-1,-1,-1,-1
1603,145,72.95599975850135,436.26632459310645,416.7106114029136,285.2804816421328,-1,-1,-1,-1
1604,145,27.78872489264387,423.77137054768025,437.89734153270757,297.36718844028894,-1,-1,-1,-1
1605,145,-7.014952223752147,407.6022547478343,464.58098056156985,317.0478125346789,-1,-1,-1,-1
1606,145,-35.64144495683121,400.19916167963163,479.7725368068893,327.414863260386,-1,-1,-1,-1
