16,11,950.76,556.34,67.03999999999996,74.75999999999999,1,-1,-1,-1
17,11,950.06,555.6,67.24000000000001,75.12,1,-1,-1,-1
18,11,949.36,554.87,67.43999999999994,75.47000000000003,1,-1,-1,-1
19,11,948.66,554.13,67.63999999999999,75.83000000000004,1,-1,-1,-1
20,11,947.96,553.4,67.83999999999992,76.18000000000006,1,-1,-1,-1
21,11,947.26,552.66,68.03999999999996,76.54000000000008,1,-1,-1,-1
22,11,947.08,553.26,68.39999999999998,77.13999999999999,1,-1,-1,-1
23,11,946.91,553.85,68.75,77.75,1,-1,-1,-1
24,11,946.73,554.45,69.11000000000001,78.34999999999991,1,-1,-1,-1
25,11,946.56,555.04,69.46000000000004,78.96000000000004,1,-1,-1,-1
26,11,946.38,555.64,69.82000000000005,79.56000000000006,1,-1,-1,-1
27,11,946.56,556.17,71.16000000000008,80.09000000000003,1,-1,-1,-1
28,11,946.73,556.69,72.50999999999999,80.63,1,-1,-1,-1
29,11,946.91,557.22,73.85000000000002,81.15999999999997,1,-1,-1,-1
30,11,947.08,557.74,75.19999999999993,81.70000000000005,1,-1,-1,-1
31,11,947.26,558.27,76.53999999999996,82.23000000000002,1,-1,-1,-1
32,11,947.46,558.15,77.39999999999986,82.81000000000006,1,-1,-1,-1
33,11,947.67,558.04,78.25000000000011,83.38,1,-1,-1,-1
34,11,947.87,557.92,79.11000000000001,83.96000000000004,1,-1,-1,-1
35,11,948.08,557.81,79.95999999999992,84.53000000000009,1,-1,-1,-1
36,11,948.28,557.69,80.81999999999994,85.1099999999999,1,-1,-1,-1
37,11,948.49,556.57,81.45000000000005,85.90999999999997,1,-1,-1,-1
38,11,948.7,555.45,82.07999999999993,86.70999999999992,1,-1,-1,-1
39,11,948.91,554.32,82.70999999999992,87.51999999999998,1,-1,-1,-1
40,11,949.12,553.2,83.34000000000003,88.31999999999994,1,-1,-1,-1
41,11,949.33,552.08,83.96999999999991,89.12,1,-1,-1,-1
42,11,949.54,550.57,85.20000000000005,89.82999999999993,1,-1,-1,-1
43,11,949.75,549.06,86.43000000000006,90.54000000000008,1,-1,-1,-1
44,11,949.96,547.56,87.65999999999985,91.24000000000001,1,-1,-1,-1
45,11,950.17,546.05,88.88999999999999,91.95000000000005,1,-1,-1,-1
46,11,950.38,544.54,90.12,92.66000000000008,1,-1,-1,-1
47,11,950.73,543.83,90.88999999999987,93.32999999999993,1,-1,-1,-1
48,11,951.09,543.12,91.64999999999998,94.0,1,-1,-1,-1
49,11,951.44,542.42,92.41999999999985,94.66000000000008,1,-1,-1,-1
50,11,951.8,541.71,93.18000000000006,95.32999999999993,1,-1,-1,-1
51,11,952.15,541.0,93.94999999999993,96.0,1,-1,-1,-1
52,11,952.3,540.9,95.03999999999996,96.92000000000007,1,-1,-1,-1
53,11,952.45,540.8,96.12999999999988,97.84000000000003,1,-1,-1,-1
54,11,952.61,540.7,97.20999999999992,98.75999999999999,1,-1,-1,-1
55,11,952.76,540.6,98.29999999999995,99.67999999999995,1,-1,-1,-1
56,11,952.91,540.5,99.38999999999999,100.60000000000002,1,-1,-1,-1
57,11,953.26,540.85,100.25999999999999,101.61000000000001,1,-1,-1,-1
58,11,953.61,541.2,101.13,102.62,1,-1,-1,-1
59,11,953.96,541.55,102.0,103.63,1,-1,-1,-1
60,11,954.31,541.9,102.87000000000012,104.63999999999999,1,-1,-1,-1
61,11,954.66,542.25,103.74000000000012,105.64999999999998,1,-1,-1,-1
62,11,955.43,542.78,104.88999999999999,106.84000000000003,1,-1,-1,-1
63,11,956.2,543.3,106.03999999999996,108.04000000000008,1,-1,-1,-1
64,11,956.98,543.83,107.18000000000006,109.2299999999999,1,-1,-1,-1
65,11,957.75,544.35,108.32999999999993,110.42999999999995,1,-1,-1,-1
66,11,958.52,544.88,109.48000000000002,111.62,1,-1,-1,-1
67,11,959.27,544.43,110.73000000000002,112.61000000000001,1,-1,-1,-1
68,11,960.01,543.98,111.99000000000001,113.60000000000002,1,-1,-1,-1
69,11,960.76,543.54,113.24000000000001,114.58000000000004,1,-1,-1,-1
70,11,961.5,543.09,114.5,115.56999999999994,1,-1,-1,-1
71,11,962.25,542.64,115.75,116.56000000000006,1,-1,-1,-1
72,11,963.08,541.15,117.27999999999986,117.85000000000002,1,-1,-1,-1
73,11,963.91,539.66,118.81000000000006,119.13999999999999,1,-1,-1,-1
74,11,964.74,538.16,120.33999999999992,120.44000000000005,1,-1,-1,-1
75,11,965.57,536.67,121.87,121.73000000000002,1,-1,-1,-1
76,11,966.4,535.18,123.39999999999998,123.0200000000001,1,-1,-1,-1
77,11,967.25,534.93,125.02999999999997,124.07000000000005,1,-1,-1,-1
78,11,968.09,534.68,126.66999999999996,125.12,1,-1,-1,-1
79,11,968.94,534.43,128.29999999999995,126.17000000000007,1,-1,-1,-1
80,11,969.78,534.18,129.94000000000005,127.22000000000003,1,-1,-1,-1
81,11,970.63,533.93,131.57000000000005,128.2700000000001,1,-1,-1,-1
82,11,971.47,533.93,133.47000000000003,129.71000000000004,1,-1,-1,-1
83,11,972.3,533.93,135.3800000000001,131.1500000000001,1,-1,-1,-1
84,11,973.14,533.93,137.2800000000001,132.59000000000003,1,-1,-1,-1
85,11,973.97,533.93,139.19000000000005,134.0300000000001,1,-1,-1,-1
86,11,974.81,533.93,141.09000000000015,135.47000000000003,1,-1,-1,-1
87,11,976.0,533.68,142.98000000000002,136.96000000000004,1,-1,-1,-1
88,11,977.2,533.43,144.8599999999999,138.45000000000005,1,-1,-1,-1
89,11,978.39,533.19,146.7500000000001,139.92999999999995,1,-1,-1,-1
90,11,979.59,532.94,148.63,141.41999999999996,1,-1,-1,-1
91,11,980.78,532.69,150.51999999999998,142.90999999999997,1,-1,-1,-1
92,11,981.62,532.27,153.0200000000001,144.59000000000003,1,-1,-1,-1
93,11,982.45,531.85,155.52999999999997,146.26999999999998,1,-1,-1,-1
94,11,983.29,531.44,158.02999999999997,147.93999999999994,1,-1,-1,-1
95,11,984.12,531.02,160.54000000000008,149.62,1,-1,-1,-1
96,11,984.96,530.6,163.03999999999996,151.29999999999995,1,-1,-1,-1
97,11,986.11,529.1,165.55000000000007,153.07999999999993,1,-1,-1,-1
98,11,987.25,527.59,168.06999999999994,154.87,1,-1,-1,-1
99,11,988.4,526.09,170.58000000000004,156.64999999999998,1,-1,-1,-1
100,11,989.54,524.58,173.10000000000014,158.43999999999994,1,-1,-1,-1
101,11,990.69,523.08,175.6099999999999,160.2199999999999,1,-1,-1,-1
102,11,992.12,521.93,178.4799999999999,162.09000000000003,1,-1,-1,-1
103,11,993.56,520.78,181.34000000000015,163.96000000000004,1,-1,-1,-1
104,11,994.99,519.64,184.21000000000004,165.82000000000005,1,-1,-1,-1
105,11,996.43,518.49,187.07000000000005,167.68999999999994,1,-1,-1,-1
106,11,997.86,517.34,189.93999999999994,169.55999999999995,1,-1,-1,-1
107,11,999.11,516.09,194.2499999999999,172.13,1,-1,-1,-1
108,11,1000.37,514.83,198.55000000000007,174.70999999999992,1,-1,-1,-1
109,11,1001.62,513.58,202.86,177.27999999999997,1,-1,-1,-1
110,11,1002.88,512.32,207.15999999999997,179.8599999999999,1,-1,-1,-1
111,11,1004.13,511.07,211.4699999999999,182.43,1,-1,-1,-1
112,11,1005.49,509.35,215.8499999999999,184.87,1,-1,-1,-1
113,11,1006.85,507.63,220.2299999999999,187.31000000000006,1,-1,-1,-1
114,11,1008.21,505.91,224.6099999999999,189.74999999999994,1,-1,-1,-1
115,11,1009.57,504.19,228.9899999999999,192.19,1,-1,-1,-1
116,11,1010.93,502.47,233.37,194.63,1,-1,-1,-1
117,11,1012.65,500.89,238.94999999999993,198.51,1,-1,-1,-1
118,11,1014.37,499.32,244.5300000000001,202.38000000000005,1,-1,-1,-1
119,11,1016.09,497.74,250.11,206.26,1,-1,-1,-1
120,11,1017.81,496.17,255.69000000000005,210.12999999999994,1,-1,-1,-1
121,11,1019.53,494.59,261.27,214.01000000000005,1,-1,-1,-1
122,11,1021.42,493.39,268.65999999999997,217.19000000000005,1,-1,-1,-1
123,11,1023.31,492.18,276.04999999999995,220.37999999999994,1,-1,-1,-1
124,11,1025.21,490.98,283.43000000000006,223.55999999999995,1,-1,-1,-1
125,11,1027.1,489.77,290.82000000000016,226.75,1,-1,-1,-1
126,11,1028.99,488.57,298.21000000000004,229.93,1,-1,-1,-1
127,11,1031.05,486.94,307.59000000000015,234.78000000000003,1,-1,-1,-1
128,11,1033.12,485.3,316.96000000000004,239.64000000000004,1,-1,-1,-1
129,11,1035.18,483.67,326.3399999999999,244.48999999999995,1,-1,-1,-1
130,11,1037.25,482.03,335.71000000000004,249.35000000000002,1,-1,-1,-1
131,11,1039.31,480.4,345.09000000000015,254.20000000000005,1,-1,-1,-1
132,11,1041.89,478.51,357.3499999999999,260.27,1,-1,-1,-1
133,11,1044.47,476.62,369.6099999999999,266.34000000000003,1,-1,-1,-1
134,11,1047.05,474.72,381.8700000000001,272.41999999999996,1,-1,-1,-1
135,11,1049.63,472.83,394.1299999999999,278.49000000000007,1,-1,-1,-1
136,11,1052.21,470.94,406.3899999999999,284.56,1,-1,-1,-1
137,11,1055.25,465.69,421.8499999999999,294.59,1,-1,-1,-1
138,11,1058.29,460.45,437.30999999999995,304.60999999999996,1,-1,-1,-1
139,11,1061.32,455.2,452.78,314.64000000000004,1,-1,-1,-1
140,11,1064.36,449.96,468.24,324.66,1,-1,-1,-1
141,11,1067.4,444.71,483.6999999999998,334.69,1,-1,-1,-1
142,11,1070.9,437.31,505.42999999999984,348.59,1,-1,-1,-1
143,11,1074.41,429.9,527.1599999999999,362.5,1,-1,-1,-1
144,11,1077.91,422.5,548.8899999999999,376.4,1,-1,-1,-1
145,11,1081.41,412.82,574.9399999999998,392.88000000000005,1,-1,-1,-1
146,11,1084.91,403.14,600.99,411.86,1,-1,-1,-1
147,11,1088.42,393.46,627.03,430.84,1,-1,-1,-1
148,11,1091.92,383.78,653.0799999999999,449.82000000000005,1,-1,-1,-1
149,11,1097.11,372.14,684.2900000000002,472.86,1,-1,-1,-1
150,11,1102.31,360.5,715.49,495.9,1,-1,-1,-1
151,11,1107.5,348.86,746.7,518.9399999999999,1,-1,-1,-1
152,11,1113.07,329.39,774.03,555.11,1,-1,-1,-1
153,11,1118.63,309.92,801.3699999999999,591.28,1,-1,-1,-1
154,11,1124.19,290.45,795.81,616.75,1,-1,-1,-1
155,11,1129.76,270.97,790.24,642.23,1,-1,-1,-1
156,11,1135.32,251.5,784.6800000000001,667.7,1,-1,-1,-1
157,11,1142.01,224.0,777.99,693.86,1,-1,-1,-1
158,11,1148.7,195.8,771.3,720.73,1,-1,-1,-1
159,11,1155.38,161.1,764.6199999999999,754.09,1,-1,-1,-1
160,11,1162.07,111.35,757.9300000000001,802.5,1,-1,-1,-1
161,11,1170.62,125.26,749.3800000000001,802.5,1,-1,-1,-1
162,11,1178.58,128.35,741.4200000000001,799.41,1,-1,-1,-1
163,11,1186.54,131.44,733.46,796.3199999999999,1,-1,-1,-1
164,11,1194.51,134.52,725.49,793.24,1,-1,-1,-1
165,11,1202.47,137.61,717.53,790.15,1,-1,-1,-1
166,11,1210.43,140.7,709.5699999999999,787.06,1,-1,-1,-1
167,11,1223.52,147.08,696.48,788.1899999999999,1,-1,-1,-1
168,11,1236.62,153.46,683.3800000000001,789.3199999999999,1,-1,-1,-1
169,11,1249.71,159.84,670.29,790.4399999999999,1,-1,-1,-1
170,11,1262.81,166.22,657.19,791.5699999999999,1,-1,-1,-1
171,11,1275.9,172.6,644.0999999999999,792.6999999999999,1,-1,-1,-1
172,11,1292.0,175.99,628.0,792.7,1,-1,-1,-1
173,11,1308.1,179.38,611.9000000000001,792.7,1,-1,-1,-1
174,11,1324.2,182.77,595.8,792.7,1,-1,-1,-1
175,11,1344.74,186.16,575.26,792.7,1,-1,-1,-1
176,11,1365.27,189.55,554.73,792.7,1,-1,-1,-1
177,11,1390.25,188.4,529.75,794.51,1,-1,-1,-1
178,11,1415.22,167.1,504.78,816.47,1,-1,-1,-1
179,11,1440.2,143.9,479.79999999999995,840.33,1,-1,-1,-1
180,11,1471.1,113.7,448.9000000000001,871.1899999999999,1,-1,-1,-1
181,11,1505.7,84.5,414.29999999999995,901.05,1,-1,-1,-1
182,11,1544.15,51.0,375.8499999999999,935.21,1,-1,-1,-1
183,11,1582.6,17.5,337.4000000000001,969.38,1,-1,-1,-1
184,2,740.97,565.5,64.28999999999996,77.79999999999995,1,-1,-1,-1
184,11,1634.3,8.75,285.70000000000005,978.79,1,-1,-1,-1
185,2,737.55,565.08,65.53000000000009,79.01999999999998,1,-1,-1,-1
185,11,1686.9,0.0,233.0999999999999,988.2,1,-1,-1,-1
186,2,734.13,564.67,66.76999999999998,80.23000000000002,1,-1,-1,-1
186,11,1747.9,2.14,172.0999999999999,988.2,1,-1,-1,-1
187,2,730.19,564.01,67.50999999999999,81.23000000000002,1,-1,-1,-1
187,11,1808.9,4.28,111.09999999999991,988.2,1,-1,-1,-1
188,2,726.25,563.34,68.25,82.24000000000001,1,-1,-1,-1
188,11,1875.1,6.42,44.90000000000009,988.2,1,-1,-1,-1
189,2,722.31,562.68,68.99000000000001,83.24000000000001,1,-1,-1,-1
190,2,718.37,562.01,69.73000000000002,84.25,1,-1,-1,-1
191,2,714.43,561.35,70.47000000000003,85.25,1,-1,-1,-1
192,2,710.15,560.65,71.21000000000004,86.79000000000008,1,-1,-1,-1
193,2,705.87,559.96,71.95000000000005,88.31999999999994,1,-1,-1,-1
194,2,701.59,559.26,72.68999999999994,89.86000000000001,1,-1,-1,-1
195,2,697.31,558.57,73.43000000000006,91.38999999999999,1,-1,-1,-1
196,2,693.03,557.87,74.17000000000007,92.92999999999995,1,-1,-1,-1
197,2,687.6,557.07,75.51999999999998,95.00999999999999,1,-1,-1,-1
198,2,682.18,556.28,76.86000000000001,97.08000000000004,1,-1,-1,-1
199,2,676.75,555.48,78.21000000000004,99.15999999999997,1,-1,-1,-1
200,2,671.33,554.69,79.54999999999995,101.2299999999999,1,-1,-1,-1
201,2,665.9,553.89,80.89999999999998,103.31000000000006,1,-1,-1,-1
202,2,659.27,552.44,82.93000000000006,105.95999999999992,1,-1,-1,-1
203,2,652.92,552.23,84.91000000000008,107.53999999999996,1,-1,-1,-1
204,2,646.57,552.01,86.88,109.13999999999999,1,-1,-1,-1
205,2,640.22,551.8,88.86000000000001,110.72000000000003,1,-1,-1,-1
206,2,633.87,551.58,90.83000000000004,112.31999999999994,1,-1,-1,-1
207,2,626.6,549.84,93.01999999999998,115.5,1,-1,-1,-1
208,2,619.34,548.1,95.19999999999993,118.67999999999995,1,-1,-1,-1
209,2,612.07,546.35,97.38999999999999,121.87,1,-1,-1,-1
210,2,604.81,544.61,99.57000000000005,125.04999999999995,1,-1,-1,-1
211,2,597.54,542.87,101.75999999999999,128.23000000000002,1,-1,-1,-1
212,2,589.18,540.98,106.6400000000001,132.5,1,-1,-1,-1
213,2,580.82,539.09,111.51999999999998,136.76999999999998,1,-1,-1,-1
214,2,572.45,537.19,116.40999999999997,141.04999999999995,1,-1,-1,-1
215,2,564.09,535.3,121.28999999999996,145.32000000000005,1,-1,-1,-1
216,2,555.73,533.41,126.16999999999996,149.59000000000003,1,-1,-1,-1
217,2,547.82,531.48,128.69999999999993,154.81999999999994,1,-1,-1,-1
218,2,539.91,529.54,131.23000000000002,160.06000000000006,1,-1,-1,-1
219,2,532.0,527.61,133.76,165.28999999999996,1,-1,-1,-1
220,2,518.61,525.67,141.76999999999998,170.5300000000001,1,-1,-1,-1
221,2,505.21,523.74,149.79000000000002,175.76,1,-1,-1,-1
222,2,490.81,520.01,162.29000000000002,182.78999999999996,1,-1,-1,-1
223,2,476.4,516.28,170.10000000000002,189.82000000000005,1,-1,-1,-1
224,2,462.0,512.56,177.89999999999998,196.84000000000003,1,-1,-1,-1
225,2,447.6,508.84,185.69999999999993,203.86000000000007,1,-1,-1,-1
226,2,433.19,505.11,193.51000000000005,210.89,1,-1,-1,-1
227,2,411.83,499.85,208.17000000000002,220.89,1,-1,-1,-1
228,2,390.47,494.58,222.82999999999993,230.90000000000003,1,-1,-1,-1
229,2,369.12,489.32,237.48000000000002,240.90000000000003,1,-1,-1,-1
230,2,347.76,484.05,252.14,250.91000000000003,1,-1,-1,-1
231,2,326.4,478.79,266.80000000000007,260.91,1,-1,-1,-1
232,2,296.65,468.47,286.80000000000007,277.73,1,-1,-1,-1
233,2,266.9,458.15,306.80000000000007,294.55000000000007,1,-1,-1,-1
234,2,230.15,447.83,331.75,311.37000000000006,1,-1,-1,-1
235,2,193.39,437.51,351.11,328.19000000000005,1,-1,-1,-1
236,2,156.64,427.19,376.15999999999997,345.01000000000005,1,-1,-1,-1
237,2,112.06,414.93,410.73999999999995,369.52000000000004,1,-1,-1,-1
238,2,67.48,402.67,434.12,394.03000000000003,1,-1,-1,-1
239,2,0.0,375.9,485.3,423.4,1,-1,-1,-1
240,2,0.0,369.98,463.4,431.91999999999996,1,-1,-1,-1
241,2,0.0,345.09,442.7,463.86000000000007,1,-1,-1,-1
242,2,0.0,320.2,411.6,495.8,1,-1,-1,-1
243,2,0.0,313.52,386.5,498.03,1,-1,-1,-1
244,2,0.0,306.83,355.7,500.27000000000004,1,-1,-1,-1
245,2,0.0,316.12,313.7,500.27,1,-1,-1,-1
246,2,0.0,325.4,273.6,500.27,1,-1,-1,-1
247,2,0.0,329.12,229.9,500.27,1,-1,-1,-1
248,2,0.0,332.84,172.22,500.27000000000004,1,-1,-1,-1
249,2,0.0,336.55,114.53,500.27000000000004,1,-1,-1,-1
250,2,0.0,335.06,47.1,500.27000000000004,1,-1,-1,-1
1577,6,778.6,589.94,73.57999999999993,68.39999999999998,1,-1,-1,-1
1578,6,777.15,590.56,74.11000000000001,68.82000000000005,1,-1,-1,-1
1579,6,775.69,591.19,74.64999999999998,69.2299999999999,1,-1,-1,-1
1580,6,774.24,591.81,75.17999999999995,69.65000000000009,1,-1,-1,-1
1581,6,772.79,592.43,75.71000000000004,70.07000000000005,1,-1,-1,-1
1582,6,771.06,592.96,76.48000000000002,70.77999999999997,1,-1,-1,-1
1583,6,769.34,593.5,77.24000000000001,71.48000000000002,1,-1,-1,-1
1584,6,767.61,594.03,78.00999999999999,72.19000000000005,1,-1,-1,-1
1585,6,765.89,594.57,78.76999999999998,72.88999999999999,1,-1,-1,-1
1586,6,764.16,595.1,79.54000000000008,73.60000000000002,1,-1,-1,-1
1587,6,761.92,594.9,80.74000000000001,74.74000000000001,1,-1,-1,-1
1588,6,759.68,594.7,81.94000000000005,75.88,1,-1,-1,-1
1589,6,757.44,594.5,83.13999999999999,77.01999999999998,1,-1,-1,-1
1590,6,755.2,594.3,84.33999999999992,78.16000000000008,1,-1,-1,-1
1591,6,752.96,594.1,85.53999999999996,79.29999999999995,1,-1,-1,-1
1592,6,750.96,592.48,86.19999999999993,79.91999999999996,1,-1,-1,-1
1593,6,748.95,590.85,86.87,80.54999999999995,1,-1,-1,-1
1593,8,824.53,571.66,67.91000000000008,73.96000000000004,1,-1,-1,-1
1594,6,746.95,589.23,87.52999999999997,81.16999999999996,1,-1,-1,-1
1594,8,823.45,570.1,68.40999999999997,74.27999999999997,1,-1,-1,-1
1595,6,744.94,587.6,88.19999999999993,81.79999999999995,1,-1,-1,-1
1595,8,822.38,568.55,68.89999999999998,74.59000000000003,1,-1,-1,-1
1596,6,742.94,585.98,88.8599999999999,82.41999999999996,1,-1,-1,-1
1596,8,821.3,566.99,69.40000000000009,74.90999999999997,1,-1,-1,-1
1597,6,740.41,585.19,90.14999999999998,83.66999999999996,1,-1,-1,-1
1597,8,820.3,566.12,70.10000000000002,75.48000000000002,1,-1,-1,-1
1598,6,737.88,584.4,91.44000000000005,84.92000000000007,1,-1,-1,-1
1598,8,819.31,565.25,70.79000000000008,76.04999999999995,1,-1,-1,-1
1599,6,735.35,583.62,92.73000000000002,86.15999999999997,1,-1,-1,-1
1599,8,818.31,564.38,71.49000000000001,76.62,1,-1,-1,-1
1600,6,732.82,582.83,94.01999999999998,87.40999999999997,1,-1,-1,-1
1600,8,817.32,563.51,72.17999999999995,77.19000000000005,1,-1,-1,-1
1601,6,730.29,582.04,95.31000000000006,88.66000000000008,1,-1,-1,-1
1601,8,816.32,562.64,72.88,77.75999999999999,1,-1,-1,-1
1602,6,727.51,582.0,96.38999999999999,89.58000000000004,1,-1,-1,-1
1602,8,815.28,562.93,73.38,78.21000000000004,1,-1,-1,-1
1603,6,724.73,581.96,97.47000000000003,90.5,1,-1,-1,-1
1603,8,814.25,563.22,73.87,78.65999999999997,1,-1,-1,-1
1604,6,721.95,581.91,98.54999999999995,91.43000000000006,1,-1,-1,-1
1604,8,813.21,563.51,74.37,79.11000000000001,1,-1,-1,-1
1605,6,719.17,581.87,99.63,92.35000000000002,1,-1,-1,-1
1605,8,812.18,563.8,74.86000000000001,79.56000000000006,1,-1,-1,-1
1606,6,716.39,581.83,100.71000000000004,93.26999999999998,1,-1,-1,-1
1606,8,811.14,564.09,75.36000000000001,80.00999999999999,1,-1,-1,-1
1607,6,713.32,582.45,101.41999999999996,94.34999999999991,1,-1,-1,-1
1607,8,810.06,564.5,75.94000000000005,80.63999999999999,1,-1,-1,-1
1608,6,710.25,583.08,102.13,95.41999999999996,1,-1,-1,-1
1608,8,808.98,564.92,76.51999999999998,81.25999999999999,1,-1,-1,-1
1609,6,707.19,583.7,102.82999999999993,96.5,1,-1,-1,-1
1609,8,807.91,565.33,77.09000000000003,81.88999999999999,1,-1,-1,-1
1610,6,704.12,584.33,103.53999999999996,97.56999999999994,1,-1,-1,-1
1610,8,806.83,565.75,77.66999999999996,82.50999999999999,1,-1,-1,-1
1611,6,701.05,584.95,104.25,98.64999999999998,1,-1,-1,-1
1611,8,805.75,566.16,78.25,83.13999999999999,1,-1,-1,-1
1612,6,697.17,585.2,106.83000000000004,100.0,1,-1,-1,-1
1612,8,804.21,566.46,79.08999999999992,83.67999999999995,1,-1,-1,-1
1613,6,693.29,585.45,109.41000000000008,101.34999999999991,1,-1,-1,-1
1613,8,802.66,566.76,79.94000000000005,84.22000000000003,1,-1,-1,-1
1614,6,689.4,585.69,112.0,102.70999999999992,1,-1,-1,-1
1614,8,801.12,567.05,80.77999999999997,84.7700000000001,1,-1,-1,-1
1615,6,685.52,585.94,114.58000000000004,104.05999999999995,1,-1,-1,-1
1615,8,799.57,567.35,81.63,85.30999999999995,1,-1,-1,-1
1616,6,681.64,586.19,117.15999999999997,105.40999999999997,1,-1,-1,-1
1616,8,798.03,567.65,82.47000000000003,85.85000000000002,1,-1,-1,-1
1617,6,677.51,584.85,119.28999999999996,106.99000000000001,1,-1,-1,-1
1617,8,797.43,566.6,82.73000000000002,86.25999999999999,1,-1,-1,-1
1618,6,673.38,583.5,121.41999999999996,108.58000000000004,1,-1,-1,-1
1618,8,796.82,565.55,83.0,86.67000000000007,1,-1,-1,-1
1619,6,669.25,582.16,123.54999999999995,110.16000000000008,1,-1,-1,-1
1619,8,796.22,564.5,83.25999999999999,87.08000000000004,1,-1,-1,-1
1620,6,665.12,580.81,125.67999999999995,111.75,1,-1,-1,-1
1620,8,795.61,563.45,83.52999999999997,87.49000000000001,1,-1,-1,-1
1621,6,660.99,579.47,127.80999999999995,113.32999999999993,1,-1,-1,-1
1621,8,795.01,562.4,83.78999999999996,87.89999999999998,1,-1,-1,-1
1622,6,656.69,578.99,130.3699999999999,115.13,1,-1,-1,-1
1622,8,794.42,562.16,84.70000000000005,88.66000000000008,1,-1,-1,-1
1623,6,652.39,578.51,132.93000000000006,116.93000000000006,1,-1,-1,-1
1623,8,793.83,561.92,85.61000000000001,89.42000000000007,1,-1,-1,-1
1624,6,648.09,578.04,135.49,118.72000000000003,1,-1,-1,-1
1624,8,793.25,561.67,86.50999999999999,90.19000000000005,1,-1,-1,-1
1625,6,643.79,577.56,138.05000000000007,120.5200000000001,1,-1,-1,-1
1625,8,792.66,561.43,87.42000000000007,90.95000000000005,1,-1,-1,-1
1626,6,639.49,577.08,140.61,122.31999999999994,1,-1,-1,-1
1626,8,792.07,561.19,88.32999999999993,91.70999999999992,1,-1,-1,-1
1627,6,634.23,576.13,143.06999999999994,125.52999999999997,1,-1,-1,-1
1627,8,791.32,560.69,88.9799999999999,92.30999999999995,1,-1,-1,-1
1628,6,628.98,575.17,145.51999999999998,128.75,1,-1,-1,-1
1628,8,790.58,560.19,89.62,92.90999999999997,1,-1,-1,-1
1629,6,623.72,574.22,147.98000000000002,131.95999999999992,1,-1,-1,-1
1629,8,789.83,559.7,90.26999999999998,93.5,1,-1,-1,-1
1630,6,618.47,573.26,150.42999999999995,135.18000000000006,1,-1,-1,-1
1630,8,789.09,559.2,90.90999999999997,94.09999999999991,1,-1,-1,-1
1631,6,613.21,572.31,152.89,138.3900000000001,1,-1,-1,-1
1631,8,788.34,558.7,91.55999999999995,94.69999999999993,1,-1,-1,-1
1632,6,606.5,571.71,156.84000000000003,140.37,1,-1,-1,-1
1632,8,787.56,558.4,92.40000000000009,95.54000000000008,1,-1,-1,-1
1633,6,599.79,571.11,160.79000000000008,142.35000000000002,1,-1,-1,-1
1633,8,786.79,558.1,93.23000000000002,96.38,1,-1,-1,-1
1634,6,593.09,570.5,164.73000000000002,144.34000000000003,1,-1,-1,-1
1634,8,786.01,557.81,94.07000000000005,97.21000000000004,1,-1,-1,-1
1635,6,586.38,569.9,168.67999999999995,146.32000000000005,1,-1,-1,-1
1635,8,785.24,557.51,94.89999999999998,98.04999999999995,1,-1,-1,-1
1636,6,579.67,569.3,172.63,148.30000000000007,1,-1,-1,-1
1636,8,784.46,557.21,95.74000000000001,98.88999999999999,1,-1,-1,-1
1637,6,571.76,568.61,177.27999999999997,151.90999999999997,1,-1,-1,-1
1637,8,783.84,556.96,96.48000000000002,99.75999999999999,1,-1,-1,-1
1638,6,563.85,567.92,181.92999999999995,155.5200000000001,1,-1,-1,-1
1638,8,783.22,556.71,97.22000000000003,100.63,1,-1,-1,-1
1639,6,555.93,567.24,186.59000000000003,159.12,1,-1,-1,-1
1639,8,782.59,556.47,97.96999999999991,101.49000000000001,1,-1,-1,-1
1640,6,548.02,566.55,191.24,162.73000000000002,1,-1,-1,-1
1640,8,781.97,556.22,98.70999999999992,102.36000000000001,1,-1,-1,-1
1641,6,540.11,565.86,195.89,166.34000000000003,1,-1,-1,-1
1641,8,781.35,555.97,99.44999999999993,103.23000000000002,1,-1,-1,-1
1642,6,529.65,563.64,202.05000000000007,170.72000000000003,1,-1,-1,-1
1642,8,779.64,554.02,101.39999999999998,104.98000000000002,1,-1,-1,-1
1643,6,519.19,561.42,208.20999999999992,175.10000000000002,1,-1,-1,-1
1643,8,777.93,552.07,103.35000000000002,106.7299999999999,1,-1,-1,-1
1644,6,508.72,559.19,214.38,179.4899999999999,1,-1,-1,-1
1644,8,776.22,550.12,105.29999999999995,108.48000000000002,1,-1,-1,-1
1645,6,498.26,556.97,220.53999999999996,183.87,1,-1,-1,-1
1645,8,774.51,548.17,107.25,110.23000000000002,1,-1,-1,-1
1646,6,487.8,554.75,226.7,188.25,1,-1,-1,-1
1646,8,772.8,546.22,109.20000000000005,111.98000000000002,1,-1,-1,-1
1647,6,474.18,553.02,234.87999999999994,193.44000000000005,1,-1,-1,-1
1647,8,771.67,545.62,110.03000000000009,112.93999999999994,1,-1,-1,-1
1648,6,460.56,551.28,243.06,198.64,1,-1,-1,-1
1648,8,770.53,545.02,110.87,113.89999999999998,1,-1,-1,-1
1649,6,446.93,549.55,251.24999999999994,203.83000000000004,1,-1,-1,-1
1649,8,769.4,544.43,111.70000000000005,114.85000000000002,1,-1,-1,-1
1650,6,433.31,547.81,259.43,209.0300000000001,1,-1,-1,-1
1650,8,768.26,543.83,112.53999999999996,115.80999999999995,1,-1,-1,-1
1651,6,419.69,546.08,267.60999999999996,214.2199999999999,1,-1,-1,-1
1651,8,767.13,543.23,113.37,116.76999999999998,1,-1,-1,-1
1652,6,401.73,544.22,278.75,222.01999999999998,1,-1,-1,-1
1652,8,765.16,542.69,115.04000000000008,118.32999999999993,1,-1,-1,-1
1653,6,383.78,542.36,289.88,229.81999999999994,1,-1,-1,-1
1653,8,763.2,542.16,116.69999999999993,119.88,1,-1,-1,-1
1654,6,365.82,540.51,301.02000000000004,237.61,1,-1,-1,-1
1654,8,761.23,541.62,118.37,121.43999999999994,1,-1,-1,-1
1655,6,347.87,538.65,312.15,245.40999999999997,1,-1,-1,-1
1655,8,759.27,541.09,120.02999999999997,122.99000000000001,1,-1,-1,-1
1656,6,329.91,536.79,323.29,253.21000000000004,1,-1,-1,-1
1656,8,757.3,540.55,121.70000000000005,124.55000000000007,1,-1,-1,-1
1657,6,306.01,533.82,338.27,262.62,1,-1,-1,-1
1657,8,755.81,540.13,122.41000000000008,125.63,1,-1,-1,-1
1658,6,282.11,530.85,353.25,272.03,1,-1,-1,-1
1658,8,754.32,539.71,123.12,126.70999999999992,1,-1,-1,-1
1659,6,258.21,527.87,368.2300000000001,281.45000000000005,1,-1,-1,-1
1659,8,752.82,539.3,123.83999999999992,127.78000000000009,1,-1,-1,-1
1660,6,234.31,524.9,383.21,290.86,1,-1,-1,-1
1660,8,751.33,538.88,124.54999999999995,128.86,1,-1,-1,-1
1661,6,210.41,521.93,398.19000000000005,300.2700000000001,1,-1,-1,-1
1661,8,749.84,538.46,125.25999999999999,129.93999999999994,1,-1,-1,-1
1662,6,179.95,518.34,416.63000000000005,319.5799999999999,1,-1,-1,-1
1662,8,747.09,537.92,127.46999999999991,131.56000000000006,1,-1,-1,-1
1663,6,149.48,514.75,435.0799999999999,338.89,1,-1,-1,-1
1663,8,744.34,537.38,129.67999999999995,133.17999999999995,1,-1,-1,-1
1664,6,119.02,511.15,453.52,358.21000000000004,1,-1,-1,-1
1664,8,741.6,536.85,131.88,134.78999999999996,1,-1,-1,-1
1665,6,88.55,507.56,471.96999999999997,377.52000000000004,1,-1,-1,-1
1665,8,738.85,536.31,134.09000000000003,136.41000000000008,1,-1,-1,-1
1666,6,58.09,503.97,490.40999999999997,396.8299999999999,1,-1,-1,-1
1666,8,736.1,535.77,136.29999999999995,138.02999999999997,1,-1,-1,-1
1667,6,16.2,498.4,517.8,413.9,1,-1,-1,-1
1667,8,733.52,534.69,138.03999999999996,139.76999999999998,1,-1,-1,-1
1668,6,0.0,492.83,519.5,430.96999999999997,1,-1,-1,-1
1668,8,730.94,533.62,139.77999999999997,141.5,1,-1,-1,-1
1669,6,0.0,487.26,501.65,436.89,1,-1,-1,-1
1669,8,728.36,532.54,141.51999999999998,143.24,1,-1,-1,-1
1670,6,0.0,481.69,483.8,442.81,1,-1,-1,-1
1670,8,725.78,531.47,143.26,144.97000000000003,1,-1,-1,-1
1671,6,0.0,472.77,463.7,460.63,1,-1,-1,-1
1671,8,723.2,530.39,145.0,146.71000000000004,1,-1,-1,-1
1672,6,0.0,464.6,445.87,460.63,1,-1,-1,-1
1672,8,720.33,529.53,146.87,148.29000000000008,1,-1,-1,-1
1673,6,0.0,464.41,420.61,460.62999999999994,1,-1,-1,-1
1673,8,717.47,528.67,148.73000000000002,149.87,1,-1,-1,-1
1674,6,0.0,464.23,395.35,460.63,1,-1,-1,-1
1674,8,714.6,527.81,150.60000000000002,151.45000000000005,1,-1,-1,-1
1675,6,0.0,464.04,370.08,460.62999999999994,1,-1,-1,-1
1675,8,711.74,526.95,152.46000000000004,153.02999999999997,1,-1,-1,-1
1676,6,0.0,463.85,344.82,460.63,1,-1,-1,-1
1676,8,708.87,526.09,154.33000000000004,154.61,1,-1,-1,-1
1677,6,0.0,473.68,310.5,458.37999999999994,1,-1,-1,-1
1677,8,705.21,525.09,157.04999999999995,156.61,1,-1,-1,-1
1678,6,0.0,483.5,276.17,456.14,1,-1,-1,-1
1678,8,701.56,524.09,159.7600000000001,158.61,1,-1,-1,-1
1679,6,0.0,544.63,241.85,402.59000000000003,1,-1,-1,-1
1679,8,697.9,523.08,162.48000000000002,160.62,1,-1,-1,-1
1680,6,0.0,605.77,207.52,349.03,1,-1,-1,-1
1680,8,694.25,522.08,165.19000000000005,162.62,1,-1,-1,-1
1681,6,0.0,666.9,173.2,295.48,1,-1,-1,-1
1681,8,690.59,521.08,167.90999999999997,164.62,1,-1,-1,-1
1682,6,0.0,683.65,121.3,312.14,1,-1,-1,-1
1682,8,687.06,519.36,170.4000000000001,167.12,1,-1,-1,-1
1683,6,0.0,695.32,74.47,262.4799999999999,1,-1,-1,-1
1683,8,683.54,517.64,172.88,169.62,1,-1,-1,-1
1684,8,680.01,515.92,175.37,172.12,1,-1,-1,-1
1685,8,676.49,514.2,177.85000000000002,174.62,1,-1,-1,-1
1686,8,672.96,512.48,180.33999999999992,177.12,1,-1,-1,-1
1687,8,668.54,510.75,183.38,180.64999999999998,1,-1,-1,-1
1688,8,664.12,509.02,186.41999999999996,184.18000000000006,1,-1,-1,-1
1689,8,659.71,507.28,189.44999999999993,187.72000000000003,1,-1,-1,-1
1690,8,655.29,505.55,192.49,191.24999999999994,1,-1,-1,-1
1691,8,650.87,503.82,195.52999999999997,194.78000000000003,1,-1,-1,-1
1692,8,645.49,502.24,199.68999999999994,198.08000000000004,1,-1,-1,-1
1693,8,640.12,500.67,203.84000000000003,201.36999999999995,1,-1,-1,-1
1694,8,634.74,499.09,208.0,204.67000000000002,1,-1,-1,-1
1695,8,629.37,497.52,212.14999999999998,207.96000000000004,1,-1,-1,-1
1696,8,623.99,495.94,216.30999999999995,211.26000000000005,1,-1,-1,-1
1697,8,617.4,493.97,220.96000000000004,214.63,1,-1,-1,-1
1698,8,610.8,492.0,225.62,218.0,1,-1,-1,-1
1699,8,604.21,490.04,230.26999999999998,221.35999999999996,1,-1,-1,-1
1700,8,597.61,488.07,234.92999999999995,224.72999999999996,1,-1,-1,-1
1701,8,591.02,486.1,239.58000000000004,228.10000000000002,1,-1,-1,-1
1702,8,584.43,482.6,244.2700000000001,232.69999999999993,1,-1,-1,-1
1703,8,576.43,479.38,250.72000000000003,237.26999999999998,1,-1,-1,-1
1704,8,568.43,476.15,257.1700000000001,241.85000000000002,1,-1,-1,-1
1705,8,560.44,472.93,263.6099999999999,246.42000000000002,1,-1,-1,-1
1706,8,552.44,469.7,270.05999999999995,251.00000000000006,1,-1,-1,-1
1707,8,543.05,466.29,277.59000000000003,256.78000000000003,1,-1,-1,-1
1708,8,533.66,462.89,285.12,262.53999999999996,1,-1,-1,-1
1709,8,524.27,459.48,292.65,268.31999999999994,1,-1,-1,-1
1710,8,514.88,456.08,300.17999999999995,273.82,1,-1,-1,-1
1711,8,505.49,452.67,307.71000000000004,279.33,1,-1,-1,-1
1712,8,493.6,449.7,317.24,286.26000000000005,1,-1,-1,-1
1713,8,481.71,446.73,326.77000000000004,293.18999999999994,1,-1,-1,-1
1714,8,469.83,443.75,336.29,300.13,1,-1,-1,-1
1715,8,457.94,440.78,345.82,307.06000000000006,1,-1,-1,-1
1716,8,446.05,437.81,355.34999999999997,313.98999999999995,1,-1,-1,-1
1717,8,432.02,432.47,366.56000000000006,323.78999999999996,1,-1,-1,-1
1718,8,418.0,427.12,377.76,333.6,1,-1,-1,-1
1719,8,401.34,421.77,391.6000000000001,340.33000000000004,1,-1,-1,-1
1720,8,387.0,416.42,403.12,351.68,1,-1,-1,-1
1721,8,368.03,411.07,419.27,363.03000000000003,1,-1,-1,-1
1722,8,350.81,404.12,433.29,371.48,1,-1,-1,-1
1723,8,333.6,397.16,447.29999999999995,388.54,1,-1,-1,-1
1724,8,311.2,390.2,466.50000000000006,398.59999999999997,1,-1,-1,-1
1725,8,288.8,383.25,485.7,410.95000000000005,1,-1,-1,-1
1726,8,266.4,376.29,504.9,426.41,1,-1,-1,-1
1727,8,243.1,366.79,524.1,446.71,1,-1,-1,-1
1728,8,215.87,357.29,547.23,461.16,1,-1,-1,-1
1729,8,188.63,347.79,570.37,475.60999999999996,1,-1,-1,-1
1730,8,161.39,338.29,593.51,490.06,1,-1,-1,-1
1731,8,134.16,328.79,616.64,504.50999999999993,1,-1,-1,-1
1732,8,100.28,316.66,645.89,535.54,1,-1,-1,-1
1733,8,66.39,304.54,675.14,566.56,1,-1,-1,-1
1734,8,32.51,292.41,704.39,597.5899999999999,1,-1,-1,-1
1735,8,0.0,278.29,730.5,618.1099999999999,1,-1,-1,-1
1736,8,0.0,259.8,729.0,652.0,1,-1,-1,-1
1737,8,0.0,244.39,721.3,668.0600000000001,1,-1,-1,-1
1738,8,0.0,228.98,713.6,684.12,1,-1,-1,-1
1739,8,0.0,211.01,706.6,713.69,1,-1,-1,-1
1740,8,0.0,209.72,699.6,713.6899999999999,1,-1,-1,-1
1741,8,0.0,189.82,692.45,744.49,1,-1,-1,-1
1742,8,0.0,169.92,685.3,775.2800000000001,1,-1,-1,-1
1743,8,0.0,147.6,676.2,802.72,1,-1,-1,-1
1744,8,0.0,140.4,667.1,815.0500000000001,1,-1,-1,-1
1745,8,0.0,141.34,658.0,819.24,1,-1,-1,-1
1746,8,0.0,142.28,648.9,823.4200000000001,1,-1,-1,-1
1747,8,0.0,135.86,636.5,823.42,1,-1,-1,-1
1748,8,0.0,133.3,626.4,819.56,1,-1,-1,-1
1749,8,0.0,130.73,612.6,820.85,1,-1,-1,-1
1750,8,0.0,128.16,598.8,822.13,1,-1,-1,-1
1751,8,0.0,125.59,585.0,823.42,1,-1,-1,-1
1752,8,0.0,121.8,566.5,826.95,1,-1,-1,-1
1753,8,0.0,122.7,547.2,825.79,1,-1,-1,-1
1754,8,0.0,121.0,525.3,827.23,1,-1,-1,-1
1755,8,0.0,107.6,501.1,840.36,1,-1,-1,-1
1756,8,0.0,75.52,476.9,872.1800000000001,1,-1,-1,-1
1757,8,0.0,37.76,445.44,904.8100000000001,1,-1,-1,-1
1758,8,0.0,0.0,413.99,937.43,1,-1,-1,-1
1759,8,0.0,0.0,375.4,965.52,1,-1,-1,-1
1760,8,0.0,0.0,329.1,993.61,1,-1,-1,-1
1761,8,0.0,0.0,282.8,1021.7,1,-1,-1,-1
1762,8,0.0,0.0,229.39,1011.43,1,-1,-1,-1
1763,8,0.0,0.0,175.98,1001.16,1,-1,-1,-1
1764,8,0.0,0.0,122.57,990.89,1,-1,-1,-1
1765,8,0.0,0.0,33.7,413.1,1,-1,-1,-1
