1,20,1056.47,132.19,645.0899999999999,698.01,1,-1,-1,-1
2,20,1057.35,129.11,648.72,702.63,1,-1,-1,-1
3,20,1058.23,126.02,652.3599999999999,707.26,1,-1,-1,-1
4,20,1059.11,122.94,655.99,711.8800000000001,1,-1,-1,-1
5,20,1059.99,119.85,659.6299999999999,716.51,1,-1,-1,-1
6,20,1060.88,116.77,663.25,721.13,1,-1,-1,-1
7,20,1061.76,113.69,666.8800000000001,725.75,1,-1,-1,-1
8,20,1062.64,110.6,670.52,730.38,1,-1,-1,-1
9,20,1063.52,107.52,674.1500000000001,735.0,1,-1,-1,-1
10,20,1064.4,104.43,677.79,739.6299999999999,1,-1,-1,-1
11,20,1065.28,101.35,681.4200000000001,744.25,1,-1,-1,-1
12,20,1066.6,96.46,686.71,750.86,1,-1,-1,-1
13,20,1067.92,91.57,692.0,757.47,1,-1,-1,-1
14,20,1069.25,86.68,697.28,764.0799999999999,1,-1,-1,-1
15,20,1070.57,81.79,702.5700000000002,770.69,1,-1,-1,-1
16,20,1071.89,76.89,707.8599999999999,777.3100000000001,1,-1,-1,-1
17,20,1073.21,72.0,713.1499999999999,783.92,1,-1,-1,-1
18,20,1074.53,67.11,718.44,790.53,1,-1,-1,-1
19,20,1075.86,62.22,723.72,797.14,1,-1,-1,-1
20,20,1077.18,57.33,729.01,803.75,1,-1,-1,-1
21,20,1078.5,52.44,734.3,810.3599999999999,1,-1,-1,-1
22,20,1080.4,46.4,740.9699999999998,819.26,1,-1,-1,-1
23,20,1082.31,40.35,747.6300000000001,828.17,1,-1,-1,-1
24,20,1084.21,34.31,754.3,837.0699999999999,1,-1,-1,-1
25,20,1086.12,28.27,760.96,845.97,1,-1,-1,-1
26,20,1088.02,22.23,767.6300000000001,854.87,1,-1,-1,-1
27,20,1089.92,16.19,774.3,863.77,1,-1,-1,-1
28,20,1091.83,10.14,780.96,872.6800000000001,1,-1,-1,-1
29,20,1093.73,4.1,787.6299999999999,881.5799999999999,1,-1,-1,-1
30,20,1095.63,0.0,794.3,888.54,1,-1,-1,-1
31,20,1097.54,0.0,800.96,891.4,1,-1,-1,-1
32,20,1099.13,0.0,806.54,906.2,1,-1,-1,-1
33,20,1100.71,0.0,812.1199999999999,921.0,1,-1,-1,-1
34,20,1102.3,0.0,817.7,935.8,1,-1,-1,-1
35,20,1104.34,0.0,815.6600000000001,939.43,1,-1,-1,-1
36,20,1106.39,0.0,813.6099999999999,943.06,1,-1,-1,-1
37,20,1108.43,0.0,811.5699999999999,946.69,1,-1,-1,-1
38,20,1110.47,0.0,809.53,950.31,1,-1,-1,-1
39,20,1112.51,0.0,807.49,953.94,1,-1,-1,-1
40,20,1114.56,0.0,805.44,957.57,1,-1,-1,-1
41,20,1116.6,0.0,803.4000000000001,961.2,1,-1,-1,-1
42,20,1118.45,0.0,801.55,960.94,1,-1,-1,-1
43,20,1120.3,0.0,799.7,960.67,1,-1,-1,-1
44,20,1122.15,0.0,797.8499999999999,960.41,1,-1,-1,-1
45,20,1124.0,0.0,796.0,960.14,1,-1,-1,-1
46,20,1125.86,0.0,794.1400000000001,959.88,1,-1,-1,-1
47,20,1127.71,0.0,792.29,959.62,1,-1,-1,-1
48,20,1129.56,0.0,790.44,959.35,1,-1,-1,-1
49,20,1131.41,0.0,788.5899999999999,959.09,1,-1,-1,-1
50,20,1133.26,0.0,786.74,958.82,1,-1,-1,-1
51,20,1135.11,0.0,784.8900000000001,958.56,1,-1,-1,-1
52,20,1137.39,0.0,782.6099999999999,958.56,1,-1,-1,-1
53,20,1139.67,0.0,780.3299999999999,958.56,1,-1,-1,-1
54,20,1141.95,0.0,778.05,958.56,1,-1,-1,-1
55,20,1144.23,0.0,775.77,958.56,1,-1,-1,-1
56,20,1146.51,0.0,773.49,958.56,1,-1,-1,-1
57,20,1148.78,0.0,771.22,958.56,1,-1,-1,-1
58,20,1151.06,0.0,768.94,958.56,1,-1,-1,-1
59,20,1153.34,0.0,766.6600000000001,958.56,1,-1,-1,-1
60,20,1155.62,0.0,764.3800000000001,958.56,1,-1,-1,-1
61,20,1157.9,0.0,762.0999999999999,958.56,1,-1,-1,-1
62,20,1160.37,0.0,759.6300000000001,958.56,1,-1,-1,-1
63,20,1162.84,0.0,757.1600000000001,958.56,1,-1,-1,-1
64,20,1165.31,0.0,754.69,958.56,1,-1,-1,-1
65,20,1167.78,0.0,752.22,958.56,1,-1,-1,-1
66,20,1170.25,0.0,749.75,958.56,1,-1,-1,-1
67,20,1172.72,0.0,747.28,958.56,1,-1,-1,-1
68,20,1175.19,0.0,744.81,958.56,1,-1,-1,-1
69,20,1177.66,0.0,742.3399999999999,958.56,1,-1,-1,-1
70,20,1180.13,0.0,739.8699999999999,958.56,1,-1,-1,-1
71,20,1182.6,0.0,737.4000000000001,958.56,1,-1,-1,-1
72,20,1187.23,0.0,732.77,958.56,1,-1,-1,-1
73,20,1191.86,0.0,728.1400000000001,958.56,1,-1,-1,-1
74,20,1196.49,0.0,723.51,958.56,1,-1,-1,-1
75,20,1201.12,0.0,718.8800000000001,958.56,1,-1,-1,-1
76,20,1205.75,0.0,714.25,958.56,1,-1,-1,-1
77,20,1210.38,0.0,709.6199999999999,958.56,1,-1,-1,-1
78,20,1215.01,0.0,704.99,958.56,1,-1,-1,-1
79,20,1219.64,0.0,700.3599999999999,958.56,1,-1,-1,-1
80,20,1224.27,0.0,695.73,958.56,1,-1,-1,-1
81,20,1228.9,0.0,691.0999999999999,958.56,1,-1,-1,-1
82,20,1234.77,0.0,685.23,963.0,1,-1,-1,-1
83,20,1240.64,0.0,679.3599999999999,967.45,1,-1,-1,-1
84,20,1246.51,0.0,673.49,971.89,1,-1,-1,-1
85,20,1252.38,0.0,667.6199999999999,976.34,1,-1,-1,-1
86,20,1258.25,0.0,661.75,980.78,1,-1,-1,-1
87,20,1264.12,0.0,655.8800000000001,985.22,1,-1,-1,-1
88,20,1269.99,0.0,650.01,989.67,1,-1,-1,-1
89,20,1275.86,0.0,644.1400000000001,994.11,1,-1,-1,-1
90,20,1281.73,0.0,638.27,998.56,1,-1,-1,-1
91,20,1287.6,0.0,632.4000000000001,1003.0,1,-1,-1,-1
92,20,1295.74,0.0,624.26,1003.0,1,-1,-1,-1
93,20,1303.89,0.0,616.1099999999999,1003.0,1,-1,-1,-1
94,20,1312.03,0.0,607.97,1003.0,1,-1,-1,-1
95,20,1320.17,0.0,599.8299999999999,1003.0,1,-1,-1,-1
96,20,1328.31,0.0,591.69,1003.0,1,-1,-1,-1
97,20,1336.46,0.0,583.54,1003.0,1,-1,-1,-1
98,20,1344.6,0.0,575.4000000000001,1003.0,1,-1,-1,-1
99,20,1355.13,0.0,564.8699999999999,1003.0,1,-1,-1,-1
100,20,1365.67,0.0,554.3299999999999,1003.0,1,-1,-1,-1
101,20,1376.2,0.0,543.8,1003.0,1,-1,-1,-1
102,20,1389.52,0.0,530.48,1003.0,1,-1,-1,-1
103,20,1402.84,0.0,517.1600000000001,1003.0,1,-1,-1,-1
104,20,1416.16,0.0,503.8399999999999,1003.0,1,-1,-1,-1
105,20,1429.48,0.0,490.52,1003.0,1,-1,-1,-1
106,20,1442.8,0.0,477.20000000000005,1003.0,1,-1,-1,-1
107,20,1456.12,0.0,463.8800000000001,1003.0,1,-1,-1,-1
108,20,1469.44,0.0,450.55999999999995,1003.0,1,-1,-1,-1
109,20,1482.76,0.0,437.24,1003.0,1,-1,-1,-1
110,20,1496.08,0.0,423.9200000000001,1003.0,1,-1,-1,-1
110,21,989.53,571.65,65.53999999999996,76.80000000000007,1,-1,-1,-1
111,20,1509.4,0.0,410.5999999999999,1003.0,1,-1,-1,-1
111,21,989.42,571.39,65.98000000000013,77.21000000000004,1,-1,-1,-1
112,20,1530.56,0.0,389.44000000000005,1003.0,1,-1,-1,-1
112,21,989.34,570.85,66.06000000000006,77.49000000000001,1,-1,-1,-1
113,20,1551.72,0.0,368.28,1003.0,1,-1,-1,-1
113,21,989.27,570.31,66.13000000000011,77.7700000000001,1,-1,-1,-1
114,20,1572.88,0.0,347.1199999999999,1003.0,1,-1,-1,-1
114,21,989.19,569.78,66.21000000000004,78.04000000000008,1,-1,-1,-1
115,20,1594.04,0.0,325.96000000000004,1003.0,1,-1,-1,-1
115,21,989.11,569.24,66.29000000000008,78.31999999999994,1,-1,-1,-1
116,20,1615.2,0.0,304.79999999999995,1003.0,1,-1,-1,-1
116,21,989.03,568.7,66.37000000000012,78.59999999999991,1,-1,-1,-1
117,20,1642.16,0.0,277.8399999999999,1003.0,1,-1,-1,-1
117,21,988.96,568.16,66.44000000000005,78.88,1,-1,-1,-1
118,20,1669.12,0.0,250.8800000000001,1003.0,1,-1,-1,-1
118,21,988.88,567.62,66.5200000000001,79.15999999999997,1,-1,-1,-1
119,20,1696.08,0.0,223.92000000000007,1003.0,1,-1,-1,-1
119,21,988.8,567.09,66.60000000000014,79.42999999999995,1,-1,-1,-1
120,20,1723.04,29.1,196.96000000000004,973.9,1,-1,-1,-1
120,21,988.73,566.55,66.67000000000007,79.71000000000004,1,-1,-1,-1
121,20,1750.0,79.3,170.0,923.7,1,-1,-1,-1
121,21,988.65,566.01,66.75000000000011,79.99000000000001,1,-1,-1,-1
122,20,1781.7,103.1,138.29999999999995,899.9,1,-1,-1,-1
122,21,988.32,565.64,67.40999999999997,80.50999999999999,1,-1,-1,-1
123,20,1813.4,111.0,106.59999999999991,892.0,1,-1,-1,-1
123,21,987.99,565.27,68.06999999999994,81.02999999999997,1,-1,-1,-1
124,20,1851.7,92.5,68.29999999999995,910.5,1,-1,-1,-1
124,21,987.65,564.9,68.74000000000012,81.55000000000007,1,-1,-1,-1
125,20,1883.4,71.3,36.59999999999991,931.7,1,-1,-1,-1
125,21,987.32,564.53,69.39999999999998,82.07000000000005,1,-1,-1,-1
126,20,1909.35,52.98,10.650000000000091,931.6999999999999,1,-1,-1,-1
126,21,986.99,564.16,70.05999999999995,82.59000000000003,1,-1,-1,-1
127,21,986.66,563.8,70.72000000000014,83.10000000000002,1,-1,-1,-1
128,21,986.33,563.43,71.38,83.62,1,-1,-1,-1
129,21,985.99,563.06,72.04999999999995,84.1400000000001,1,-1,-1,-1
130,21,985.66,562.69,72.70999999999992,84.65999999999997,1,-1,-1,-1
131,21,985.33,562.32,73.37,85.17999999999995,1,-1,-1,-1
132,21,985.2,562.14,73.58999999999992,85.75999999999999,1,-1,-1,-1
133,21,985.06,561.97,73.82000000000016,86.32999999999993,1,-1,-1,-1
134,21,984.93,561.79,74.04000000000008,86.91000000000008,1,-1,-1,-1
135,21,984.8,561.61,74.25999999999999,87.49000000000001,1,-1,-1,-1
136,21,984.66,561.43,74.49000000000012,88.07000000000005,1,-1,-1,-1
137,21,984.53,561.26,74.71000000000004,88.63999999999999,1,-1,-1,-1
138,21,984.4,561.08,74.92999999999995,89.21999999999991,1,-1,-1,-1
139,21,984.27,560.9,75.15000000000009,89.80000000000007,1,-1,-1,-1
140,21,984.13,560.73,75.38,90.37,1,-1,-1,-1
141,21,984.0,560.55,75.59999999999991,90.95000000000005,1,-1,-1,-1
142,21,983.67,560.4,76.31000000000006,91.54000000000008,1,-1,-1,-1
143,21,983.33,560.24,77.02999999999986,92.13999999999999,1,-1,-1,-1
144,21,983.0,560.09,77.74000000000001,92.73000000000002,1,-1,-1,-1
145,21,982.67,559.93,78.44999999999993,93.33000000000004,1,-1,-1,-1
146,21,982.34,559.78,79.15999999999997,93.92000000000007,1,-1,-1,-1
147,21,982.0,559.63,79.88000000000011,94.50999999999999,1,-1,-1,-1
148,21,981.67,559.47,80.59000000000003,95.11000000000001,1,-1,-1,-1
149,21,981.34,559.32,81.30000000000007,95.69999999999993,1,-1,-1,-1
150,21,981.0,559.16,82.01999999999998,96.30000000000007,1,-1,-1,-1
151,21,980.67,559.01,82.73000000000013,96.88999999999999,1,-1,-1,-1
152,21,980.39,558.14,83.32000000000005,97.56000000000006,1,-1,-1,-1
153,21,980.11,557.27,83.90999999999997,98.23000000000002,1,-1,-1,-1
154,21,979.83,556.4,84.49999999999989,98.89999999999998,1,-1,-1,-1
155,21,979.55,555.53,85.09000000000015,99.57000000000005,1,-1,-1,-1
156,21,979.26,554.65,85.69000000000005,100.25,1,-1,-1,-1
157,21,978.98,553.78,86.27999999999997,100.92000000000007,1,-1,-1,-1
158,21,978.7,552.91,86.86999999999989,101.59000000000003,1,-1,-1,-1
159,21,978.42,552.04,87.46000000000015,102.25999999999999,1,-1,-1,-1
160,21,978.14,551.17,88.05000000000007,102.93000000000006,1,-1,-1,-1
161,21,977.86,550.3,88.63999999999999,103.60000000000002,1,-1,-1,-1
162,21,977.86,549.74,89.45999999999992,104.37,1,-1,-1,-1
163,21,977.86,549.17,90.28000000000009,105.15000000000009,1,-1,-1,-1
164,21,977.86,548.61,91.10000000000002,105.91999999999996,1,-1,-1,-1
165,21,977.86,548.05,91.91999999999996,106.69000000000005,1,-1,-1,-1
166,21,977.86,547.48,92.7399999999999,107.47000000000003,1,-1,-1,-1
167,21,977.86,546.92,93.56000000000006,108.24000000000001,1,-1,-1,-1
168,21,977.86,546.36,94.38,109.00999999999999,1,-1,-1,-1
169,21,977.86,545.8,95.19999999999993,109.78000000000009,1,-1,-1,-1
170,21,977.86,545.23,96.0200000000001,110.55999999999995,1,-1,-1,-1
171,21,977.86,544.67,96.84000000000003,111.33000000000004,1,-1,-1,-1
172,21,978.4,544.13,97.73000000000013,112.33000000000004,1,-1,-1,-1
173,21,978.93,543.59,98.63,113.32999999999993,1,-1,-1,-1
174,21,979.47,543.06,99.51999999999998,114.32000000000005,1,-1,-1,-1
175,21,980.01,542.52,100.41000000000008,115.32000000000005,1,-1,-1,-1
176,21,980.55,541.98,101.29999999999995,116.31999999999994,1,-1,-1,-1
177,21,981.08,541.44,102.19999999999993,117.31999999999994,1,-1,-1,-1
178,21,981.62,540.9,103.09000000000003,118.32000000000005,1,-1,-1,-1
179,21,982.16,540.37,103.98000000000013,119.30999999999995,1,-1,-1,-1
180,21,982.69,539.83,104.87999999999988,120.30999999999995,1,-1,-1,-1
181,21,983.23,539.29,105.76999999999998,121.31000000000006,1,-1,-1,-1
182,21,983.75,538.55,107.08999999999992,122.75,1,-1,-1,-1
183,21,984.26,537.81,108.42000000000007,124.19000000000005,1,-1,-1,-1
184,21,984.78,537.08,109.74000000000001,125.62,1,-1,-1,-1
185,21,985.3,536.34,111.05999999999995,127.05999999999995,1,-1,-1,-1
186,21,985.82,535.6,112.38,128.5,1,-1,-1,-1
187,21,986.33,534.86,113.70999999999992,129.93999999999994,1,-1,-1,-1
188,21,986.85,534.12,115.03000000000009,131.38,1,-1,-1,-1
189,21,987.37,533.39,116.35000000000002,132.81000000000006,1,-1,-1,-1
190,21,987.88,532.65,117.67999999999995,134.25,1,-1,-1,-1
191,21,988.4,531.91,119.00000000000011,135.69000000000005,1,-1,-1,-1
192,21,989.17,530.32,120.30000000000007,137.13,1,-1,-1,-1
193,21,989.95,528.74,121.58999999999992,138.55999999999995,1,-1,-1,-1
194,21,990.73,527.15,122.87999999999988,140.0,1,-1,-1,-1
195,21,991.5,525.56,124.18000000000006,141.44000000000005,1,-1,-1,-1
196,21,992.27,523.97,125.48000000000002,142.88,1,-1,-1,-1
197,21,993.05,522.39,126.76999999999998,144.31000000000006,1,-1,-1,-1
198,21,993.82,520.8,128.07000000000005,145.75,1,-1,-1,-1
199,21,994.6,519.21,129.36,147.18999999999994,1,-1,-1,-1
200,21,995.38,517.63,130.64999999999998,148.62,1,-1,-1,-1
201,21,996.15,516.04,131.94999999999993,150.06000000000006,1,-1,-1,-1
202,21,996.3,514.97,133.76,151.89999999999998,1,-1,-1,-1
203,21,996.44,513.9,135.57999999999993,153.74,1,-1,-1,-1
204,21,996.59,512.83,137.39,155.57999999999993,1,-1,-1,-1
205,21,996.74,511.76,139.20000000000005,157.41999999999996,1,-1,-1,-1
206,21,996.88,510.69,141.0200000000001,159.26000000000005,1,-1,-1,-1
207,21,997.03,509.63,142.82999999999993,161.09000000000003,1,-1,-1,-1
208,21,997.18,508.56,144.64,162.93,1,-1,-1,-1
209,21,997.33,507.49,146.44999999999993,164.76999999999998,1,-1,-1,-1
210,21,997.47,506.42,148.26999999999998,166.60999999999996,1,-1,-1,-1
211,21,997.62,505.35,150.08000000000004,168.44999999999993,1,-1,-1,-1
212,21,997.93,503.45,152.60000000000002,170.79000000000002,1,-1,-1,-1
213,21,998.24,501.54,155.1199999999999,173.13999999999993,1,-1,-1,-1
214,21,998.55,499.64,157.6400000000001,175.48000000000002,1,-1,-1,-1
215,21,998.86,497.73,160.15999999999997,177.82999999999993,1,-1,-1,-1
216,21,999.17,495.83,162.67999999999995,180.17000000000002,1,-1,-1,-1
217,21,999.48,493.93,165.20000000000005,182.51000000000005,1,-1,-1,-1
218,21,999.79,492.02,167.72000000000003,184.86,1,-1,-1,-1
219,21,1000.1,490.12,170.2399999999999,187.20000000000005,1,-1,-1,-1
220,21,1000.41,488.21,172.7600000000001,189.55,1,-1,-1,-1
221,21,1000.72,486.31,175.27999999999997,191.89000000000004,1,-1,-1,-1
222,21,1001.49,484.55,177.95000000000005,194.86999999999995,1,-1,-1,-1
223,21,1002.25,482.79,180.6300000000001,197.84999999999997,1,-1,-1,-1
224,21,1003.01,481.03,183.30999999999995,200.83000000000004,1,-1,-1,-1
225,21,1003.78,479.27,185.98000000000002,203.81000000000006,1,-1,-1,-1
226,21,1004.55,477.51,188.6500000000001,206.78999999999996,1,-1,-1,-1
227,21,1005.31,475.76,191.33000000000015,209.76,1,-1,-1,-1
228,21,1006.08,474.0,193.9999999999999,212.74,1,-1,-1,-1
229,21,1006.84,472.24,196.67999999999995,215.72000000000003,1,-1,-1,-1
230,21,1007.61,470.48,199.35000000000002,218.69999999999993,1,-1,-1,-1
231,21,1008.37,468.72,202.0300000000001,221.67999999999995,1,-1,-1,-1
232,21,1009.7,467.18,205.48000000000002,225.07999999999998,1,-1,-1,-1
233,21,1011.03,465.64,208.93000000000006,228.48000000000002,1,-1,-1,-1
234,21,1012.35,464.1,212.39,231.88,1,-1,-1,-1
235,21,1013.68,462.56,215.84000000000003,235.28000000000003,1,-1,-1,-1
236,21,1015.01,461.01,219.28999999999996,238.69000000000005,1,-1,-1,-1
237,21,1016.34,459.47,222.7399999999999,242.08999999999992,1,-1,-1,-1
238,21,1017.67,457.93,226.18999999999994,245.48999999999995,1,-1,-1,-1
239,21,1018.99,456.39,229.6500000000001,248.89,1,-1,-1,-1
240,21,1020.32,454.85,233.10000000000002,252.28999999999996,1,-1,-1,-1
241,21,1021.65,453.31,236.55000000000007,255.69,1,-1,-1,-1
242,21,1022.86,450.12,241.19999999999993,259.77,1,-1,-1,-1
243,21,1024.07,446.94,245.85000000000014,263.84,1,-1,-1,-1
244,21,1025.28,443.75,250.5,267.91999999999996,1,-1,-1,-1
245,21,1026.49,440.56,255.1500000000001,271.99999999999994,1,-1,-1,-1
246,21,1027.7,437.38,259.79999999999995,276.07000000000005,1,-1,-1,-1
247,21,1028.92,434.19,264.4399999999998,280.15000000000003,1,-1,-1,-1
248,21,1030.13,431.0,269.0899999999999,284.23,1,-1,-1,-1
249,21,1031.34,427.81,273.74,288.31,1,-1,-1,-1
250,21,1032.55,424.63,278.3900000000001,292.38,1,-1,-1,-1
251,21,1033.76,421.44,283.03999999999996,296.46,1,-1,-1,-1
252,21,1034.46,418.25,288.3299999999999,301.55999999999995,1,-1,-1,-1
253,21,1035.16,415.06,293.6199999999999,306.66,1,-1,-1,-1
254,21,1035.87,411.88,298.9000000000001,311.75,1,-1,-1,-1
255,21,1036.57,408.69,304.19000000000005,316.84999999999997,1,-1,-1,-1
256,21,1037.27,405.5,309.48,321.95000000000005,1,-1,-1,-1
257,21,1037.97,402.31,314.77,327.05,1,-1,-1,-1
258,21,1038.67,399.12,320.05999999999995,332.15,1,-1,-1,-1
259,21,1039.38,395.94,325.3399999999999,337.23999999999995,1,-1,-1,-1
260,21,1040.08,392.75,330.6300000000001,342.34000000000003,1,-1,-1,-1
261,21,1040.78,389.56,335.9200000000001,347.44,1,-1,-1,-1
262,21,1041.61,385.15,342.1600000000001,353.78,1,-1,-1,-1
263,21,1042.43,380.75,348.40999999999985,360.11,1,-1,-1,-1
264,21,1043.26,376.34,354.6500000000001,366.45,1,-1,-1,-1
265,21,1044.08,371.94,360.9000000000001,372.78000000000003,1,-1,-1,-1
266,21,1044.91,367.53,367.1399999999999,379.12,1,-1,-1,-1
267,21,1045.74,363.12,373.3799999999999,385.46000000000004,1,-1,-1,-1
268,21,1046.56,358.72,379.6300000000001,391.78999999999996,1,-1,-1,-1
269,21,1047.39,354.31,385.8699999999999,398.13000000000005,1,-1,-1,-1
270,21,1048.21,349.91,392.1199999999999,404.46,1,-1,-1,-1
271,21,1049.04,345.5,398.3600000000001,410.79999999999995,1,-1,-1,-1
272,21,1049.73,341.37,405.01,417.07000000000005,1,-1,-1,-1
273,21,1050.42,337.24,411.65999999999985,423.34000000000003,1,-1,-1,-1
274,21,1051.1,333.11,418.32000000000016,429.61,1,-1,-1,-1
275,21,1051.79,328.98,424.97,435.88,1,-1,-1,-1
276,21,1052.48,324.85,431.6199999999999,442.15,1,-1,-1,-1
277,21,1053.17,320.71,438.27,448.43,1,-1,-1,-1
278,21,1053.86,316.58,444.9200000000001,454.7,1,-1,-1,-1
279,21,1054.54,312.45,451.5799999999999,460.96999999999997,1,-1,-1,-1
280,21,1055.23,308.32,458.23,467.23999999999995,1,-1,-1,-1
281,21,1055.92,304.19,464.8799999999999,473.51000000000005,1,-1,-1,-1
282,21,1057.21,299.14,473.69000000000005,481.77,1,-1,-1,-1
283,21,1058.49,294.09,482.51,490.03000000000003,1,-1,-1,-1
284,21,1059.78,289.04,491.31999999999994,498.29,1,-1,-1,-1
285,21,1061.06,283.99,500.1400000000001,506.54999999999995,1,-1,-1,-1
286,21,1062.35,278.94,508.95000000000005,514.81,1,-1,-1,-1
287,21,1063.63,273.9,517.77,523.0600000000001,1,-1,-1,-1
288,21,1064.91,268.85,526.5899999999999,531.3199999999999,1,-1,-1,-1
289,21,1066.2,263.8,535.3999999999999,539.5799999999999,1,-1,-1,-1
290,21,1067.48,258.75,544.22,547.84,1,-1,-1,-1
291,21,1068.77,253.7,553.03,556.0999999999999,1,-1,-1,-1
292,21,1071.81,245.64,564.4300000000001,569.58,1,-1,-1,-1
293,21,1074.85,237.57,575.8300000000002,583.0699999999999,1,-1,-1,-1
294,21,1077.89,229.51,587.2299999999998,596.55,1,-1,-1,-1
295,21,1080.93,221.44,598.6299999999999,610.04,1,-1,-1,-1
296,21,1083.97,213.38,610.03,623.52,1,-1,-1,-1
297,21,1087.02,205.32,621.4200000000001,637.0,1,-1,-1,-1
298,21,1090.06,197.25,632.8200000000002,650.49,1,-1,-1,-1
299,21,1093.1,189.19,644.22,663.97,1,-1,-1,-1
300,21,1096.14,181.12,655.6199999999999,677.46,1,-1,-1,-1
301,21,1099.18,173.06,667.02,690.94,1,-1,-1,-1
302,21,1103.9,159.58,680.3299999999999,715.05,1,-1,-1,-1
303,21,1108.61,146.09,693.6500000000001,739.17,1,-1,-1,-1
304,21,1113.33,132.61,706.96,763.28,1,-1,-1,-1
305,21,1118.05,119.13,720.26,787.39,1,-1,-1,-1
306,21,1122.77,105.65,733.5699999999999,811.5,1,-1,-1,-1
307,21,1127.48,92.16,746.8899999999999,835.62,1,-1,-1,-1
308,21,1132.2,78.68,760.2,859.73,1,-1,-1,-1
309,21,1139.17,65.19,780.8299999999999,883.8499999999999,1,-1,-1,-1
310,21,1146.14,51.71,773.8599999999999,907.9599999999999,1,-1,-1,-1
311,21,1153.11,38.23,766.8900000000001,932.0699999999999,1,-1,-1,-1
312,21,1159.25,19.11,760.75,951.1899999999999,1,-1,-1,-1
313,21,1165.39,0.0,754.6099999999999,970.3,1,-1,-1,-1
314,21,1171.53,0.0,748.47,970.3,1,-1,-1,-1
315,21,1177.66,0.0,742.3399999999999,970.3,1,-1,-1,-1
316,21,1183.8,0.0,736.2,970.3,1,-1,-1,-1
317,21,1190.46,0.0,729.54,970.3,1,-1,-1,-1
318,21,1197.12,0.0,722.8800000000001,970.3,1,-1,-1,-1
319,21,1203.78,0.0,716.22,970.3,1,-1,-1,-1
320,21,1210.44,0.0,709.56,970.3,1,-1,-1,-1
321,21,1217.1,0.0,702.9000000000001,970.3,1,-1,-1,-1
322,21,1225.07,0.0,694.9300000000001,973.47,1,-1,-1,-1
323,21,1233.04,0.0,686.96,976.64,1,-1,-1,-1
324,21,1241.01,0.0,678.99,979.81,1,-1,-1,-1
325,21,1248.98,0.0,671.02,982.98,1,-1,-1,-1
326,21,1256.95,0.0,663.05,986.15,1,-1,-1,-1
327,21,1264.92,0.0,655.0799999999999,989.32,1,-1,-1,-1
328,21,1272.89,0.0,647.1099999999999,992.49,1,-1,-1,-1
329,21,1280.86,0.0,639.1400000000001,995.66,1,-1,-1,-1
330,21,1288.83,0.0,631.1700000000001,998.83,1,-1,-1,-1
331,21,1296.8,0.0,623.2,1002.0,1,-1,-1,-1
332,21,1305.94,0.0,614.06,1002.0,1,-1,-1,-1
333,21,1315.08,0.0,604.9200000000001,1002.0,1,-1,-1,-1
334,21,1324.22,0.0,595.78,1002.0,1,-1,-1,-1
335,21,1333.36,0.0,586.6400000000001,1002.0,1,-1,-1,-1
336,21,1342.5,0.0,577.5,1002.0,1,-1,-1,-1
337,21,1354.3,0.0,565.7,1002.0,1,-1,-1,-1
338,21,1366.1,0.0,553.9000000000001,1002.0,1,-1,-1,-1
339,21,1377.9,0.0,542.0999999999999,1002.0,1,-1,-1,-1
340,21,1389.7,0.0,530.3,1002.0,1,-1,-1,-1
341,21,1401.5,0.0,518.5,1002.0,1,-1,-1,-1
342,21,1416.2,0.0,503.79999999999995,1001.68,1,-1,-1,-1
343,21,1430.9,0.0,489.0999999999999,1001.36,1,-1,-1,-1
344,21,1445.6,0.0,474.4000000000001,1001.05,1,-1,-1,-1
345,21,1460.3,0.0,459.70000000000005,1000.73,1,-1,-1,-1
346,21,1475.0,0.0,445.0,1000.41,1,-1,-1,-1
347,21,1495.52,0.0,424.48,1000.09,1,-1,-1,-1
348,21,1516.03,0.0,403.97,999.78,1,-1,-1,-1
349,21,1536.55,0.0,383.45000000000005,999.46,1,-1,-1,-1
350,21,1557.06,0.0,362.94000000000005,999.15,1,-1,-1,-1
351,21,1577.58,0.0,342.4200000000001,998.83,1,-1,-1,-1
352,21,1605.5,0.0,314.5,998.83,1,-1,-1,-1
353,21,1633.43,0.0,286.56999999999994,998.83,1,-1,-1,-1
354,21,1661.35,0.0,258.6500000000001,998.83,1,-1,-1,-1
355,21,1689.28,0.0,230.72000000000003,998.83,1,-1,-1,-1
356,21,1717.2,0.0,202.79999999999995,998.83,1,-1,-1,-1
357,21,1736.2,136.4,183.79999999999995,862.4300000000001,1,-1,-1,-1
358,21,1769.5,193.5,150.5,805.33,1,-1,-1,-1
359,21,1806.0,257.0,114.0,741.83,1,-1,-1,-1
360,21,1834.6,337.9,85.40000000000009,660.9300000000001,1,-1,-1,-1
361,21,1880.6,337.9,39.40000000000009,660.9300000000001,1,-1,-1,-1
731,22,967.91,572.8,70.88999999999999,70.60000000000002,1,-1,-1,-1
732,22,968.52,572.92,71.42000000000007,71.13,1,-1,-1,-1
733,22,969.14,573.05,71.93999999999994,71.65000000000009,1,-1,-1,-1
734,22,969.75,573.17,72.47000000000003,72.18000000000006,1,-1,-1,-1
735,22,970.37,573.29,72.9899999999999,72.71000000000004,1,-1,-1,-1
736,22,970.98,573.41,73.51999999999998,73.24000000000001,1,-1,-1,-1
737,22,971.6,573.54,74.04000000000008,73.75999999999999,1,-1,-1,-1
738,22,972.21,573.66,74.56999999999994,74.29000000000008,1,-1,-1,-1
739,22,972.83,573.78,75.09000000000003,74.82000000000005,1,-1,-1,-1
740,22,973.44,573.91,75.61999999999989,75.34000000000003,1,-1,-1,-1
741,22,974.06,574.03,76.1400000000001,75.87,1,-1,-1,-1
742,22,974.31,573.97,77.37000000000012,76.57999999999993,1,-1,-1,-1
743,22,974.55,573.91,78.61000000000013,77.29000000000008,1,-1,-1,-1
744,22,974.8,573.84,79.84000000000015,78.00999999999999,1,-1,-1,-1
745,22,975.04,573.78,81.07999999999993,78.72000000000003,1,-1,-1,-1
746,22,975.29,573.72,82.30999999999995,79.42999999999995,1,-1,-1,-1
747,22,975.54,573.66,83.53999999999996,80.13999999999999,1,-1,-1,-1
748,22,975.78,573.6,84.77999999999997,80.85000000000002,1,-1,-1,-1
749,22,976.03,573.53,86.00999999999999,81.57000000000005,1,-1,-1,-1
750,22,976.27,573.47,87.25,82.27999999999997,1,-1,-1,-1
751,22,976.52,573.41,88.48000000000002,82.99000000000001,1,-1,-1,-1
752,22,977.26,572.83,89.22000000000003,83.78999999999996,1,-1,-1,-1
753,22,978.0,572.24,89.96000000000004,84.60000000000002,1,-1,-1,-1
754,22,978.73,571.66,90.71000000000004,85.39999999999998,1,-1,-1,-1
755,22,979.47,571.07,91.45000000000005,86.20999999999992,1,-1,-1,-1
756,22,980.21,570.49,92.19000000000005,87.00999999999999,1,-1,-1,-1
757,22,980.95,569.91,92.93000000000006,87.81000000000006,1,-1,-1,-1
758,22,981.69,569.32,93.66999999999985,88.62,1,-1,-1,-1
759,22,982.42,568.74,94.41999999999996,89.41999999999996,1,-1,-1,-1
760,22,983.16,568.15,95.15999999999997,90.23000000000002,1,-1,-1,-1
761,22,983.9,567.57,95.89999999999998,91.02999999999997,1,-1,-1,-1
762,22,984.3,566.92,97.59000000000015,92.29000000000008,1,-1,-1,-1
763,22,984.7,566.28,99.27999999999997,93.54000000000008,1,-1,-1,-1
764,22,985.1,565.63,100.96999999999991,94.79999999999995,1,-1,-1,-1
765,22,985.5,564.98,102.66000000000008,96.05999999999995,1,-1,-1,-1
766,22,985.89,564.34,104.36000000000001,97.30999999999995,1,-1,-1,-1
767,22,986.29,563.69,106.04999999999995,98.56999999999994,1,-1,-1,-1
768,22,986.69,563.04,107.74000000000001,99.83000000000004,1,-1,-1,-1
769,22,987.09,562.39,109.42999999999995,101.09000000000003,1,-1,-1,-1
770,22,987.49,561.75,111.11999999999989,102.34000000000003,1,-1,-1,-1
771,22,987.89,561.1,112.81000000000006,103.60000000000002,1,-1,-1,-1
772,22,988.29,560.82,114.80999999999995,104.76999999999998,1,-1,-1,-1
773,22,988.69,560.55,116.80999999999995,105.93000000000006,1,-1,-1,-1
774,22,989.09,560.27,118.81000000000006,107.10000000000002,1,-1,-1,-1
775,22,989.49,559.99,120.80999999999995,108.26999999999998,1,-1,-1,-1
776,22,989.89,559.72,122.81000000000006,109.42999999999995,1,-1,-1,-1
777,22,990.29,559.44,124.80999999999995,110.59999999999991,1,-1,-1,-1
778,22,990.69,559.16,126.80999999999995,111.76999999999998,1,-1,-1,-1
779,22,991.09,558.88,128.81000000000006,112.94000000000005,1,-1,-1,-1
780,22,991.49,558.61,130.80999999999995,114.10000000000002,1,-1,-1,-1
781,22,991.89,558.33,132.81000000000006,115.26999999999998,1,-1,-1,-1
782,22,992.9,557.1,135.12,117.36000000000001,1,-1,-1,-1
783,22,993.92,555.87,137.41999999999996,119.45000000000005,1,-1,-1,-1
784,22,994.93,554.64,139.73000000000013,121.53999999999996,1,-1,-1,-1
785,22,995.95,553.41,142.02999999999997,123.63,1,-1,-1,-1
786,22,996.96,552.18,144.33999999999992,125.72000000000003,1,-1,-1,-1
787,22,997.98,550.96,146.63999999999987,127.79999999999995,1,-1,-1,-1
788,22,999.0,549.73,148.94000000000005,129.89,1,-1,-1,-1
789,22,1000.01,548.5,151.25,131.98000000000002,1,-1,-1,-1
790,22,1001.02,547.27,153.55999999999995,134.07000000000005,1,-1,-1,-1
791,22,1002.04,546.04,155.86000000000013,136.16000000000008,1,-1,-1,-1
792,22,1003.18,544.93,159.33000000000004,138.59000000000003,1,-1,-1,-1
793,22,1004.31,543.83,162.80999999999995,141.01,1,-1,-1,-1
794,22,1005.45,542.72,166.27999999999997,143.43999999999994,1,-1,-1,-1
795,22,1006.59,541.61,169.7499999999999,145.87,1,-1,-1,-1
796,22,1007.72,540.5,173.23000000000002,148.29999999999995,1,-1,-1,-1
797,22,1008.86,539.4,176.69999999999993,150.72000000000003,1,-1,-1,-1
798,22,1010.0,538.29,180.17000000000007,153.1500000000001,1,-1,-1,-1
799,22,1011.14,537.18,183.64,155.58000000000004,1,-1,-1,-1
800,22,1012.27,536.08,187.12000000000012,158.0,1,-1,-1,-1
801,22,1013.41,534.97,190.59000000000003,160.42999999999995,1,-1,-1,-1
802,22,1014.79,532.42,196.25,164.61,1,-1,-1,-1
803,22,1016.18,529.87,201.89999999999998,168.78999999999996,1,-1,-1,-1
804,22,1017.56,527.31,207.55999999999995,172.98000000000002,1,-1,-1,-1
805,22,1018.94,524.76,213.22000000000003,177.15999999999997,1,-1,-1,-1
806,22,1020.33,522.21,218.87,181.33999999999992,1,-1,-1,-1
807,22,1021.71,519.66,224.52999999999997,185.51999999999998,1,-1,-1,-1
808,22,1023.09,517.11,230.18999999999994,189.69999999999993,1,-1,-1,-1
809,22,1024.47,514.55,235.8499999999999,193.8900000000001,1,-1,-1,-1
810,22,1025.86,512.0,241.5,198.07000000000005,1,-1,-1,-1
811,22,1027.24,509.45,247.16000000000008,202.25000000000006,1,-1,-1,-1
812,22,1029.21,506.42,255.99,208.79000000000002,1,-1,-1,-1
813,22,1031.17,503.39,264.8299999999999,215.33000000000004,1,-1,-1,-1
814,22,1033.14,500.37,273.65999999999985,221.86,1,-1,-1,-1
815,22,1035.1,497.34,282.5,228.40000000000003,1,-1,-1,-1
816,22,1037.07,494.31,291.33000000000015,234.94,1,-1,-1,-1
817,22,1039.04,491.28,302.3600000000001,241.48000000000002,1,-1,-1,-1
818,22,1041.0,488.25,313.4000000000001,248.01999999999998,1,-1,-1,-1
819,22,1042.97,485.23,324.43000000000006,254.54999999999995,1,-1,-1,-1
820,22,1044.93,482.2,335.47,261.09,1,-1,-1,-1
821,22,1046.9,479.17,346.5,267.62999999999994,1,-1,-1,-1
822,22,1049.45,473.86,362.3699999999999,277.96000000000004,1,-1,-1,-1
823,22,1052.0,468.54,378.24,288.3,1,-1,-1,-1
824,22,1054.55,463.23,394.1100000000001,298.63,1,-1,-1,-1
825,22,1057.1,457.91,409.98,308.96999999999997,1,-1,-1,-1
826,22,1059.65,452.6,425.8499999999999,319.29999999999995,1,-1,-1,-1
827,22,1062.2,445.8,447.5999999999999,334.08,1,-1,-1,-1
828,22,1064.75,439.0,469.3499999999999,348.86,1,-1,-1,-1
829,22,1067.3,432.21,491.10000000000014,363.63000000000005,1,-1,-1,-1
830,22,1069.85,425.41,512.8500000000001,378.41,1,-1,-1,-1
831,22,1072.4,418.61,534.5999999999999,393.18999999999994,1,-1,-1,-1
832,22,1076.99,402.91,564.05,421.36999999999995,1,-1,-1,-1
833,22,1081.58,387.21,593.5,449.55,1,-1,-1,-1
834,22,1086.17,371.52,622.9499999999998,477.72,1,-1,-1,-1
835,22,1090.76,355.82,652.4000000000001,505.90000000000003,1,-1,-1,-1
836,22,1095.35,340.12,681.8500000000001,534.08,1,-1,-1,-1
837,22,1099.94,324.42,717.76,566.1500000000001,1,-1,-1,-1
838,22,1104.53,308.72,753.6700000000001,598.2099999999999,1,-1,-1,-1
839,22,1109.12,297.16,796.48,623.3599999999999,1,-1,-1,-1
840,22,1113.71,285.6,806.29,648.51,1,-1,-1,-1
841,22,1118.3,261.63,801.7,686.07,1,-1,-1,-1
842,22,1124.46,226.38,795.54,739.5600000000001,1,-1,-1,-1
843,22,1130.62,191.14,789.3800000000001,793.04,1,-1,-1,-1
844,22,1136.78,155.89,783.22,846.53,1,-1,-1,-1
845,22,1142.94,120.65,777.06,900.01,1,-1,-1,-1
846,22,1149.1,85.4,770.9000000000001,953.5000000000001,1,-1,-1,-1
847,22,1157.04,70.2,762.96,968.7,1,-1,-1,-1
848,22,1164.98,68.38,755.02,970.5200000000001,1,-1,-1,-1
849,22,1172.92,66.55,747.0799999999999,972.3500000000001,1,-1,-1,-1
850,22,1180.86,64.72,739.1400000000001,974.1800000000001,1,-1,-1,-1
851,22,1188.8,62.9,731.2,976.0000000000001,1,-1,-1,-1
852,22,1199.9,60.92,720.0999999999999,977.9800000000001,1,-1,-1,-1
853,22,1211.0,58.94,709.0,979.96,1,-1,-1,-1
854,22,1222.1,56.96,697.9000000000001,981.94,1,-1,-1,-1
855,22,1233.2,54.98,686.8,983.9200000000001,1,-1,-1,-1
856,22,1244.3,53.0,675.7,985.9000000000001,1,-1,-1,-1
857,22,1260.7,51.02,659.3,987.8800000000001,1,-1,-1,-1
858,22,1277.1,49.04,642.9000000000001,989.8600000000001,1,-1,-1,-1
859,22,1293.5,47.06,626.5,991.8400000000001,1,-1,-1,-1
860,22,1309.9,45.08,610.0999999999999,993.82,1,-1,-1,-1
861,22,1326.3,43.1,593.7,995.8000000000001,1,-1,-1,-1
862,22,1354.86,40.86,565.1400000000001,998.0400000000001,1,-1,-1,-1
863,22,1383.42,38.62,536.5799999999999,1000.2800000000001,1,-1,-1,-1
864,22,1411.98,36.38,508.02,1002.5200000000001,1,-1,-1,-1
865,22,1440.54,34.14,479.46000000000004,1004.7600000000001,1,-1,-1,-1
866,22,1469.1,31.9,450.9000000000001,1007.0000000000001,1,-1,-1,-1
867,22,1509.3,160.5,410.70000000000005,878.4000000000001,1,-1,-1,-1
868,22,1556.1,127.5,363.9000000000001,911.4000000000001,1,-1,-1,-1
869,22,1602.9,94.5,317.0999999999999,944.4000000000001,1,-1,-1,-1
870,22,1662.9,78.7,257.0999999999999,960.2,1,-1,-1,-1
871,22,1722.9,86.7,197.0999999999999,952.2,1,-1,-1,-1
872,22,1794.3,86.7,125.70000000000005,952.2,1,-1,-1,-1
873,22,1865.7,86.7,54.299999999999955,952.2,1,-1,-1,-1
1479,6,768.8,555.79,69.36000000000001,73.29000000000008,1,-1,-1,-1
1480,6,766.65,553.67,70.27999999999997,74.7700000000001,1,-1,-1,-1
1481,6,764.5,551.54,71.20000000000005,76.25999999999999,1,-1,-1,-1
1482,6,762.29,551.58,72.16000000000008,77.32999999999993,1,-1,-1,-1
1483,6,760.07,551.61,73.13,78.40999999999997,1,-1,-1,-1
1484,6,757.86,551.65,74.09000000000003,79.48000000000002,1,-1,-1,-1
1485,6,755.64,551.69,75.06000000000006,80.54999999999995,1,-1,-1,-1
1486,6,753.43,551.72,76.0200000000001,81.63,1,-1,-1,-1
1487,6,751.22,551.76,76.98000000000002,82.70000000000005,1,-1,-1,-1
1488,6,749.0,551.8,77.95000000000005,83.7700000000001,1,-1,-1,-1
1489,6,746.79,551.84,78.91000000000008,84.83999999999992,1,-1,-1,-1
1490,6,744.57,551.87,79.88,85.91999999999996,1,-1,-1,-1
1491,6,742.36,551.91,80.84000000000003,86.99000000000001,1,-1,-1,-1
1492,6,739.45,551.25,82.30999999999995,88.05999999999995,1,-1,-1,-1
1493,6,736.53,550.59,83.79000000000008,89.13,1,-1,-1,-1
1494,6,733.62,549.93,85.25999999999999,90.20000000000005,1,-1,-1,-1
1495,6,730.7,549.27,86.74000000000001,91.26999999999998,1,-1,-1,-1
1496,6,727.79,548.61,88.21000000000004,92.34000000000003,1,-1,-1,-1
1497,6,724.88,547.94,89.67999999999995,93.41999999999996,1,-1,-1,-1
1498,6,721.96,547.28,91.15999999999997,94.49000000000001,1,-1,-1,-1
1499,6,719.05,546.62,92.63,95.55999999999995,1,-1,-1,-1
1500,6,716.13,545.96,94.11000000000001,96.63,1,-1,-1,-1
1501,6,713.22,545.3,95.57999999999993,97.70000000000005,1,-1,-1,-1
1502,6,709.71,545.46,97.59999999999991,98.59999999999991,1,-1,-1,-1
1503,6,706.21,545.62,99.61000000000001,99.5,1,-1,-1,-1
1504,6,702.7,545.78,101.63,100.39999999999998,1,-1,-1,-1
1505,6,699.19,545.94,103.64999999999998,101.29999999999995,1,-1,-1,-1
1506,6,695.68,546.1,105.67000000000007,102.19999999999993,1,-1,-1,-1
1507,6,692.18,546.26,107.68000000000006,103.10000000000002,1,-1,-1,-1
1508,6,688.67,546.42,109.70000000000005,104.0,1,-1,-1,-1
1509,6,685.16,546.58,111.72000000000003,104.89999999999998,1,-1,-1,-1
1510,6,681.66,546.74,113.73000000000002,105.79999999999995,1,-1,-1,-1
1511,6,678.15,546.9,115.75,106.70000000000005,1,-1,-1,-1
1512,6,674.11,544.88,118.13999999999999,109.67999999999995,1,-1,-1,-1
1513,6,670.08,542.86,120.51999999999998,112.65999999999997,1,-1,-1,-1
1514,6,666.04,540.84,122.91000000000008,115.63999999999999,1,-1,-1,-1
1515,6,662.0,538.82,125.29999999999995,118.62,1,-1,-1,-1
1516,6,657.96,536.81,127.68999999999994,121.59000000000003,1,-1,-1,-1
1517,6,653.93,534.79,130.07000000000005,124.57000000000005,1,-1,-1,-1
1518,6,649.89,532.77,132.46000000000004,127.55000000000007,1,-1,-1,-1
1519,6,645.85,530.75,134.85000000000002,130.52999999999997,1,-1,-1,-1
1520,6,641.82,528.73,137.2299999999999,133.51,1,-1,-1,-1
1521,6,637.78,526.71,139.62,136.49,1,-1,-1,-1
1522,6,632.48,525.34,142.09000000000003,138.82999999999993,1,-1,-1,-1
1523,6,627.19,523.97,144.54999999999995,141.16999999999996,1,-1,-1,-1
1524,6,621.89,522.6,147.01999999999998,143.51,1,-1,-1,-1
1525,6,616.6,521.23,149.48000000000002,145.85000000000002,1,-1,-1,-1
1526,6,611.3,519.86,151.95000000000005,148.18999999999994,1,-1,-1,-1
1527,6,604.11,518.49,156.30999999999995,150.52999999999997,1,-1,-1,-1
1528,6,596.92,517.12,160.67000000000007,152.87,1,-1,-1,-1
1529,6,589.74,515.74,165.01999999999998,155.22000000000003,1,-1,-1,-1
1530,6,582.55,514.37,169.38,157.55999999999995,1,-1,-1,-1
1531,6,575.36,513.0,173.74,159.89999999999998,1,-1,-1,-1
1532,6,568.37,510.55,177.51999999999998,163.87999999999994,1,-1,-1,-1
1533,6,561.38,508.1,181.29999999999995,167.86,1,-1,-1,-1
1534,6,554.38,505.66,185.09000000000003,171.82999999999998,1,-1,-1,-1
1535,6,547.39,503.21,188.87,175.81,1,-1,-1,-1
1536,6,540.4,500.76,192.64999999999998,179.78999999999996,1,-1,-1,-1
1537,6,530.87,498.31,198.97000000000003,183.77000000000004,1,-1,-1,-1
1538,6,521.34,495.86,205.28999999999996,187.75,1,-1,-1,-1
1539,6,511.8,493.42,211.61999999999995,191.71999999999997,1,-1,-1,-1
1540,6,502.27,490.97,217.94000000000005,195.69999999999993,1,-1,-1,-1
1541,6,492.74,488.52,224.26,199.68000000000006,1,-1,-1,-1
1542,6,480.99,484.57,231.70000000000005,205.09999999999997,1,-1,-1,-1
1543,6,469.24,480.63,239.14,210.51,1,-1,-1,-1
1544,6,457.49,476.68,246.58000000000004,215.93,1,-1,-1,-1
1545,6,445.74,472.73,254.01999999999998,221.35000000000002,1,-1,-1,-1
1546,6,433.99,468.78,261.46000000000004,226.76999999999998,1,-1,-1,-1
1547,6,422.24,464.84,268.9,232.18,1,-1,-1,-1
1548,6,410.49,460.89,276.34000000000003,237.60000000000002,1,-1,-1,-1
1549,6,398.74,456.94,283.78,243.02000000000004,1,-1,-1,-1
1550,6,386.99,453.0,291.22,248.42999999999995,1,-1,-1,-1
1551,6,375.24,449.05,298.65999999999997,253.84999999999997,1,-1,-1,-1
1552,6,355.15,442.84,312.5400000000001,265.08,1,-1,-1,-1
1553,6,335.05,436.62,326.43,276.32000000000005,1,-1,-1,-1
1554,6,314.96,430.41,340.31,287.55,1,-1,-1,-1
1555,6,294.87,424.2,354.18999999999994,298.78000000000003,1,-1,-1,-1
1556,6,274.77,417.99,368.08000000000004,310.01,1,-1,-1,-1
1557,6,254.68,411.77,381.96,321.25,1,-1,-1,-1
1558,6,234.59,405.56,395.8399999999999,332.47999999999996,1,-1,-1,-1
1559,6,214.5,399.35,409.72,343.7099999999999,1,-1,-1,-1
1560,6,194.4,393.13,423.61,354.95000000000005,1,-1,-1,-1
1561,6,174.31,386.92,437.48999999999995,366.18,1,-1,-1,-1
1562,6,145.26,374.9,458.22,384.08000000000004,1,-1,-1,-1
1563,6,116.21,362.88,478.96,401.98,1,-1,-1,-1
1564,6,87.16,350.86,499.69000000000005,419.88,1,-1,-1,-1
1565,6,58.1,338.84,520.43,437.78000000000003,1,-1,-1,-1
1566,6,29.05,326.82,541.1700000000001,455.68,1,-1,-1,-1
1567,6,0.0,314.8,561.9,473.58,1,-1,-1,-1
1568,6,0.0,298.18,547.08,496.08,1,-1,-1,-1
1569,6,0.0,281.55,532.25,518.5899999999999,1,-1,-1,-1
1570,6,0.0,264.93,517.42,541.0899999999999,1,-1,-1,-1
1571,6,0.0,248.3,502.6,563.5999999999999,1,-1,-1,-1
1572,6,0.0,242.9,486.52,571.08,1,-1,-1,-1
1573,6,0.0,237.5,470.44,578.56,1,-1,-1,-1
1574,6,0.0,232.1,454.36,586.04,1,-1,-1,-1
1575,6,0.0,226.7,438.28,593.52,1,-1,-1,-1
1576,6,0.0,221.3,422.2,601.0,1,-1,-1,-1
1577,6,0.0,223.84,399.5,600.56,1,-1,-1,-1
1578,6,0.0,226.38,376.8,600.12,1,-1,-1,-1
1579,6,0.0,228.92,354.1,599.6800000000001,1,-1,-1,-1
1580,6,0.0,231.46,331.4,599.24,1,-1,-1,-1
1581,6,0.0,234.0,308.7,598.8,1,-1,-1,-1
1582,6,0.0,236.12,275.06,610.42,1,-1,-1,-1
1583,6,0.0,238.24,241.42,622.04,1,-1,-1,-1
1584,6,0.0,240.36,207.78,633.66,1,-1,-1,-1
1585,6,0.0,242.48,174.14,645.28,1,-1,-1,-1
1586,6,0.0,244.6,140.5,656.9,1,-1,-1,-1
1587,6,0.0,304.1,99.8,597.4,1,-1,-1,-1
1588,6,0.0,304.1,48.2,597.4,1,-1,-1,-1
1636,7,826.08,569.67,71.96999999999991,69.53000000000009,1,-1,-1,-1
1637,7,824.8,568.93,72.24000000000001,69.85000000000002,1,-1,-1,-1
1638,7,823.53,568.19,72.5,70.16999999999996,1,-1,-1,-1
1639,7,822.25,567.45,72.76999999999998,70.49000000000001,1,-1,-1,-1
1640,7,820.98,566.7,73.02999999999997,70.81999999999994,1,-1,-1,-1
1641,7,819.7,565.96,73.29999999999995,71.13999999999999,1,-1,-1,-1
1642,7,817.79,565.11,74.25,72.03999999999996,1,-1,-1,-1
1643,7,815.87,564.26,75.21000000000004,72.94000000000005,1,-1,-1,-1
1644,7,813.96,563.41,76.15999999999997,73.84000000000003,1,-1,-1,-1
1645,7,812.05,562.56,77.11000000000001,74.74000000000001,1,-1,-1,-1
1646,7,810.13,561.71,78.07000000000005,75.63999999999999,1,-1,-1,-1
1647,7,808.22,560.86,79.01999999999998,76.53999999999996,1,-1,-1,-1
1648,7,806.31,560.01,79.97000000000003,77.44000000000005,1,-1,-1,-1
1649,7,804.4,559.16,80.92000000000007,78.34000000000003,1,-1,-1,-1
1650,7,802.48,558.31,81.88,79.24000000000001,1,-1,-1,-1
1651,7,800.57,557.46,82.82999999999993,80.13999999999999,1,-1,-1,-1
1652,7,798.69,557.35,83.52999999999997,80.65999999999997,1,-1,-1,-1
1653,7,796.81,557.24,84.23000000000002,81.17999999999995,1,-1,-1,-1
1654,7,794.93,557.13,84.93000000000006,81.70000000000005,1,-1,-1,-1
1655,7,793.05,557.02,85.63,82.22000000000003,1,-1,-1,-1
1656,7,791.16,556.9,86.34000000000003,82.75,1,-1,-1,-1
1657,7,789.28,556.79,87.04000000000008,83.26999999999998,1,-1,-1,-1
1658,7,787.4,556.68,87.74000000000001,83.79000000000008,1,-1,-1,-1
1659,7,785.52,556.57,88.44000000000005,84.30999999999995,1,-1,-1,-1
1660,7,783.64,556.46,89.13999999999999,84.82999999999993,1,-1,-1,-1
1661,7,781.76,556.35,89.84000000000003,85.35000000000002,1,-1,-1,-1
1662,7,779.33,555.87,90.64999999999998,86.49000000000001,1,-1,-1,-1
1663,7,776.89,555.39,91.47000000000003,87.63,1,-1,-1,-1
1664,7,774.45,554.91,92.28999999999996,88.76999999999998,1,-1,-1,-1
1665,7,772.02,554.43,93.10000000000002,89.91000000000008,1,-1,-1,-1
1666,7,769.59,553.95,93.90999999999997,91.04999999999995,1,-1,-1,-1
1667,7,767.15,553.47,94.73000000000002,92.18999999999994,1,-1,-1,-1
1668,7,764.71,552.99,95.54999999999995,93.33000000000004,1,-1,-1,-1
1669,7,762.28,552.51,96.36000000000001,94.47000000000003,1,-1,-1,-1
1670,7,759.85,552.03,97.16999999999996,95.61000000000001,1,-1,-1,-1
1671,7,757.41,551.55,97.99000000000001,96.75,1,-1,-1,-1
1672,7,754.46,551.11,99.98000000000002,97.81999999999994,1,-1,-1,-1
1673,7,751.51,550.66,101.97000000000003,98.89999999999998,1,-1,-1,-1
1674,3,903.5,558.2,63.620000000000005,78.63,1,-1,-1,-1
1674,7,748.55,550.22,103.97000000000003,99.97000000000003,1,-1,-1,-1
1675,3,903.04,558.12,63.620000000000005,79.01999999999998,1,-1,-1,-1
1675,7,745.6,549.78,105.95999999999992,101.04000000000008,1,-1,-1,-1
1676,3,902.58,558.04,63.610000000000014,79.41000000000008,1,-1,-1,-1
1676,7,742.65,549.34,107.95000000000005,102.11000000000001,1,-1,-1,-1
1677,3,902.11,557.97,63.620000000000005,79.78999999999996,1,-1,-1,-1
1677,7,739.7,548.89,109.93999999999994,103.19000000000005,1,-1,-1,-1
1678,3,901.65,557.89,63.620000000000005,80.18000000000006,1,-1,-1,-1
1678,7,736.75,548.45,111.92999999999995,104.25999999999999,1,-1,-1,-1
1679,3,901.19,557.81,63.61999999999989,80.57000000000005,1,-1,-1,-1
1679,7,733.79,548.01,113.93000000000006,105.33000000000004,1,-1,-1,-1
1680,3,900.73,557.74,63.620000000000005,80.95000000000005,1,-1,-1,-1
1680,7,730.84,547.56,115.91999999999996,106.41000000000008,1,-1,-1,-1
1681,3,900.27,557.66,63.620000000000005,81.34000000000003,1,-1,-1,-1
1681,7,727.89,547.12,117.90999999999997,107.48000000000002,1,-1,-1,-1
1682,3,899.45,557.87,64.13,81.46000000000004,1,-1,-1,-1
1682,7,724.68,546.75,119.72000000000003,108.85000000000002,1,-1,-1,-1
1683,3,898.63,558.07,64.63999999999999,81.58999999999992,1,-1,-1,-1
1683,7,721.47,546.38,121.52999999999997,110.22000000000003,1,-1,-1,-1
1684,3,897.81,558.27,65.15000000000009,81.72000000000003,1,-1,-1,-1
1684,7,718.26,546.02,123.34000000000003,111.58000000000004,1,-1,-1,-1
1685,3,896.99,558.48,65.65999999999997,81.84000000000003,1,-1,-1,-1
1685,7,715.05,545.65,125.15000000000009,112.95000000000005,1,-1,-1,-1
1686,3,896.17,558.68,66.18000000000006,81.97000000000003,1,-1,-1,-1
1686,7,711.85,545.28,126.94999999999993,114.32000000000005,1,-1,-1,-1
1687,3,895.35,558.89,66.68999999999994,82.09000000000003,1,-1,-1,-1
1687,7,708.64,544.91,128.76,115.69000000000005,1,-1,-1,-1
1688,3,894.53,559.1,67.20000000000005,82.20999999999992,1,-1,-1,-1
1688,7,705.43,544.54,130.57000000000005,117.06000000000006,1,-1,-1,-1
1689,3,893.71,559.3,67.70999999999992,82.34000000000003,1,-1,-1,-1
1689,7,702.22,544.18,132.38,118.42000000000007,1,-1,-1,-1
1690,3,892.89,559.5,68.22000000000003,82.47000000000003,1,-1,-1,-1
1690,7,699.01,543.81,134.19000000000005,119.79000000000008,1,-1,-1,-1
1691,3,892.07,559.71,68.7299999999999,82.58999999999992,1,-1,-1,-1
1691,7,695.8,543.44,136.0,121.15999999999997,1,-1,-1,-1
1692,3,891.32,559.67,69.01999999999998,83.21000000000004,1,-1,-1,-1
1692,7,691.23,542.65,138.39,123.38999999999999,1,-1,-1,-1
1693,3,890.57,559.63,69.30999999999995,83.83000000000004,1,-1,-1,-1
1693,7,686.66,541.86,140.7800000000001,125.62,1,-1,-1,-1
1694,3,889.82,559.58,69.6099999999999,84.45999999999992,1,-1,-1,-1
1694,7,682.09,541.08,143.16999999999996,127.84999999999991,1,-1,-1,-1
1695,3,889.07,559.54,69.89999999999998,85.08000000000004,1,-1,-1,-1
1695,7,677.52,540.29,145.56000000000006,130.08000000000004,1,-1,-1,-1
1696,3,888.32,559.5,70.18999999999994,85.70000000000005,1,-1,-1,-1
1696,7,672.95,539.5,147.94999999999993,132.30999999999995,1,-1,-1,-1
1697,3,887.45,558.95,70.4799999999999,85.69999999999993,1,-1,-1,-1
1697,7,668.38,537.95,150.34000000000003,134.53999999999996,1,-1,-1,-1
1698,3,886.58,558.4,70.76999999999998,85.70000000000005,1,-1,-1,-1
1698,7,663.81,536.4,152.73000000000002,136.76999999999998,1,-1,-1,-1
1699,3,885.7,557.86,71.05999999999995,85.68999999999994,1,-1,-1,-1
1699,7,659.25,534.85,155.11,138.99,1,-1,-1,-1
1700,3,884.83,557.31,71.34999999999991,85.69000000000005,1,-1,-1,-1
1700,7,654.68,533.3,157.5,141.22000000000003,1,-1,-1,-1
1701,3,883.96,556.76,71.63999999999999,84.44000000000005,1,-1,-1,-1
1701,7,650.11,531.75,159.89,143.45000000000005,1,-1,-1,-1
1702,3,883.61,557.01,71.63999999999999,85.01999999999998,1,-1,-1,-1
1702,7,642.58,531.1,165.11,145.84000000000003,1,-1,-1,-1
1703,3,883.26,557.27,71.63999999999999,85.60000000000002,1,-1,-1,-1
1703,7,635.05,530.46,170.33000000000004,148.2199999999999,1,-1,-1,-1
1704,3,882.92,557.52,71.63999999999999,86.18000000000006,1,-1,-1,-1
1704,7,627.51,529.81,175.54999999999995,150.62,1,-1,-1,-1
1705,3,882.57,557.78,71.63999999999999,86.75999999999999,1,-1,-1,-1
1705,7,619.98,529.17,180.76999999999998,153.0,1,-1,-1,-1
1706,3,882.22,558.03,71.63999999999999,87.34000000000003,1,-1,-1,-1
1706,7,612.45,528.52,185.99,155.39,1,-1,-1,-1
1707,3,881.77,557.16,71.63999999999999,87.92000000000007,1,-1,-1,-1
1707,7,605.02,526.95,191.21000000000004,157.77999999999997,1,-1,-1,-1
1708,3,881.32,556.28,71.63999999999999,88.5,1,-1,-1,-1
1708,7,597.59,525.38,196.42999999999995,160.16999999999996,1,-1,-1,-1
1709,3,880.87,555.41,71.63,89.08000000000004,1,-1,-1,-1
1709,7,590.15,523.82,201.67000000000007,162.53999999999996,1,-1,-1,-1
1710,3,880.42,554.53,71.63,89.66000000000008,1,-1,-1,-1
1710,7,582.72,522.25,206.89,164.92999999999995,1,-1,-1,-1
1711,3,879.97,553.66,71.63,90.24000000000001,1,-1,-1,-1
1711,7,575.29,520.68,212.11,167.32000000000005,1,-1,-1,-1
1712,3,878.73,552.95,72.06999999999994,90.64999999999998,1,-1,-1,-1
1712,7,565.41,518.02,219.44000000000005,171.68000000000006,1,-1,-1,-1
1713,3,877.5,552.25,72.50999999999999,91.03999999999996,1,-1,-1,-1
1713,7,555.53,515.37,226.76999999999998,176.01999999999998,1,-1,-1,-1
1714,3,876.26,551.54,72.95000000000005,91.45000000000005,1,-1,-1,-1
1714,7,545.65,512.71,234.11,180.38,1,-1,-1,-1
1715,3,875.03,550.84,73.38999999999999,91.83999999999992,1,-1,-1,-1
1715,7,535.77,510.06,241.44000000000005,184.71999999999997,1,-1,-1,-1
1716,3,873.79,550.13,73.83000000000004,92.25,1,-1,-1,-1
1716,7,525.89,507.4,248.76999999999998,189.08000000000004,1,-1,-1,-1
1717,3,873.4,550.91,74.27999999999997,92.64999999999998,1,-1,-1,-1
1717,7,514.95,506.23,256.0999999999999,193.42999999999995,1,-1,-1,-1
1718,3,873.02,551.69,74.71000000000004,93.05999999999995,1,-1,-1,-1
1718,7,504.0,505.06,263.44000000000005,197.79000000000002,1,-1,-1,-1
1719,3,872.63,552.47,75.15999999999997,93.45999999999992,1,-1,-1,-1
1719,7,493.06,503.9,270.76000000000005,202.13,1,-1,-1,-1
1720,3,872.25,553.25,75.59000000000003,93.87,1,-1,-1,-1
1720,7,482.11,502.73,278.1,206.49,1,-1,-1,-1
1721,3,871.86,554.03,76.03999999999996,94.26999999999998,1,-1,-1,-1
1721,7,471.17,501.56,285.43,210.83999999999997,1,-1,-1,-1
1722,3,871.66,554.23,76.16000000000008,94.44999999999993,1,-1,-1,-1
1722,7,455.78,499.65,296.77,216.46000000000004,1,-1,-1,-1
1723,3,871.46,554.42,76.27999999999997,94.63999999999999,1,-1,-1,-1
1723,7,440.38,497.75,308.11,222.07000000000005,1,-1,-1,-1
1724,3,871.27,554.62,76.38,94.83000000000004,1,-1,-1,-1
1724,7,424.99,495.84,319.45000000000005,227.68,1,-1,-1,-1
1725,3,871.07,554.81,76.5,95.0200000000001,1,-1,-1,-1
1725,7,409.59,493.94,330.79,233.29000000000002,1,-1,-1,-1
1726,3,870.87,555.01,76.62,95.20000000000005,1,-1,-1,-1
1726,7,394.2,492.03,342.13000000000005,238.91000000000008,1,-1,-1,-1
1727,3,870.7,554.0,76.7299999999999,95.38999999999999,1,-1,-1,-1
1727,7,374.91,488.71,358.07,244.52000000000004,1,-1,-1,-1
1728,3,870.53,552.99,76.84000000000003,95.58000000000004,1,-1,-1,-1
1728,7,355.63,485.39,374.01,250.13,1,-1,-1,-1
1729,3,870.35,551.99,76.97000000000003,95.75,1,-1,-1,-1
1729,7,336.34,482.06,389.95,255.76000000000005,1,-1,-1,-1
1730,3,870.18,550.98,77.08000000000004,95.93999999999994,1,-1,-1,-1
1730,7,317.06,478.74,405.89000000000004,261.37,1,-1,-1,-1
1731,3,870.01,549.97,77.19000000000005,96.13,1,-1,-1,-1
1731,7,297.77,475.42,421.83000000000004,266.97999999999996,1,-1,-1,-1
1732,3,870.1,549.46,77.67999999999995,96.62,1,-1,-1,-1
1732,7,269.78,471.13,443.43000000000006,278.76,1,-1,-1,-1
1733,3,870.19,548.95,78.16999999999996,97.09999999999991,1,-1,-1,-1
1733,7,241.78,466.84,465.0400000000001,290.54,1,-1,-1,-1
1734,3,870.27,548.45,78.67000000000007,97.57999999999993,1,-1,-1,-1
1734,7,213.79,462.54,486.64,302.33,1,-1,-1,-1
1735,3,870.36,547.94,79.15999999999997,98.05999999999995,1,-1,-1,-1
1735,7,185.79,458.25,508.25,314.11,1,-1,-1,-1
1736,3,870.45,547.43,79.64999999999998,98.55000000000007,1,-1,-1,-1
1736,7,157.8,453.96,529.8499999999999,325.89000000000004,1,-1,-1,-1
1737,3,870.54,548.03,80.13999999999999,99.02999999999997,1,-1,-1,-1
1737,7,126.24,449.67,555.02,337.67,1,-1,-1,-1
1738,3,870.63,548.63,80.63,99.51999999999998,1,-1,-1,-1
1738,7,94.68,445.38,580.19,349.45000000000005,1,-1,-1,-1
1739,3,870.71,549.22,81.13,100.00999999999999,1,-1,-1,-1
1739,7,63.12,441.08,605.36,361.24000000000007,1,-1,-1,-1
1740,3,870.8,549.82,81.62,100.5,1,-1,-1,-1
1740,7,31.56,436.79,630.5300000000001,373.0199999999999,1,-1,-1,-1
1741,3,870.89,550.42,82.11000000000001,100.98000000000002,1,-1,-1,-1
1741,7,0.0,432.5,655.7,384.79999999999995,1,-1,-1,-1
1742,3,871.3,549.87,82.55000000000007,101.38,1,-1,-1,-1
1742,7,0.0,422.22,646.0,402.22,1,-1,-1,-1
1743,3,871.7,549.31,83.0,101.79000000000008,1,-1,-1,-1
1743,7,0.0,411.94,636.3,419.64000000000004,1,-1,-1,-1
1744,3,872.11,548.76,83.43999999999994,102.19000000000005,1,-1,-1,-1
1744,7,0.0,401.66,626.6,437.06,1,-1,-1,-1
1745,3,872.51,548.2,83.88999999999999,102.59999999999991,1,-1,-1,-1
1745,7,0.0,391.38,616.9,454.48,1,-1,-1,-1
1746,3,872.92,547.65,84.33000000000004,103.0,1,-1,-1,-1
1746,7,0.0,381.1,607.2,471.9,1,-1,-1,-1
1747,3,873.33,547.1,84.76999999999998,103.39999999999998,1,-1,-1,-1
1747,7,0.0,376.32,593.11,483.82,1,-1,-1,-1
1748,3,873.73,546.54,85.22000000000003,103.81000000000006,1,-1,-1,-1
1748,7,0.0,371.54,579.02,495.73999999999995,1,-1,-1,-1
1749,3,874.14,545.99,85.65999999999997,104.21000000000004,1,-1,-1,-1
1749,7,0.0,366.75,564.94,507.66999999999996,1,-1,-1,-1
1750,3,874.54,545.43,86.11000000000001,104.62,1,-1,-1,-1
1750,7,0.0,361.97,550.85,519.5899999999999,1,-1,-1,-1
1751,3,874.95,544.88,86.54999999999995,105.01999999999998,1,-1,-1,-1
1751,7,0.0,357.19,536.76,531.51,1,-1,-1,-1
1752,3,875.84,545.01,87.05999999999995,105.64999999999998,1,-1,-1,-1
1752,7,0.0,343.69,516.75,550.6099999999999,1,-1,-1,-1
1753,3,876.74,545.14,87.55999999999995,106.27999999999997,1,-1,-1,-1
1753,7,0.0,330.19,496.74,569.71,1,-1,-1,-1
1754,3,877.63,545.26,88.07000000000005,106.91999999999996,1,-1,-1,-1
1754,7,0.0,316.7,476.72,588.8,1,-1,-1,-1
1755,3,878.52,545.39,88.58000000000004,107.55000000000007,1,-1,-1,-1
1755,7,0.0,303.2,456.71,607.9000000000001,1,-1,-1,-1
1756,3,879.41,545.52,89.09000000000003,108.18000000000006,1,-1,-1,-1
1756,7,0.0,289.7,436.7,627.0,1,-1,-1,-1
1757,3,880.31,545.65,89.59000000000003,108.81000000000006,1,-1,-1,-1
1757,7,0.0,271.87,403.9,650.43,1,-1,-1,-1
1758,3,881.2,545.78,90.09999999999991,109.44000000000005,1,-1,-1,-1
1758,7,0.0,254.03,371.1,673.87,1,-1,-1,-1
1759,3,882.09,545.9,90.61000000000001,110.08000000000004,1,-1,-1,-1
1759,7,0.0,236.2,338.3,697.3,1,-1,-1,-1
1760,3,882.99,546.03,91.11000000000001,110.71000000000004,1,-1,-1,-1
1760,7,0.0,209.95,297.1,729.1500000000001,1,-1,-1,-1
1761,3,883.88,546.16,91.62,111.34000000000003,1,-1,-1,-1
1761,7,0.0,183.7,255.9,761.0,1,-1,-1,-1
1762,3,884.81,545.27,91.8900000000001,111.96000000000004,1,-1,-1,-1
1762,7,0.0,154.3,209.1,790.4000000000001,1,-1,-1,-1
1763,3,885.74,544.39,92.15999999999997,112.57000000000005,1,-1,-1,-1
1763,7,0.0,148.8,156.75,795.9000000000001,1,-1,-1,-1
1764,3,886.67,543.5,92.43000000000006,113.19000000000005,1,-1,-1,-1
1764,7,0.0,143.3,104.4,801.4000000000001,1,-1,-1,-1
1765,3,887.6,542.62,92.69999999999993,113.79999999999995,1,-1,-1,-1
1765,7,0.0,173.6,36.5,771.1,1,-1,-1,-1
1766,3,888.52,541.73,92.98000000000002,114.41999999999996,1,-1,-1,-1
1767,3,889.45,540.84,93.25,115.03999999999996,1,-1,-1,-1
1768,3,890.38,539.96,93.51999999999998,115.64999999999998,1,-1,-1,-1
1769,3,891.31,539.07,93.79000000000008,116.26999999999998,1,-1,-1,-1
1770,3,892.24,538.19,94.05999999999995,116.88,1,-1,-1,-1
1771,3,893.17,537.3,94.33000000000004,117.5,1,-1,-1,-1
1772,3,893.87,536.72,95.13999999999999,118.70999999999992,1,-1,-1,-1
1773,3,894.58,536.13,95.93999999999994,119.94000000000005,1,-1,-1,-1
1774,3,895.28,535.55,96.75,121.15000000000009,1,-1,-1,-1
1775,3,895.98,534.97,97.55999999999995,121.27999999999997,1,-1,-1,-1
1776,3,896.68,534.39,98.37,121.39999999999998,1,-1,-1,-1
1777,3,897.38,534.23,99.17999999999995,122.17999999999995,1,-1,-1,-1
1778,3,898.08,534.08,99.99000000000001,122.94999999999993,1,-1,-1,-1
1779,3,898.78,533.92,100.80000000000007,123.74000000000001,1,-1,-1,-1
1780,3,899.48,533.77,101.61000000000001,124.50999999999999,1,-1,-1,-1
1781,3,900.18,533.61,102.42000000000007,125.28999999999996,1,-1,-1,-1
1782,3,901.1,533.7,102.89999999999998,125.92999999999995,1,-1,-1,-1
1783,3,902.03,533.8,103.37,126.55000000000007,1,-1,-1,-1
1784,3,902.95,533.89,103.84999999999991,127.19000000000005,1,-1,-1,-1
1785,3,903.88,533.99,104.32000000000005,127.80999999999995,1,-1,-1,-1
1786,3,904.8,534.08,104.80000000000007,128.44999999999993,1,-1,-1,-1
1787,3,905.72,533.32,105.27999999999997,129.07999999999993,1,-1,-1,-1
1788,3,906.64,532.56,105.75999999999999,129.72000000000003,1,-1,-1,-1
1789,3,907.57,531.81,106.2299999999999,130.34000000000003,1,-1,-1,-1
1790,3,908.49,531.05,106.71000000000004,130.98000000000002,1,-1,-1,-1
1791,3,909.41,530.29,107.19000000000005,131.61,1,-1,-1,-1
1792,3,909.86,529.73,107.99000000000001,132.64,1,-1,-1,-1
1793,3,910.31,529.18,108.78000000000009,133.6500000000001,1,-1,-1,-1
1794,3,910.75,528.62,109.59000000000003,134.67999999999995,1,-1,-1,-1
1795,3,911.2,528.07,110.38,135.68999999999994,1,-1,-1,-1
1796,3,911.65,527.51,111.18000000000006,136.72000000000003,1,-1,-1,-1
1797,3,912.5,526.15,111.97000000000003,137.75,1,-1,-1,-1
1798,3,913.35,524.8,112.76999999999987,138.7700000000001,1,-1,-1,-1
1799,3,914.19,523.45,113.56999999999994,139.77999999999997,1,-1,-1,-1
1800,3,915.04,522.09,114.36000000000013,140.80999999999995,1,-1,-1,-1
