1,9,864.01,596.04,114.16999999999996,100.97000000000003,1,-1,-1,-1
2,9,864.16,595.84,114.07000000000005,100.96999999999991,1,-1,-1,-1
3,9,864.31,595.65,113.97000000000003,100.96000000000004,1,-1,-1,-1
4,9,864.45,595.45,113.88999999999999,100.95999999999992,1,-1,-1,-1
5,9,864.6,595.25,113.78999999999996,100.96000000000004,1,-1,-1,-1
6,9,864.75,595.06,113.69000000000005,100.94000000000005,1,-1,-1,-1
7,9,864.9,594.86,113.59000000000003,100.93999999999994,1,-1,-1,-1
8,9,865.05,594.66,113.49000000000001,100.94000000000005,1,-1,-1,-1
9,9,865.19,594.46,113.40999999999997,100.93999999999994,1,-1,-1,-1
10,9,865.34,594.27,113.30999999999995,100.93000000000006,1,-1,-1,-1
11,9,865.49,594.07,113.21000000000004,100.92999999999995,1,-1,-1,-1
12,9,865.7,593.7,113.07999999999993,100.87,1,-1,-1,-1
13,9,865.9,593.33,112.96000000000004,100.80999999999995,1,-1,-1,-1
14,9,866.11,592.96,112.83000000000004,100.75,1,-1,-1,-1
15,9,866.31,592.59,112.71000000000004,100.68999999999994,1,-1,-1,-1
16,9,866.51,592.22,112.59000000000003,100.63,1,-1,-1,-1
17,9,866.72,591.85,112.45999999999992,100.56999999999994,1,-1,-1,-1
18,9,866.92,591.48,112.34000000000003,100.50999999999999,1,-1,-1,-1
19,9,867.13,591.11,112.21000000000004,100.44999999999993,1,-1,-1,-1
20,9,867.33,590.74,112.08999999999992,100.38999999999999,1,-1,-1,-1
21,9,867.54,590.37,111.96000000000004,100.33000000000004,1,-1,-1,-1
22,9,867.9,590.49,111.90999999999997,100.21000000000004,1,-1,-1,-1
23,9,868.26,591.08,111.85000000000002,99.95999999999992,1,-1,-1,-1
24,9,868.61,591.67,111.79999999999995,99.71000000000004,1,-1,-1,-1
25,9,868.97,592.26,111.73000000000002,99.46000000000004,1,-1,-1,-1
26,9,869.32,592.85,111.67999999999995,99.20999999999992,1,-1,-1,-1
27,9,869.68,593.44,111.62,98.95999999999992,1,-1,-1,-1
28,9,870.03,592.98,111.59000000000003,99.0,1,-1,-1,-1
29,9,870.39,592.52,111.55000000000007,99.02999999999997,1,-1,-1,-1
30,9,870.75,592.06,111.50999999999999,99.06000000000006,1,-1,-1,-1
31,9,871.1,591.6,111.48000000000002,99.10000000000002,1,-1,-1,-1
32,9,870.57,591.46,111.75999999999999,99.05999999999995,1,-1,-1,-1
33,9,870.03,591.32,112.06000000000006,99.02999999999997,1,-1,-1,-1
34,9,869.5,591.18,112.34000000000003,98.99000000000001,1,-1,-1,-1
35,9,868.97,591.04,112.62,98.95000000000005,1,-1,-1,-1
36,9,868.44,590.9,112.89999999999998,98.90999999999997,1,-1,-1,-1
37,9,867.91,590.76,113.18000000000006,98.87,1,-1,-1,-1
38,9,867.38,590.62,113.47000000000003,98.83000000000004,1,-1,-1,-1
39,9,866.84,590.48,113.75999999999999,98.79999999999995,1,-1,-1,-1
40,9,866.31,590.34,114.04000000000008,98.75999999999999,1,-1,-1,-1
41,9,865.78,590.2,114.32000000000005,98.71999999999991,1,-1,-1,-1
42,9,865.54,590.73,114.18000000000006,98.75,1,-1,-1,-1
43,9,865.31,591.27,114.03000000000009,98.76999999999998,1,-1,-1,-1
44,9,865.07,591.8,113.88999999999999,98.80000000000007,1,-1,-1,-1
45,9,864.83,592.33,113.75,98.81999999999994,1,-1,-1,-1
46,9,864.59,592.86,113.61000000000001,98.85000000000002,1,-1,-1,-1
47,9,864.36,593.4,113.46000000000004,98.87,1,-1,-1,-1
48,9,864.12,593.93,113.32000000000005,98.90000000000009,1,-1,-1,-1
49,9,863.88,594.46,113.17999999999995,98.91999999999996,1,-1,-1,-1
50,9,863.65,595.0,113.02999999999997,98.94000000000005,1,-1,-1,-1
51,9,863.41,595.53,112.88999999999999,98.97000000000003,1,-1,-1,-1
52,9,862.94,596.06,112.94999999999993,99.09000000000003,1,-1,-1,-1
53,9,862.47,596.59,113.00999999999999,99.20999999999992,1,-1,-1,-1
54,9,861.99,597.12,113.08000000000004,99.33000000000004,1,-1,-1,-1
55,9,861.52,597.66,113.13999999999999,99.44000000000005,1,-1,-1,-1
56,9,861.04,598.19,113.21000000000004,99.55999999999995,1,-1,-1,-1
57,9,860.57,598.72,113.26999999999998,99.67999999999995,1,-1,-1,-1
58,9,860.09,599.25,113.33999999999992,99.79999999999995,1,-1,-1,-1
59,9,859.62,599.79,113.39999999999998,99.91000000000008,1,-1,-1,-1
60,9,859.14,600.32,113.47000000000003,100.02999999999997,1,-1,-1,-1
61,9,858.67,600.85,113.53000000000009,100.14999999999998,1,-1,-1,-1
62,9,858.08,599.84,113.59999999999991,100.19999999999993,1,-1,-1,-1
63,9,857.49,598.83,113.66999999999996,100.25,1,-1,-1,-1
64,9,856.9,597.82,113.74000000000001,100.29999999999995,1,-1,-1,-1
65,9,856.31,596.81,113.81000000000006,100.35000000000002,1,-1,-1,-1
66,9,855.72,595.8,113.88,100.40000000000009,1,-1,-1,-1
67,9,855.12,594.79,113.96000000000004,100.45000000000005,1,-1,-1,-1
68,9,854.53,593.78,114.02999999999997,100.5,1,-1,-1,-1
69,9,853.94,592.76,114.09999999999991,100.56000000000006,1,-1,-1,-1
70,9,853.35,591.75,114.16999999999996,100.61000000000001,1,-1,-1,-1
71,9,852.76,590.74,114.24000000000001,100.65999999999997,1,-1,-1,-1
72,9,852.08,591.48,114.44999999999993,100.63,1,-1,-1,-1
73,9,851.41,592.22,114.63999999999999,100.60000000000002,1,-1,-1,-1
74,9,850.73,592.96,114.85000000000002,100.56999999999994,1,-1,-1,-1
75,9,850.06,593.7,115.05000000000007,100.53999999999996,1,-1,-1,-1
76,9,849.38,594.44,115.25,100.50999999999999,1,-1,-1,-1
77,9,848.7,595.18,115.45999999999992,100.48000000000002,1,-1,-1,-1
78,9,848.03,595.92,115.66000000000008,100.45000000000005,1,-1,-1,-1
79,9,847.35,596.66,115.87,100.42000000000007,1,-1,-1,-1
80,9,846.68,597.4,116.06000000000006,100.38999999999999,1,-1,-1,-1
81,9,846.0,598.14,116.26999999999998,100.36000000000001,1,-1,-1,-1
82,9,845.22,597.88,116.47000000000003,100.37,1,-1,-1,-1
83,9,844.45,597.63,116.66999999999996,100.36000000000001,1,-1,-1,-1
84,9,843.67,597.38,116.88,100.36000000000001,1,-1,-1,-1
85,9,842.89,597.12,117.08000000000004,100.36000000000001,1,-1,-1,-1
86,9,842.12,596.87,117.26999999999998,100.36000000000001,1,-1,-1,-1
87,9,841.34,596.61,117.48000000000002,100.36000000000001,1,-1,-1,-1
88,9,840.81,596.84,117.68000000000006,100.36000000000001,1,-1,-1,-1
89,9,840.27,597.08,117.88999999999999,100.34999999999991,1,-1,-1,-1
90,9,839.74,597.31,118.09000000000003,100.36000000000001,1,-1,-1,-1
91,9,839.2,597.54,118.29999999999995,100.36000000000001,1,-1,-1,-1
92,9,838.34,597.48,118.60000000000002,100.60000000000002,1,-1,-1,-1
93,9,837.48,597.42,118.89999999999998,100.84000000000003,1,-1,-1,-1
94,9,836.63,597.36,119.19000000000005,101.08000000000004,1,-1,-1,-1
95,9,835.77,597.3,119.49000000000001,101.32000000000005,1,-1,-1,-1
96,9,834.91,597.25,119.79000000000008,101.54999999999995,1,-1,-1,-1
97,9,834.05,597.19,120.09000000000003,101.78999999999996,1,-1,-1,-1
98,9,833.19,597.13,120.38999999999999,102.02999999999997,1,-1,-1,-1
99,9,832.34,597.07,120.67999999999995,102.26999999999998,1,-1,-1,-1
100,9,831.48,597.01,120.98000000000002,102.50999999999999,1,-1,-1,-1
101,9,830.62,596.95,121.27999999999997,102.75,1,-1,-1,-1
102,9,829.91,596.58,121.41000000000008,103.03999999999996,1,-1,-1,-1
103,9,829.21,596.22,121.52999999999997,103.31999999999994,1,-1,-1,-1
104,9,828.5,595.85,121.65999999999997,103.61000000000001,1,-1,-1,-1
105,9,827.79,595.49,121.79000000000008,103.88999999999999,1,-1,-1,-1
106,9,827.09,595.12,121.90999999999997,104.17999999999995,1,-1,-1,-1
107,9,826.38,594.75,122.03999999999996,104.47000000000003,1,-1,-1,-1
108,9,825.67,594.39,122.17000000000007,104.75,1,-1,-1,-1
109,9,824.96,594.02,122.29999999999995,105.03999999999996,1,-1,-1,-1
110,9,824.26,593.66,122.41999999999996,105.32000000000005,1,-1,-1,-1
111,9,823.55,593.29,122.55000000000007,105.61000000000001,1,-1,-1,-1
112,9,822.69,593.53,122.69999999999993,105.71000000000004,1,-1,-1,-1
113,9,821.82,593.76,122.8599999999999,105.82000000000005,1,-1,-1,-1
114,9,820.96,594.0,123.00999999999999,105.91999999999996,1,-1,-1,-1
115,9,820.1,594.23,123.15999999999997,106.02999999999997,1,-1,-1,-1
116,9,819.23,594.47,123.31999999999994,106.13,1,-1,-1,-1
117,9,818.37,594.71,123.47000000000003,106.23000000000002,1,-1,-1,-1
118,9,817.51,594.94,123.62,106.33999999999992,1,-1,-1,-1
119,9,816.65,595.18,123.76999999999998,106.44000000000005,1,-1,-1,-1
120,9,815.78,595.41,123.93000000000006,106.55000000000007,1,-1,-1,-1
121,9,814.92,595.65,124.08000000000004,106.64999999999998,1,-1,-1,-1
122,9,813.95,595.71,124.29999999999995,106.83999999999992,1,-1,-1,-1
123,9,812.97,595.77,124.52999999999997,107.02999999999997,1,-1,-1,-1
124,9,812.0,595.84,124.75,107.20999999999992,1,-1,-1,-1
125,9,811.02,595.9,124.98000000000002,107.39999999999998,1,-1,-1,-1
126,9,810.05,595.96,125.20000000000005,107.58999999999992,1,-1,-1,-1
127,9,809.08,596.02,125.41999999999996,107.77999999999997,1,-1,-1,-1
128,9,808.1,596.08,125.64999999999998,107.96999999999991,1,-1,-1,-1
129,9,807.13,596.15,125.87,108.14999999999998,1,-1,-1,-1
130,9,806.15,596.21,126.10000000000002,108.33999999999992,1,-1,-1,-1
131,9,805.18,596.27,126.32000000000005,108.52999999999997,1,-1,-1,-1
132,9,804.62,595.11,126.48000000000002,108.84000000000003,1,-1,-1,-1
133,9,804.05,593.95,126.65000000000009,109.14999999999998,1,-1,-1,-1
134,9,803.49,592.79,126.80999999999995,109.46000000000004,1,-1,-1,-1
135,9,802.92,591.63,126.98000000000002,109.77999999999997,1,-1,-1,-1
136,9,802.36,590.47,127.13999999999999,110.08999999999992,1,-1,-1,-1
137,9,801.79,589.31,127.31000000000006,110.40000000000009,1,-1,-1,-1
138,9,801.23,588.15,127.47000000000003,110.71000000000004,1,-1,-1,-1
139,9,800.77,587.72,128.02999999999997,111.01999999999998,1,-1,-1,-1
140,9,800.31,587.28,128.59000000000003,111.34000000000003,1,-1,-1,-1
141,9,799.85,586.85,129.14999999999998,111.64999999999998,1,-1,-1,-1
142,9,799.14,587.48,129.48000000000002,111.87,1,-1,-1,-1
143,9,798.44,588.12,129.79999999999995,112.07000000000005,1,-1,-1,-1
144,9,797.74,588.75,130.12,112.28999999999996,1,-1,-1,-1
145,9,797.03,589.38,130.45000000000005,112.50999999999999,1,-1,-1,-1
146,9,796.32,590.5,130.77999999999997,112.73000000000002,1,-1,-1,-1
147,9,795.62,591.61,131.10000000000002,112.94999999999993,1,-1,-1,-1
148,9,794.91,592.73,131.43000000000006,113.15999999999997,1,-1,-1,-1
149,9,794.2,593.85,131.76,113.38,1,-1,-1,-1
150,9,793.5,594.96,132.08000000000004,113.59999999999991,1,-1,-1,-1
151,9,792.79,596.08,132.41000000000008,113.81999999999994,1,-1,-1,-1
152,9,792.04,596.81,132.86,114.09000000000003,1,-1,-1,-1
153,9,791.28,597.54,133.32000000000005,114.36000000000001,1,-1,-1,-1
154,9,790.53,598.28,133.76999999999998,114.62,1,-1,-1,-1
155,9,789.78,599.01,134.22000000000003,114.88999999999999,1,-1,-1,-1
156,9,789.02,599.74,134.68000000000006,115.15999999999997,1,-1,-1,-1
157,9,788.27,600.47,135.13,115.42999999999995,1,-1,-1,-1
158,9,787.52,601.21,135.58000000000004,115.68999999999994,1,-1,-1,-1
159,9,786.76,601.94,136.03999999999996,115.95999999999992,1,-1,-1,-1
160,9,786.01,602.67,136.49,116.23000000000002,1,-1,-1,-1
161,9,785.26,602.11,136.94000000000005,116.49000000000001,1,-1,-1,-1
162,9,784.62,601.22,137.42999999999995,116.87,1,-1,-1,-1
163,9,783.98,600.32,137.91999999999996,117.25999999999999,1,-1,-1,-1
164,9,783.34,599.43,138.40999999999997,117.6400000000001,1,-1,-1,-1
165,9,782.7,597.98,138.89999999999998,118.01999999999998,1,-1,-1,-1
166,9,782.06,596.53,139.3900000000001,118.41000000000008,1,-1,-1,-1
167,9,781.42,595.08,139.88,118.78999999999996,1,-1,-1,-1
168,9,780.77,593.64,140.38,119.15999999999997,1,-1,-1,-1
169,9,780.13,592.19,140.87,119.53999999999996,1,-1,-1,-1
170,9,779.49,590.74,141.36,119.92999999999995,1,-1,-1,-1
171,9,778.85,589.29,141.85000000000002,120.31000000000006,1,-1,-1,-1
172,9,778.24,588.78,142.35000000000002,120.54000000000008,1,-1,-1,-1
173,9,777.64,588.28,142.83000000000004,120.75,1,-1,-1,-1
174,9,777.03,587.77,143.33000000000004,120.98000000000002,1,-1,-1,-1
175,9,777.09,587.51,143.81999999999994,121.21000000000004,1,-1,-1,-1
176,9,777.14,587.26,144.32000000000005,121.41999999999996,1,-1,-1,-1
177,9,777.2,587.0,144.80999999999995,121.64999999999998,1,-1,-1,-1
178,9,776.29,588.06,144.41000000000008,121.86000000000001,1,-1,-1,-1
179,9,775.37,589.11,144.02999999999997,122.09000000000003,1,-1,-1,-1
180,9,775.04,589.58,145.41000000000008,122.31999999999994,1,-1,-1,-1
181,9,774.71,590.05,146.78999999999996,122.55000000000007,1,-1,-1,-1
182,9,774.19,591.05,147.2399999999999,122.85000000000002,1,-1,-1,-1
183,9,773.66,592.05,147.70000000000005,123.16000000000008,1,-1,-1,-1
184,9,773.14,593.04,148.15999999999997,123.47000000000003,1,-1,-1,-1
185,9,772.61,594.04,148.62,123.78000000000009,1,-1,-1,-1
186,9,772.09,595.04,149.06999999999994,124.08000000000004,1,-1,-1,-1
187,9,771.78,595.17,149.52999999999997,124.38999999999999,1,-1,-1,-1
188,9,771.48,595.3,149.98000000000002,124.69000000000005,1,-1,-1,-1
189,9,771.17,595.44,150.43000000000006,124.9899999999999,1,-1,-1,-1
190,9,770.87,595.57,150.88,125.28999999999996,1,-1,-1,-1
191,9,770.56,595.7,151.34000000000003,125.59999999999991,1,-1,-1,-1
192,9,770.54,594.99,151.9000000000001,126.16999999999996,1,-1,-1,-1
193,9,770.52,594.28,152.46000000000004,126.73000000000002,1,-1,-1,-1
194,9,770.5,593.56,153.02999999999997,127.31000000000006,1,-1,-1,-1
195,9,770.48,592.85,153.59000000000003,127.88,1,-1,-1,-1
196,9,770.46,592.14,154.14999999999998,128.45000000000005,1,-1,-1,-1
197,9,770.44,591.43,154.70999999999992,129.0100000000001,1,-1,-1,-1
198,9,770.42,590.72,155.2700000000001,129.57999999999993,1,-1,-1,-1
199,9,770.4,590.0,155.84000000000003,130.15999999999997,1,-1,-1,-1
200,9,770.38,589.29,156.39999999999998,130.72000000000003,1,-1,-1,-1
201,9,770.36,588.58,156.96000000000004,131.28999999999996,1,-1,-1,-1
202,9,770.61,588.59,157.38,131.65999999999997,1,-1,-1,-1
203,9,770.85,588.6,157.80999999999995,132.02999999999997,1,-1,-1,-1
204,9,771.1,588.62,158.22000000000003,132.39999999999998,1,-1,-1,-1
205,9,771.34,588.63,158.64999999999998,132.76999999999998,1,-1,-1,-1
206,9,771.59,588.64,159.06999999999994,133.14,1,-1,-1,-1
207,9,771.83,588.65,159.5,133.51,1,-1,-1,-1
208,9,772.08,588.67,159.90999999999997,133.88,1,-1,-1,-1
209,9,772.32,588.68,160.33999999999992,134.25,1,-1,-1,-1
210,9,772.57,588.69,160.76,134.6199999999999,1,-1,-1,-1
211,9,772.82,587.41,161.17999999999995,134.99,1,-1,-1,-1
212,9,772.82,587.92,161.69999999999993,135.42000000000007,1,-1,-1,-1
213,9,772.81,588.42,162.23000000000002,135.86,1,-1,-1,-1
214,9,772.81,588.93,162.75,136.29000000000008,1,-1,-1,-1
215,9,772.8,589.43,163.2800000000001,136.73000000000002,1,-1,-1,-1
216,9,772.8,589.94,163.80000000000007,137.15999999999997,1,-1,-1,-1
217,9,772.58,589.36,164.77999999999997,138.77999999999997,1,-1,-1,-1
218,9,772.36,588.78,165.76,140.39999999999998,1,-1,-1,-1
219,9,772.13,588.2,166.75,142.01999999999998,1,-1,-1,-1
220,9,771.91,587.62,167.73000000000002,143.64,1,-1,-1,-1
221,9,771.69,587.04,168.70999999999992,145.26,1,-1,-1,-1
222,9,771.43,586.54,169.23000000000002,145.29000000000008,1,-1,-1,-1
223,9,771.16,586.04,169.76,145.33000000000004,1,-1,-1,-1
224,9,770.9,585.54,170.27999999999997,145.36,1,-1,-1,-1
225,9,770.64,585.05,170.80000000000007,145.38,1,-1,-1,-1
226,9,770.37,584.55,171.33000000000004,145.42000000000007,1,-1,-1,-1
227,9,770.11,584.05,171.85000000000002,145.45000000000005,1,-1,-1,-1
228,9,769.85,584.23,172.37,146.16999999999996,1,-1,-1,-1
229,9,769.59,584.41,172.89,146.89,1,-1,-1,-1
230,9,769.32,584.59,173.41999999999996,147.61,1,-1,-1,-1
231,9,769.06,584.77,173.94000000000005,148.33000000000004,1,-1,-1,-1
232,9,768.34,585.3,174.91999999999996,148.74,1,-1,-1,-1
233,9,767.63,585.83,175.89,149.14999999999998,1,-1,-1,-1
234,9,766.91,586.35,176.87,149.56999999999994,1,-1,-1,-1
235,9,766.2,586.88,177.83999999999992,149.98000000000002,1,-1,-1,-1
236,9,765.48,587.41,178.81999999999994,150.39,1,-1,-1,-1
237,9,764.76,587.94,179.79999999999995,150.79999999999995,1,-1,-1,-1
238,9,764.05,588.47,180.7700000000001,151.20999999999992,1,-1,-1,-1
239,9,763.33,588.99,181.75,151.63,1,-1,-1,-1
240,9,762.62,589.52,182.72000000000003,152.03999999999996,1,-1,-1,-1
241,9,761.9,590.05,183.70000000000005,152.45000000000005,1,-1,-1,-1
242,9,761.15,588.96,184.56000000000006,153.3499999999999,1,-1,-1,-1
243,9,760.39,587.86,185.43000000000006,154.26,1,-1,-1,-1
244,9,759.64,586.77,186.28999999999996,155.15999999999997,1,-1,-1,-1
245,9,758.88,585.68,187.15999999999997,156.06000000000006,1,-1,-1,-1
246,9,758.13,584.59,188.01999999999998,156.95999999999992,1,-1,-1,-1
247,9,757.38,583.49,188.88,157.87,1,-1,-1,-1
248,9,756.62,582.4,189.75,158.76999999999998,1,-1,-1,-1
249,9,755.87,581.31,190.61,159.67000000000007,1,-1,-1,-1
250,9,755.11,580.21,191.48000000000002,160.57999999999993,1,-1,-1,-1
251,9,754.36,579.12,192.34000000000003,161.48000000000002,1,-1,-1,-1
252,9,753.15,578.85,193.31000000000006,162.91999999999996,1,-1,-1,-1
253,9,751.95,578.58,194.26999999999998,164.3499999999999,1,-1,-1,-1
254,9,750.74,578.32,195.24,165.77999999999997,1,-1,-1,-1
255,9,749.54,578.05,196.20000000000005,167.21000000000004,1,-1,-1,-1
256,9,748.33,577.78,197.16999999999996,168.64999999999998,1,-1,-1,-1
257,9,747.12,575.41,198.14,170.09000000000003,1,-1,-1,-1
258,9,746.14,576.15,199.11,170.37,1,-1,-1,-1
259,9,745.16,576.89,200.07000000000005,170.65999999999997,1,-1,-1,-1
260,9,744.18,577.63,201.04000000000008,170.95000000000005,1,-1,-1,-1
261,9,743.2,578.37,202.0,171.23000000000002,1,-1,-1,-1
262,9,741.88,578.93,202.94000000000005,172.21000000000004,1,-1,-1,-1
263,9,740.57,579.48,203.87,173.19999999999993,1,-1,-1,-1
264,9,739.25,580.04,204.80999999999995,174.18000000000006,1,-1,-1,-1
265,9,737.93,579.53,205.75,175.16000000000008,1,-1,-1,-1
266,9,736.62,579.02,206.67999999999995,176.14,1,-1,-1,-1
267,9,735.3,578.51,207.62,177.12,1,-1,-1,-1
268,9,733.98,578.0,208.55999999999995,178.10000000000002,1,-1,-1,-1
269,9,732.74,576.62,209.41999999999996,178.85000000000002,1,-1,-1,-1
270,9,731.49,575.23,210.28999999999996,179.60000000000002,1,-1,-1,-1
271,9,730.25,573.85,211.14999999999998,180.35000000000002,1,-1,-1,-1
272,9,728.67,575.54,211.73000000000002,180.62,1,-1,-1,-1
273,9,727.75,575.26,212.29999999999995,180.89,1,-1,-1,-1
274,9,726.83,574.98,212.87,181.15999999999997,1,-1,-1,-1
275,9,725.91,574.7,213.45000000000005,181.42999999999995,1,-1,-1,-1
276,9,724.98,574.42,214.02999999999997,181.70000000000005,1,-1,-1,-1
277,9,724.06,574.14,214.60000000000002,181.96000000000004,1,-1,-1,-1
278,9,723.14,573.86,215.18000000000006,182.23000000000002,1,-1,-1,-1
279,9,722.22,573.58,215.75,182.5,1,-1,-1,-1
280,9,721.3,573.3,216.32000000000005,182.7700000000001,1,-1,-1,-1
281,9,719.7,573.85,218.69999999999993,186.04999999999995,1,-1,-1,-1
282,9,718.39,574.6,218.88,186.04999999999995,1,-1,-1,-1
283,9,717.08,575.36,219.04999999999995,186.03999999999996,1,-1,-1,-1
284,9,715.77,576.11,219.23000000000002,186.03999999999996,1,-1,-1,-1
285,9,714.46,576.18,219.40999999999997,186.04000000000008,1,-1,-1,-1
286,9,713.15,576.25,219.59000000000003,186.02999999999997,1,-1,-1,-1
287,9,711.84,576.33,219.76,186.01999999999998,1,-1,-1,-1
288,9,710.53,576.4,219.94000000000005,186.01999999999998,1,-1,-1,-1
289,9,709.21,576.32,220.12,187.03999999999996,1,-1,-1,-1
290,9,707.9,575.07,220.30000000000007,188.06999999999994,1,-1,-1,-1
291,9,706.59,575.21,222.30999999999995,188.28999999999996,1,-1,-1,-1
292,9,704.51,575.49,222.73000000000002,188.18999999999994,1,-1,-1,-1
293,9,702.43,575.77,223.1500000000001,188.09000000000003,1,-1,-1,-1
294,9,700.34,576.06,223.57999999999993,187.98000000000002,1,-1,-1,-1
295,9,698.26,576.34,224.0,187.88,1,-1,-1,-1
296,9,696.18,576.62,224.42000000000007,187.77999999999997,1,-1,-1,-1
297,9,693.9,578.35,225.05000000000007,189.18999999999994,1,-1,-1,-1
298,9,691.62,580.09,225.66999999999996,190.60000000000002,1,-1,-1,-1
299,9,689.34,581.82,226.29999999999995,192.01,1,-1,-1,-1
300,9,687.55,582.1,226.92000000000007,193.41999999999996,1,-1,-1,-1
301,9,685.76,582.37,227.53999999999996,194.83000000000004,1,-1,-1,-1
302,9,683.21,582.7,228.25,194.33999999999992,1,-1,-1,-1
303,9,680.66,583.04,228.95000000000005,193.85000000000002,1,-1,-1,-1
304,9,678.11,583.37,229.65999999999997,193.36,1,-1,-1,-1
305,9,675.55,583.71,230.38,192.86,1,-1,-1,-1
306,9,673.0,584.04,231.09000000000003,192.37,1,-1,-1,-1
307,9,670.45,584.38,231.78999999999996,191.88,1,-1,-1,-1
308,9,667.9,584.71,232.5,191.39,1,-1,-1,-1
309,9,665.61,583.5,233.22000000000003,192.97000000000003,1,-1,-1,-1
310,9,663.31,582.28,233.96000000000004,194.55000000000007,1,-1,-1,-1
311,9,661.02,581.07,234.68000000000006,196.13,1,-1,-1,-1
312,9,658.73,580.23,235.48000000000002,196.39,1,-1,-1,-1
313,9,656.43,579.39,236.30000000000007,196.65999999999997,1,-1,-1,-1
314,9,654.14,578.55,237.10000000000002,196.92000000000007,1,-1,-1,-1
315,9,651.85,576.78,237.89999999999998,197.18000000000006,1,-1,-1,-1
316,9,649.56,575.01,238.70000000000005,197.44000000000005,1,-1,-1,-1
317,9,647.26,573.23,239.51999999999998,197.72000000000003,1,-1,-1,-1
318,9,644.97,571.46,240.31999999999994,197.98000000000002,1,-1,-1,-1
319,9,642.68,569.69,241.12,198.2399999999999,1,-1,-1,-1
320,9,642.09,566.91,239.86,198.5,1,-1,-1,-1
321,9,641.49,564.14,238.61,198.76,1,-1,-1,-1
322,9,640.4,563.05,238.89999999999998,197.98000000000002,1,-1,-1,-1
323,9,639.3,561.96,239.21000000000004,197.20999999999992,1,-1,-1,-1
324,9,638.21,560.87,239.5,196.42999999999995,1,-1,-1,-1
325,9,637.11,559.78,239.80999999999995,195.66000000000008,1,-1,-1,-1
326,9,636.02,558.69,240.10000000000002,194.88,1,-1,-1,-1
327,9,635.81,560.17,239.55000000000007,194.09000000000003,1,-1,-1,-1
328,9,635.6,561.65,238.99,193.29000000000008,1,-1,-1,-1
329,9,635.4,563.13,238.43000000000006,192.5,1,-1,-1,-1
330,9,635.19,564.61,237.8699999999999,191.69999999999993,1,-1,-1,-1
331,9,634.98,566.09,237.31999999999994,190.90999999999997,1,-1,-1,-1
332,9,634.72,567.55,236.53999999999996,189.79000000000008,1,-1,-1,-1
333,9,634.46,569.02,235.76,188.65999999999997,1,-1,-1,-1
334,9,634.2,570.48,234.9799999999999,187.53999999999996,1,-1,-1,-1
335,9,633.94,570.39,234.19999999999993,186.40999999999997,1,-1,-1,-1
336,9,633.68,570.11,233.42000000000007,185.74,1,-1,-1,-1
337,9,633.42,569.83,232.64,185.06999999999994,1,-1,-1,-1
338,9,633.15,569.55,231.87,184.4000000000001,1,-1,-1,-1
339,9,632.89,569.26,231.09000000000003,183.74,1,-1,-1,-1
340,9,632.63,568.98,230.31000000000006,183.06999999999994,1,-1,-1,-1
341,9,632.37,568.7,229.52999999999997,182.39999999999998,1,-1,-1,-1
342,9,632.51,568.48,228.03999999999996,181.53999999999996,1,-1,-1,-1
343,9,632.64,568.27,226.56000000000006,180.68000000000006,1,-1,-1,-1
344,9,632.78,568.05,225.07000000000005,179.83000000000004,1,-1,-1,-1
345,9,632.92,567.83,223.58000000000004,178.9699999999999,1,-1,-1,-1
346,9,632.83,569.42,222.75,178.10000000000002,1,-1,-1,-1
347,9,632.74,571.01,221.92999999999995,177.22000000000003,1,-1,-1,-1
348,9,632.64,572.61,221.11,176.34000000000003,1,-1,-1,-1
349,9,632.55,574.2,220.2800000000001,175.4699999999999,1,-1,-1,-1
350,9,632.46,575.79,219.45999999999992,174.59000000000003,1,-1,-1,-1
351,9,632.37,577.38,218.63,173.72000000000003,1,-1,-1,-1
352,9,632.47,579.47,217.67999999999995,172.5,1,-1,-1,-1
353,9,632.57,581.56,216.7299999999999,171.2700000000001,1,-1,-1,-1
354,9,632.67,583.65,215.7800000000001,170.05000000000007,1,-1,-1,-1
355,9,632.55,584.02,214.84000000000003,168.82000000000005,1,-1,-1,-1
356,9,632.44,584.38,213.88,167.61,1,-1,-1,-1
357,9,632.32,584.75,212.93999999999994,166.38,1,-1,-1,-1
358,9,632.2,585.12,211.99,165.14999999999998,1,-1,-1,-1
359,9,632.08,585.49,211.04999999999995,163.91999999999996,1,-1,-1,-1
360,9,631.97,585.85,210.08999999999992,162.70999999999992,1,-1,-1,-1
361,9,631.85,586.22,209.14999999999998,161.48000000000002,1,-1,-1,-1
362,9,631.68,585.33,208.56000000000006,161.39,1,-1,-1,-1
363,9,631.51,584.44,207.96000000000004,161.29999999999995,1,-1,-1,-1
364,9,631.34,583.55,207.37,161.21000000000004,1,-1,-1,-1
365,9,631.5,583.66,206.77999999999997,161.12,1,-1,-1,-1
366,9,631.67,583.78,206.18000000000006,161.01999999999998,1,-1,-1,-1
367,9,631.83,583.89,205.58999999999992,160.93000000000006,1,-1,-1,-1
368,9,631.99,584.0,205.0,160.84000000000003,1,-1,-1,-1
369,9,632.15,584.11,204.40999999999997,160.75,1,-1,-1,-1
370,9,632.32,584.23,203.80999999999995,160.64999999999998,1,-1,-1,-1
371,9,632.48,584.34,203.22000000000003,160.55999999999995,1,-1,-1,-1
372,9,631.81,585.2,202.9000000000001,160.0,1,-1,-1,-1
373,9,631.14,586.06,202.59000000000003,159.44000000000005,1,-1,-1,-1
374,9,630.47,586.92,202.26999999999998,158.88,1,-1,-1,-1
375,9,629.81,587.78,201.95000000000005,158.32000000000005,1,-1,-1,-1
376,9,629.14,588.64,201.63,157.76,1,-1,-1,-1
377,9,628.47,589.5,201.31999999999994,157.20000000000005,1,-1,-1,-1
378,9,627.8,590.36,201.0,156.64,1,-1,-1,-1
379,9,627.35,590.36,201.75,156.93999999999994,1,-1,-1,-1
380,9,626.9,590.36,202.5,157.24,1,-1,-1,-1
381,9,626.45,590.36,203.25,157.53999999999996,1,-1,-1,-1
382,9,626.03,590.14,203.17000000000007,157.09000000000003,1,-1,-1,-1
383,9,625.61,589.92,203.10000000000002,156.6500000000001,1,-1,-1,-1
384,9,625.2,589.7,203.01,156.19999999999993,1,-1,-1,-1
385,9,624.78,589.49,202.93000000000006,155.74,1,-1,-1,-1
386,9,624.36,589.27,202.86,155.30000000000007,1,-1,-1,-1
387,9,623.94,589.05,202.77999999999997,154.85000000000002,1,-1,-1,-1
388,9,624.34,587.2,202.69999999999993,154.39999999999998,1,-1,-1,-1
389,9,624.04,586.75,202.62,153.95000000000005,1,-1,-1,-1
390,9,623.74,586.29,202.53999999999996,153.51,1,-1,-1,-1
391,9,623.44,585.84,202.45999999999992,153.05999999999995,1,-1,-1,-1
392,9,623.59,585.73,202.35000000000002,153.13,1,-1,-1,-1
393,9,623.74,585.61,202.24,153.21000000000004,1,-1,-1,-1
394,9,623.89,585.5,202.13,153.27999999999997,1,-1,-1,-1
395,9,624.04,585.39,202.01999999999998,153.35000000000002,1,-1,-1,-1
396,9,624.19,585.28,201.90999999999997,153.42000000000007,1,-1,-1,-1
397,9,624.34,585.16,201.79999999999995,153.5,1,-1,-1,-1
398,9,624.49,585.05,201.68999999999994,153.57000000000005,1,-1,-1,-1
399,9,624.64,584.94,201.58000000000004,153.64,1,-1,-1,-1
400,9,624.79,584.82,201.47000000000003,153.7199999999999,1,-1,-1,-1
401,9,624.94,584.71,201.3599999999999,153.78999999999996,1,-1,-1,-1
402,9,625.39,585.45,201.06000000000006,153.76999999999998,1,-1,-1,-1
403,9,625.84,586.19,200.76,153.75,1,-1,-1,-1
404,9,626.3,586.93,200.45000000000005,153.74,1,-1,-1,-1
405,9,626.75,587.67,200.14999999999998,153.72000000000003,1,-1,-1,-1
406,9,627.2,588.41,199.8499999999999,153.70000000000005,1,-1,-1,-1
407,9,627.65,589.15,199.55000000000007,153.68000000000006,1,-1,-1,-1
408,9,628.11,589.89,199.24,153.66999999999996,1,-1,-1,-1
409,9,628.56,590.63,198.94000000000005,153.64999999999998,1,-1,-1,-1
410,9,629.01,591.37,198.64,153.63,1,-1,-1,-1
411,9,629.46,592.04,199.14,153.16000000000008,1,-1,-1,-1
412,9,629.47,592.41,198.78999999999996,153.12,1,-1,-1,-1
413,9,629.48,592.78,198.44999999999993,153.09000000000003,1,-1,-1,-1
414,9,629.49,593.15,198.10000000000002,153.05000000000007,1,-1,-1,-1
415,9,629.72,592.32,198.01999999999998,152.82999999999993,1,-1,-1,-1
416,9,629.95,591.49,197.93999999999994,152.61,1,-1,-1,-1
417,9,630.18,590.66,197.86,152.39,1,-1,-1,-1
418,9,630.41,589.83,197.7800000000001,152.16999999999996,1,-1,-1,-1
419,9,630.72,588.5,197.70999999999992,152.92999999999995,1,-1,-1,-1
420,9,631.04,587.17,197.62,153.70000000000005,1,-1,-1,-1
421,9,631.35,585.84,197.54999999999995,154.45999999999992,1,-1,-1,-1
422,9,630.56,586.03,197.81000000000006,154.38,1,-1,-1,-1
423,9,629.77,586.22,198.07000000000005,154.29999999999995,1,-1,-1,-1
424,9,628.98,586.41,198.32999999999993,154.22000000000003,1,-1,-1,-1
425,9,628.19,586.6,198.58999999999992,154.14,1,-1,-1,-1
426,9,627.39,586.79,198.86,154.06000000000006,1,-1,-1,-1
427,9,626.6,586.97,199.12,153.99,1,-1,-1,-1
428,9,625.81,587.16,199.3800000000001,153.91000000000008,1,-1,-1,-1
429,9,625.02,587.35,199.64,153.82999999999993,1,-1,-1,-1
430,9,624.23,587.54,199.89999999999998,153.75,1,-1,-1,-1
431,9,623.44,587.73,200.15999999999997,153.66999999999996,1,-1,-1,-1
432,9,623.14,588.0,201.15999999999997,154.04999999999995,1,-1,-1,-1
433,9,622.84,588.27,202.15999999999997,154.43000000000006,1,-1,-1,-1
434,9,621.49,588.54,202.65999999999997,154.81000000000006,1,-1,-1,-1
435,9,620.14,588.81,203.15999999999997,155.19000000000005,1,-1,-1,-1
436,9,618.79,589.08,203.66000000000008,155.56999999999994,1,-1,-1,-1
437,9,617.44,589.36,204.15999999999997,155.93999999999994,1,-1,-1,-1
438,9,616.09,589.63,204.65999999999997,156.32000000000005,1,-1,-1,-1
439,9,614.74,589.9,205.15999999999997,156.70000000000005,1,-1,-1,-1
440,9,613.39,590.17,205.65999999999997,157.08000000000004,1,-1,-1,-1
441,9,612.04,590.44,206.16000000000008,157.45999999999992,1,-1,-1,-1
442,9,610.47,590.39,206.80999999999995,157.77999999999997,1,-1,-1,-1
443,9,608.89,590.33,207.47000000000003,158.11,1,-1,-1,-1
444,9,607.32,590.28,208.12,158.43000000000006,1,-1,-1,-1
445,9,605.75,590.22,208.76999999999998,158.76,1,-1,-1,-1
446,9,604.17,590.17,209.43000000000006,159.08000000000004,1,-1,-1,-1
447,9,602.6,590.12,210.07999999999993,159.39999999999998,1,-1,-1,-1
448,9,601.03,590.06,210.73000000000002,159.73000000000002,1,-1,-1,-1
449,9,599.46,590.01,211.38,160.04999999999995,1,-1,-1,-1
450,9,597.88,589.95,212.03999999999996,160.38,1,-1,-1,-1
451,9,596.31,589.9,212.69000000000005,160.70000000000005,1,-1,-1,-1
452,9,594.68,589.15,212.70000000000005,160.76,1,-1,-1,-1
453,9,593.05,588.41,212.71000000000004,160.81000000000006,1,-1,-1,-1
454,9,591.43,587.66,212.71000000000004,160.88,1,-1,-1,-1
455,9,589.8,586.92,212.72000000000003,160.93000000000006,1,-1,-1,-1
456,9,588.17,586.17,212.73000000000002,160.99,1,-1,-1,-1
457,9,586.54,586.48,213.88,160.89,1,-1,-1,-1
458,9,584.91,586.79,215.0300000000001,160.79000000000008,1,-1,-1,-1
459,9,583.29,587.11,216.17000000000007,160.66999999999996,1,-1,-1,-1
460,9,581.66,587.42,217.32000000000005,160.57000000000005,1,-1,-1,-1
461,9,580.03,587.73,218.47000000000003,160.47000000000003,1,-1,-1,-1
462,9,577.69,587.5,219.3499999999999,161.16999999999996,1,-1,-1,-1
463,9,575.34,587.26,220.24,161.88,1,-1,-1,-1
464,9,573.0,587.02,221.12,162.59000000000003,1,-1,-1,-1
465,9,570.65,586.79,222.01,163.29000000000008,1,-1,-1,-1
466,9,568.31,586.56,222.8900000000001,163.99,1,-1,-1,-1
467,9,565.97,586.32,223.76999999999998,164.69999999999993,1,-1,-1,-1
468,9,563.62,586.09,224.65999999999997,165.39999999999998,1,-1,-1,-1
469,9,561.28,585.85,225.54000000000008,166.11,1,-1,-1,-1
470,9,558.93,585.62,226.43000000000006,166.80999999999995,1,-1,-1,-1
471,9,556.59,585.38,227.30999999999995,167.51999999999998,1,-1,-1,-1
472,9,554.06,585.12,228.57000000000005,167.83000000000004,1,-1,-1,-1
473,9,551.54,584.86,229.82000000000005,168.14,1,-1,-1,-1
474,9,549.01,584.59,231.09000000000003,168.44999999999993,1,-1,-1,-1
475,9,546.49,584.33,232.34000000000003,168.76,1,-1,-1,-1
476,9,543.96,584.07,233.5999999999999,169.06999999999994,1,-1,-1,-1
477,9,541.33,584.33,234.86,169.38,1,-1,-1,-1
478,9,538.7,584.59,236.12,169.68999999999994,1,-1,-1,-1
479,9,536.07,584.86,237.37,170.0,1,-1,-1,-1
480,9,533.44,585.12,238.63,170.30999999999995,1,-1,-1,-1
481,9,530.81,585.38,239.8900000000001,170.62,1,-1,-1,-1
482,9,527.82,586.0,241.2399999999999,171.47000000000003,1,-1,-1,-1
483,9,524.82,586.63,242.58999999999992,172.31000000000006,1,-1,-1,-1
484,9,522.23,586.44,243.93999999999994,173.14999999999998,1,-1,-1,-1
485,9,519.64,586.25,245.28999999999996,174.0,1,-1,-1,-1
486,9,517.06,586.06,246.6300000000001,174.84000000000003,1,-1,-1,-1
487,9,514.47,585.87,247.98000000000002,175.67999999999995,1,-1,-1,-1
488,9,511.88,585.67,249.34000000000003,176.5300000000001,1,-1,-1,-1
489,9,509.3,585.48,250.68,177.38,1,-1,-1,-1
490,9,506.71,585.29,252.03000000000003,178.22000000000003,1,-1,-1,-1
491,9,504.12,585.1,253.38,179.05999999999995,1,-1,-1,-1
492,9,501.3,585.24,255.11999999999995,179.39,1,-1,-1,-1
493,9,498.48,585.38,256.86,179.71000000000004,1,-1,-1,-1
494,9,495.66,585.52,258.59999999999997,180.03999999999996,1,-1,-1,-1
495,9,492.84,585.66,260.34,180.36,1,-1,-1,-1
496,9,490.02,585.8,262.08000000000004,180.69000000000005,1,-1,-1,-1
497,9,486.91,585.17,264.10999999999996,180.75,1,-1,-1,-1
498,9,483.81,584.53,266.13000000000005,180.81000000000006,1,-1,-1,-1
499,9,480.7,583.9,268.16,180.87,1,-1,-1,-1
500,9,478.31,582.6,269.46999999999997,181.59000000000003,1,-1,-1,-1
501,9,475.91,581.3,270.79,182.32000000000005,1,-1,-1,-1
502,9,474.16,580.87,271.61999999999995,182.97000000000003,1,-1,-1,-1
503,9,472.4,580.44,272.46000000000004,183.6199999999999,1,-1,-1,-1
504,9,470.65,580.01,273.2900000000001,184.26999999999998,1,-1,-1,-1
505,9,468.9,579.58,274.12,184.91999999999996,1,-1,-1,-1
506,9,466.09,579.15,276.01000000000005,185.93000000000006,1,-1,-1,-1
507,9,463.28,578.72,277.9,186.92999999999995,1,-1,-1,-1
508,9,460.47,578.29,279.78999999999996,187.94000000000005,1,-1,-1,-1
509,9,457.66,577.86,281.68,188.94999999999993,1,-1,-1,-1
510,9,454.85,577.43,283.56999999999994,189.95000000000005,1,-1,-1,-1
511,9,452.04,577.0,285.46,190.96000000000004,1,-1,-1,-1
512,9,449.0,577.49,287.14,191.65999999999997,1,-1,-1,-1
513,9,445.96,577.98,288.82,192.37,1,-1,-1,-1
514,9,442.93,578.47,290.48999999999995,193.06999999999994,1,-1,-1,-1
515,9,439.89,578.96,292.16999999999996,193.76999999999998,1,-1,-1,-1
516,9,436.85,579.45,293.85,194.4699999999999,1,-1,-1,-1
517,9,433.81,579.94,295.53000000000003,195.17999999999995,1,-1,-1,-1
518,9,430.77,580.43,297.21000000000004,195.88,1,-1,-1,-1
519,9,427.74,580.92,298.88,196.58000000000004,1,-1,-1,-1
520,9,424.7,581.41,300.56,197.29000000000008,1,-1,-1,-1
521,9,421.66,581.9,302.23999999999995,197.99,1,-1,-1,-1
522,9,419.07,582.05,303.69,198.6500000000001,1,-1,-1,-1
523,9,416.48,582.2,305.14,199.30999999999995,1,-1,-1,-1
524,9,413.89,582.35,306.59000000000003,199.97000000000003,1,-1,-1,-1
525,9,411.3,582.5,308.04,200.63,1,-1,-1,-1
526,9,409.41,581.95,308.79,201.99,1,-1,-1,-1
527,9,407.52,581.4,309.53999999999996,203.35000000000002,1,-1,-1,-1
528,9,405.63,580.85,310.28999999999996,204.72000000000003,1,-1,-1,-1
529,9,403.74,580.29,311.03999999999996,206.09000000000003,1,-1,-1,-1
530,9,401.85,579.74,311.78999999999996,207.45000000000005,1,-1,-1,-1
531,9,399.96,579.19,312.54,208.80999999999995,1,-1,-1,-1
532,9,396.63,578.95,314.78,209.5,1,-1,-1,-1
533,9,393.3,578.71,317.02000000000004,210.18999999999994,1,-1,-1,-1
534,9,389.97,578.47,319.26,210.88,1,-1,-1,-1
535,9,386.64,578.23,321.5,211.56999999999994,1,-1,-1,-1
536,9,383.3,578.0,323.74999999999994,212.25,1,-1,-1,-1
537,9,379.97,577.76,325.99,212.94000000000005,1,-1,-1,-1
538,9,376.64,577.52,328.23,213.63,1,-1,-1,-1
539,9,373.31,577.28,330.46999999999997,214.32000000000005,1,-1,-1,-1
540,9,369.98,577.04,332.71000000000004,215.01,1,-1,-1,-1
541,9,366.65,576.8,334.95000000000005,215.70000000000005,1,-1,-1,-1
542,9,363.47,576.77,336.99,216.80000000000007,1,-1,-1,-1
543,9,360.29,576.74,339.03000000000003,217.89999999999998,1,-1,-1,-1
544,9,357.11,576.7,341.06999999999994,219.01,1,-1,-1,-1
545,9,353.93,576.67,343.10999999999996,220.11,1,-1,-1,-1
546,9,350.75,576.64,345.15,221.21000000000004,1,-1,-1,-1
547,9,347.58,576.61,347.18,222.30999999999995,1,-1,-1,-1
548,9,344.4,576.58,349.22,223.40999999999997,1,-1,-1,-1
549,9,341.22,576.54,351.26,224.51999999999998,1,-1,-1,-1
550,9,338.04,576.51,353.3,225.62,1,-1,-1,-1
551,9,334.86,576.48,355.34000000000003,226.72000000000003,1,-1,-1,-1
552,9,331.71,575.83,357.57,227.9699999999999,1,-1,-1,-1
553,9,328.57,575.18,359.79,229.22000000000003,1,-1,-1,-1
554,9,325.42,574.53,362.02000000000004,230.47000000000003,1,-1,-1,-1
555,9,322.27,573.88,364.25,231.72000000000003,1,-1,-1,-1
556,9,319.12,573.23,366.48,232.97000000000003,1,-1,-1,-1
557,9,315.98,572.57,368.69999999999993,234.2299999999999,1,-1,-1,-1
558,9,312.83,571.92,370.93,235.48000000000002,1,-1,-1,-1
559,9,309.68,571.27,373.16,236.73000000000002,1,-1,-1,-1
560,9,306.54,570.62,375.37999999999994,237.98000000000002,1,-1,-1,-1
561,9,303.39,569.97,377.61,239.23000000000002,1,-1,-1,-1
562,9,300.08,570.57,379.89000000000004,240.75,1,-1,-1,-1
563,9,296.77,571.16,382.1700000000001,242.2800000000001,1,-1,-1,-1
564,9,293.46,571.76,384.45,243.79999999999995,1,-1,-1,-1
565,9,290.15,572.36,386.73,245.31999999999994,1,-1,-1,-1
566,9,286.84,572.96,389.01000000000005,246.83999999999992,1,-1,-1,-1
567,9,283.53,573.55,391.2900000000001,248.37,1,-1,-1,-1
568,9,280.22,574.15,393.56999999999994,249.89,1,-1,-1,-1
569,9,276.91,574.75,395.84999999999997,251.40999999999997,1,-1,-1,-1
570,9,273.6,575.34,398.13,252.93999999999994,1,-1,-1,-1
571,9,270.29,575.94,400.41,254.45999999999992,1,-1,-1,-1
572,9,266.49,577.44,402.23,253.76999999999998,1,-1,-1,-1
573,9,262.68,578.94,404.06,253.07999999999993,1,-1,-1,-1
574,9,258.56,578.67,406.93,254.47000000000003,1,-1,-1,-1
575,9,254.98,579.54,409.80999999999995,255.87,1,-1,-1,-1
576,9,251.4,580.42,412.68000000000006,257.26,1,-1,-1,-1
577,9,248.41,578.35,415.55000000000007,258.65,1,-1,-1,-1
578,9,245.42,576.28,418.43000000000006,260.05000000000007,1,-1,-1,-1
579,9,242.42,574.22,421.31000000000006,261.42999999999995,1,-1,-1,-1
580,9,239.43,572.15,424.19,262.83000000000004,1,-1,-1,-1
581,9,236.44,570.08,427.06,264.2199999999999,1,-1,-1,-1
582,9,232.93,568.3,429.59,268.07000000000005,1,-1,-1,-1
583,9,229.41,566.52,432.13,271.9200000000001,1,-1,-1,-1
584,9,225.9,564.74,434.65999999999997,275.77,1,-1,-1,-1
585,9,222.38,564.71,437.19000000000005,277.03,1,-1,-1,-1
586,9,218.87,564.67,439.71000000000004,278.31000000000006,1,-1,-1,-1
587,9,215.36,564.63,442.23,279.58000000000004,1,-1,-1,-1
588,9,211.84,564.6,444.76,280.84000000000003,1,-1,-1,-1
589,9,208.32,565.56,447.31,281.6,1,-1,-1,-1
590,9,204.81,566.51,449.85999999999996,282.37,1,-1,-1,-1
591,9,201.29,567.47,452.4100000000001,283.13,1,-1,-1,-1
592,9,197.51,567.34,455.21000000000004,284.9599999999999,1,-1,-1,-1
593,9,193.74,567.21,458.0,286.78999999999996,1,-1,-1,-1
594,9,189.96,567.08,460.79999999999995,288.62,1,-1,-1,-1
595,9,186.19,566.95,463.59,290.44999999999993,1,-1,-1,-1
596,9,182.41,566.82,466.39,292.28,1,-1,-1,-1
597,9,178.63,566.69,469.19000000000005,294.1099999999999,1,-1,-1,-1
598,9,174.86,566.56,471.98,295.94000000000005,1,-1,-1,-1
599,9,171.08,566.43,474.78,297.7700000000001,1,-1,-1,-1
600,9,167.31,566.3,477.57,299.6,1,-1,-1,-1
601,9,163.53,566.17,480.37,301.43000000000006,1,-1,-1,-1
602,9,159.23,565.39,483.76,303.77,1,-1,-1,-1
603,9,154.94,564.61,487.14000000000004,306.11,1,-1,-1,-1
604,9,150.64,563.83,490.53,308.44999999999993,1,-1,-1,-1
605,9,146.34,563.05,493.91999999999996,310.7900000000001,1,-1,-1,-1
606,9,142.05,562.26,497.3,313.14,1,-1,-1,-1
607,9,137.75,561.48,500.69000000000005,315.48,1,-1,-1,-1
608,9,133.45,560.7,504.08,317.81999999999994,1,-1,-1,-1
609,9,129.15,559.92,507.47,320.1600000000001,1,-1,-1,-1
610,9,124.86,559.14,510.85,322.5,1,-1,-1,-1
611,9,120.56,558.36,514.24,324.84000000000003,1,-1,-1,-1
612,9,115.94,558.49,517.6199999999999,326.78999999999996,1,-1,-1,-1
613,9,111.31,558.62,521.01,328.74,1,-1,-1,-1
614,9,106.69,558.75,524.3900000000001,330.69000000000005,1,-1,-1,-1
615,9,102.07,558.88,527.77,332.64,1,-1,-1,-1
616,9,97.44,559.01,531.1600000000001,334.59000000000003,1,-1,-1,-1
617,9,92.82,559.14,534.54,336.53999999999996,1,-1,-1,-1
618,9,88.2,559.27,537.92,338.49,1,-1,-1,-1
619,9,83.58,559.4,541.3,340.44000000000005,1,-1,-1,-1
620,9,78.95,559.53,544.6899999999999,342.39,1,-1,-1,-1
621,9,74.33,559.66,548.0699999999999,344.34000000000003,1,-1,-1,-1
622,9,69.84,559.93,551.39,346.30000000000007,1,-1,-1,-1
623,9,65.34,560.21,554.7199999999999,348.25,1,-1,-1,-1
624,9,60.85,560.48,558.04,350.21000000000004,1,-1,-1,-1
625,9,56.36,559.15,561.36,352.1700000000001,1,-1,-1,-1
626,9,51.87,557.83,564.68,354.12,1,-1,-1,-1
627,9,47.38,556.5,568.0,356.08000000000004,1,-1,-1,-1
628,9,42.88,555.17,571.33,358.0400000000001,1,-1,-1,-1
629,9,38.39,553.84,574.65,360.0,1,-1,-1,-1
630,9,33.9,552.52,577.97,361.95000000000005,1,-1,-1,-1
631,9,29.41,551.19,581.2900000000001,363.90999999999997,1,-1,-1,-1
632,9,25.18,550.76,584.35,366.23,1,-1,-1,-1
633,9,20.94,550.33,587.42,368.54999999999995,1,-1,-1,-1
634,9,16.7,549.89,590.49,370.88,1,-1,-1,-1
635,9,12.47,549.46,593.55,373.19999999999993,1,-1,-1,-1
636,9,8.23,549.03,596.62,375.52,1,-1,-1,-1
637,9,4.0,548.6,599.68,377.84000000000003,1,-1,-1,-1
638,9,0.0,547.9,602.51,380.43000000000006,1,-1,-1,-1
639,9,0.0,549.0,601.34,385.32000000000005,1,-1,-1,-1
640,9,0.0,550.09,600.17,390.2199999999999,1,-1,-1,-1
641,9,0.0,551.19,599.0,395.1099999999999,1,-1,-1,-1
642,9,0.0,552.08,596.4,398.28999999999996,1,-1,-1,-1
643,9,0.0,552.96,593.81,401.48,1,-1,-1,-1
644,9,0.0,552.8,594.7,405.70000000000005,1,-1,-1,-1
645,9,0.0,552.7,593.7,409.87,1,-1,-1,-1
646,9,0.0,552.68,592.45,412.7800000000001,1,-1,-1,-1
647,9,0.0,552.65,591.2,415.71000000000004,1,-1,-1,-1
648,9,0.0,552.62,589.95,418.63,1,-1,-1,-1
649,9,0.0,552.6,588.7,421.53999999999996,1,-1,-1,-1
650,9,0.0,551.3,587.2,424.22,1,-1,-1,-1
651,9,0.0,550.0,585.7,426.9,1,-1,-1,-1
652,9,0.0,547.3,584.6,431.44000000000005,1,-1,-1,-1
653,9,0.0,545.69,584.16,434.89,1,-1,-1,-1
654,9,0.0,544.08,583.71,438.3399999999999,1,-1,-1,-1
655,9,0.0,542.47,583.27,441.78999999999996,1,-1,-1,-1
656,9,0.0,540.86,582.83,445.24,1,-1,-1,-1
657,9,0.0,539.24,582.38,448.70000000000005,1,-1,-1,-1
658,9,0.0,537.63,581.94,452.15,1,-1,-1,-1
659,9,0.0,536.02,581.5,455.6,1,-1,-1,-1
660,9,0.0,534.41,581.05,459.05000000000007,1,-1,-1,-1
661,9,0.0,532.8,580.61,462.5,1,-1,-1,-1
662,9,0.0,532.92,579.51,462.13,1,-1,-1,-1
663,9,0.0,533.04,578.4,461.77,1,-1,-1,-1
664,9,0.0,533.16,577.3,461.4,1,-1,-1,-1
665,9,0.0,533.28,576.19,461.0400000000001,1,-1,-1,-1
666,9,0.0,533.4,575.09,460.68000000000006,1,-1,-1,-1
667,9,0.0,533.52,573.99,460.31000000000006,1,-1,-1,-1
668,9,0.0,533.64,572.88,459.95000000000005,1,-1,-1,-1
669,9,0.0,533.76,571.78,459.58000000000004,1,-1,-1,-1
670,9,0.0,533.88,570.67,459.22,1,-1,-1,-1
671,9,0.0,534.0,569.57,458.85,1,-1,-1,-1
672,9,0.0,532.55,568.84,460.30000000000007,1,-1,-1,-1
673,9,0.0,531.1,568.1,461.74,1,-1,-1,-1
674,9,0.0,529.65,567.37,463.19000000000005,1,-1,-1,-1
675,9,0.0,528.2,566.63,464.63,1,-1,-1,-1
676,9,0.0,526.75,565.89,466.08000000000004,1,-1,-1,-1
677,9,0.0,525.3,565.16,467.5200000000001,1,-1,-1,-1
678,9,0.0,523.85,564.43,468.9599999999999,1,-1,-1,-1
679,9,0.0,522.4,563.69,470.40999999999997,1,-1,-1,-1
680,9,0.0,520.95,562.96,471.8499999999999,1,-1,-1,-1
681,9,0.0,519.5,562.22,473.29999999999995,1,-1,-1,-1
682,9,0.0,519.28,558.81,473.82000000000005,1,-1,-1,-1
683,9,0.0,514.35,555.84,479.04999999999995,1,-1,-1,-1
684,9,0.0,509.43,552.87,484.26000000000005,1,-1,-1,-1
685,9,0.0,504.5,549.9,489.49,1,-1,-1,-1
686,9,0.0,506.64,550.48,487.64,1,-1,-1,-1
687,9,0.0,508.78,551.05,485.80000000000007,1,-1,-1,-1
688,9,0.0,510.92,551.62,483.96,1,-1,-1,-1
689,9,0.0,513.06,552.2,482.11,1,-1,-1,-1
690,9,0.0,515.2,552.77,480.27,1,-1,-1,-1
691,9,0.0,517.34,553.35,478.41999999999996,1,-1,-1,-1
692,9,0.0,516.32,550.97,478.41999999999996,1,-1,-1,-1
693,9,0.0,515.3,548.58,478.4200000000001,1,-1,-1,-1
694,9,0.0,514.27,546.2,478.4200000000001,1,-1,-1,-1
695,9,0.0,513.25,543.81,478.41999999999996,1,-1,-1,-1
696,9,0.0,512.23,541.43,478.41999999999996,1,-1,-1,-1
697,9,0.0,511.21,539.05,478.42,1,-1,-1,-1
698,9,0.0,510.19,536.66,478.42,1,-1,-1,-1
699,9,0.0,509.16,534.28,478.42,1,-1,-1,-1
700,9,0.0,508.14,531.89,478.41999999999996,1,-1,-1,-1
701,9,0.0,507.12,529.51,478.41999999999996,1,-1,-1,-1
702,9,0.0,506.69,525.25,478.42,1,-1,-1,-1
703,9,0.0,506.27,521.0,478.4200000000001,1,-1,-1,-1
704,9,0.0,505.85,516.74,478.40999999999997,1,-1,-1,-1
705,9,0.0,505.42,512.48,478.42,1,-1,-1,-1
706,9,0.0,505.0,508.23,478.40999999999997,1,-1,-1,-1
707,9,0.0,504.57,503.97,478.41,1,-1,-1,-1
708,9,0.0,504.14,499.71,478.41999999999996,1,-1,-1,-1
709,9,0.0,503.72,495.45,478.40999999999997,1,-1,-1,-1
710,9,0.0,503.3,491.2,478.41,1,-1,-1,-1
711,9,0.0,502.87,486.94,478.40999999999997,1,-1,-1,-1
712,9,0.0,504.04,480.81,478.5199999999999,1,-1,-1,-1
713,9,0.0,505.2,474.68,478.64000000000004,1,-1,-1,-1
714,9,0.0,506.37,468.55,478.74,1,-1,-1,-1
715,9,0.0,507.54,462.42,478.84999999999997,1,-1,-1,-1
716,9,0.0,508.7,456.29,478.96999999999997,1,-1,-1,-1
717,9,0.0,509.87,450.16,479.07000000000005,1,-1,-1,-1
718,9,0.0,511.03,444.03,479.19000000000005,1,-1,-1,-1
719,9,0.0,512.2,437.9,479.29999999999995,1,-1,-1,-1
720,9,0.0,507.95,431.76,484.82,1,-1,-1,-1
721,9,0.0,503.7,425.63,490.34999999999997,1,-1,-1,-1
722,9,0.0,507.22,418.48,486.75,1,-1,-1,-1
723,9,0.0,510.74,411.34,483.14,1,-1,-1,-1
724,9,0.0,514.26,404.19,479.53999999999996,1,-1,-1,-1
725,9,0.0,517.78,397.05,475.93000000000006,1,-1,-1,-1
726,9,0.0,521.3,389.9,472.33000000000004,1,-1,-1,-1
727,9,0.0,521.85,383.45,471.68999999999994,1,-1,-1,-1
728,9,0.0,522.4,377.0,471.05000000000007,1,-1,-1,-1
729,9,0.0,491.8,364.1,501.57,1,-1,-1,-1
730,9,0.0,499.6,361.27,493.68999999999994,1,-1,-1,-1
731,9,0.0,514.79,354.12,478.4100000000001,1,-1,-1,-1
732,9,0.0,527.3,344.42,465.9000000000001,1,-1,-1,-1
733,9,0.0,539.81,334.72,453.3900000000001,1,-1,-1,-1
734,9,0.0,552.32,325.01,440.88,1,-1,-1,-1
735,9,0.0,564.83,315.31,428.37,1,-1,-1,-1
736,9,0.0,577.35,305.61,415.85,1,-1,-1,-1
737,9,0.0,589.86,295.91,403.34000000000003,1,-1,-1,-1
738,9,0.0,602.37,286.21,390.83000000000004,1,-1,-1,-1
739,9,0.0,614.88,276.5,378.32000000000005,1,-1,-1,-1
740,9,0.0,627.39,266.8,365.81000000000006,1,-1,-1,-1
741,9,0.0,639.9,257.1,353.30000000000007,1,-1,-1,-1
742,9,0.0,653.42,247.3,339.7800000000001,1,-1,-1,-1
743,9,0.0,666.95,237.5,326.25,1,-1,-1,-1
744,9,0.0,680.48,227.7,312.72,1,-1,-1,-1
745,9,0.0,694.0,217.9,299.20000000000005,1,-1,-1,-1
746,9,0.0,701.87,208.12,291.33000000000004,1,-1,-1,-1
747,9,0.0,709.73,198.33,283.47,1,-1,-1,-1
748,9,0.0,717.6,188.55,275.6,1,-1,-1,-1
749,9,0.0,725.47,178.77,267.73,1,-1,-1,-1
750,9,0.0,733.33,168.98,259.87,1,-1,-1,-1
751,9,0.0,741.2,159.2,252.0,1,-1,-1,-1
752,9,0.0,744.61,146.94,248.59000000000003,1,-1,-1,-1
753,9,0.0,748.02,134.68,245.18000000000006,1,-1,-1,-1
754,9,0.0,751.43,122.42,241.7700000000001,1,-1,-1,-1
755,9,0.0,754.84,110.16,238.36,1,-1,-1,-1
756,9,0.0,758.25,97.9,234.95000000000005,1,-1,-1,-1
757,9,0.0,761.66,85.64,231.54000000000008,1,-1,-1,-1
758,9,0.0,686.2,72.7,307.0,1,-1,-1,-1
759,9,0.0,686.2,72.7,307.0,1,-1,-1,-1
760,9,0.0,686.2,72.7,307.0,1,-1,-1,-1
761,9,0.0,686.2,72.7,307.0,1,-1,-1,-1
762,9,0.0,686.2,72.7,307.0,1,-1,-1,-1
763,9,0.0,686.2,72.7,307.0,1,-1,-1,-1
1192,6,809.98,592.05,77.64999999999998,65.16000000000008,1,-1,-1,-1
1193,6,808.4,591.74,78.25999999999999,65.49000000000001,1,-1,-1,-1
1194,6,806.83,591.42,78.86000000000001,65.82000000000005,1,-1,-1,-1
1195,6,805.25,591.1,79.46000000000004,66.15999999999997,1,-1,-1,-1
1196,6,803.68,590.78,80.06000000000006,66.49000000000001,1,-1,-1,-1
1197,6,802.1,590.47,80.66999999999996,66.81999999999994,1,-1,-1,-1
1198,6,800.53,590.15,81.26999999999998,67.14999999999998,1,-1,-1,-1
1199,6,798.82,589.83,82.27999999999997,68.03999999999996,1,-1,-1,-1
1200,6,797.11,589.52,83.28999999999996,68.90999999999997,1,-1,-1,-1
1201,6,795.4,589.2,84.30000000000007,69.79999999999995,1,-1,-1,-1
1202,6,793.16,589.2,85.25,70.51999999999998,1,-1,-1,-1
1203,6,790.93,589.21,86.19000000000005,71.23000000000002,1,-1,-1,-1
1204,6,788.69,589.21,87.13999999999999,71.95999999999992,1,-1,-1,-1
1205,6,786.45,589.21,88.08999999999992,72.67999999999995,1,-1,-1,-1
1206,6,784.22,589.22,89.03999999999996,73.38999999999999,1,-1,-1,-1
1207,6,781.98,589.22,89.99000000000001,74.11000000000001,1,-1,-1,-1
1208,6,779.74,589.22,90.93999999999994,74.83999999999992,1,-1,-1,-1
1209,6,777.51,589.23,91.88,75.54999999999995,1,-1,-1,-1
1210,6,775.27,589.23,92.83000000000004,76.26999999999998,1,-1,-1,-1
1211,6,772.1,588.61,96.29999999999995,77.88999999999999,1,-1,-1,-1
1212,6,770.92,587.83,94.18000000000006,78.26999999999998,1,-1,-1,-1
1213,6,768.3,588.01,95.28000000000009,79.14999999999998,1,-1,-1,-1
1214,6,765.67,588.19,96.38,80.03999999999996,1,-1,-1,-1
1215,6,763.05,588.36,97.47000000000003,80.92999999999995,1,-1,-1,-1
1216,6,760.42,588.54,98.58000000000004,81.81000000000006,1,-1,-1,-1
1217,6,757.8,588.72,99.68000000000006,82.68999999999994,1,-1,-1,-1
1218,6,755.18,588.89,100.7700000000001,83.59000000000003,1,-1,-1,-1
1219,6,752.55,589.07,101.87,84.46999999999991,1,-1,-1,-1
1220,6,749.93,589.25,102.97000000000003,85.35000000000002,1,-1,-1,-1
1221,6,745.41,588.8,106.59000000000003,87.20000000000005,1,-1,-1,-1
1222,6,741.81,587.84,108.53000000000009,88.39999999999998,1,-1,-1,-1
1223,6,738.21,586.87,110.46999999999991,89.61000000000001,1,-1,-1,-1
1224,6,734.62,585.91,112.39999999999998,90.81000000000006,1,-1,-1,-1
1225,6,731.02,584.94,114.34000000000003,92.01999999999998,1,-1,-1,-1
1226,6,727.42,583.98,116.28000000000009,93.22000000000003,1,-1,-1,-1
1227,6,724.72,583.25,117.11000000000001,94.64999999999998,1,-1,-1,-1
1228,6,722.01,582.53,117.96000000000004,96.07000000000005,1,-1,-1,-1
1229,6,719.31,581.8,118.79000000000008,97.5,1,-1,-1,-1
1230,6,715.43,581.54,120.82000000000005,98.66000000000008,1,-1,-1,-1
1231,6,711.55,581.28,122.85000000000002,99.82000000000005,1,-1,-1,-1
1232,6,707.71,581.02,125.16999999999996,100.98000000000002,1,-1,-1,-1
1233,6,703.88,580.76,127.47000000000003,102.13999999999999,1,-1,-1,-1
1234,6,700.05,580.51,129.7700000000001,103.28999999999996,1,-1,-1,-1
1235,6,696.21,580.25,132.08999999999992,104.45000000000005,1,-1,-1,-1
1236,6,690.27,578.59,136.52999999999997,107.70999999999992,1,-1,-1,-1
1237,6,685.7,578.58,139.4799999999999,109.4799999999999,1,-1,-1,-1
1238,6,681.13,578.57,142.42999999999995,111.25,1,-1,-1,-1
1239,6,676.55,578.56,145.3900000000001,113.0200000000001,1,-1,-1,-1
1240,6,671.98,578.55,148.34000000000003,114.79000000000008,1,-1,-1,-1
1241,6,667.41,578.54,151.29000000000008,116.56000000000006,1,-1,-1,-1
1242,6,662.47,578.68,153.79999999999995,118.5200000000001,1,-1,-1,-1
1243,6,657.54,578.83,156.29000000000008,120.46999999999991,1,-1,-1,-1
1244,6,652.6,578.97,158.79999999999995,122.42999999999995,1,-1,-1,-1
1245,6,646.97,579.99,161.88,124.21000000000004,1,-1,-1,-1
1246,6,641.34,581.0,164.95999999999992,126.0,1,-1,-1,-1
1247,6,634.92,580.44,169.20000000000005,128.55999999999995,1,-1,-1,-1
1248,6,628.5,579.88,173.44000000000005,131.12,1,-1,-1,-1
1249,6,622.08,579.32,177.67999999999995,133.67999999999995,1,-1,-1,-1
1250,6,615.66,578.76,181.92000000000007,136.24,1,-1,-1,-1
1251,6,609.24,578.2,186.15999999999997,138.79999999999995,1,-1,-1,-1
1252,6,601.42,576.99,190.38,142.76,1,-1,-1,-1
1253,6,593.61,575.77,194.59000000000003,146.73000000000002,1,-1,-1,-1
1254,6,585.8,574.56,199.80000000000007,150.11,1,-1,-1,-1
1255,6,576.83,573.91,205.75,153.21000000000004,1,-1,-1,-1
1256,6,567.86,573.26,211.69999999999993,156.29999999999995,1,-1,-1,-1
1257,6,558.88,572.6,217.65999999999997,159.40999999999997,1,-1,-1,-1
1258,6,549.91,571.95,223.61,162.5,1,-1,-1,-1
1259,6,540.94,571.3,229.55999999999995,165.60000000000002,1,-1,-1,-1
1260,6,529.41,570.45,237.14,169.39999999999998,1,-1,-1,-1
1261,6,517.88,569.6,244.72000000000003,173.19999999999993,1,-1,-1,-1
1262,6,503.28,568.82,254.88,179.44999999999993,1,-1,-1,-1
1263,6,488.68,568.04,265.04,185.70000000000005,1,-1,-1,-1
1264,6,474.09,567.26,275.19,191.96000000000004,1,-1,-1,-1
1265,6,459.49,566.48,285.35,198.21000000000004,1,-1,-1,-1
1266,6,444.89,565.7,295.51,204.45999999999992,1,-1,-1,-1
1267,6,430.29,563.41,305.67,212.22000000000003,1,-1,-1,-1
1268,6,415.7,561.13,315.83,219.97000000000003,1,-1,-1,-1
1269,6,395.73,559.35,329.09000000000003,226.17999999999995,1,-1,-1,-1
1270,6,375.75,557.58,342.36,232.39,1,-1,-1,-1
1271,6,355.78,555.8,355.62,238.60000000000002,1,-1,-1,-1
1272,6,332.96,552.28,374.3,249.75,1,-1,-1,-1
1273,6,310.14,548.76,392.98,260.90999999999997,1,-1,-1,-1
1274,6,284.2,546.5,405.00000000000006,270.79999999999995,1,-1,-1,-1
1275,6,254.53,542.56,425.9,282.37,1,-1,-1,-1
1276,6,224.87,538.63,446.78,293.94000000000005,1,-1,-1,-1
1277,6,195.2,534.69,467.68,305.51,1,-1,-1,-1
1278,6,158.29,531.44,492.6700000000001,321.5899999999999,1,-1,-1,-1
1279,6,121.38,528.2,517.66,337.65,1,-1,-1,-1
1280,6,84.47,524.95,542.65,353.7199999999999,1,-1,-1,-1
1281,6,47.56,521.7,567.6400000000001,369.79999999999995,1,-1,-1,-1
1282,6,1.9,517.0,601.3000000000001,396.20000000000005,1,-1,-1,-1
1283,6,0.0,512.1,585.6,411.6,1,-1,-1,-1
1284,6,0.0,506.53,567.9,419.0,1,-1,-1,-1
1285,6,0.0,500.97,550.2,426.38,1,-1,-1,-1
1286,6,0.0,495.4,532.5,433.78,1,-1,-1,-1
1287,6,0.0,486.0,509.2,460.99,1,-1,-1,-1
1288,6,0.0,476.6,485.9,488.19999999999993,1,-1,-1,-1
1289,6,0.0,468.5,461.3,503.1,1,-1,-1,-1
1290,6,0.0,455.8,433.5,510.49999999999994,1,-1,-1,-1
1291,6,0.0,490.1,401.5,473.69999999999993,1,-1,-1,-1
1292,6,0.0,490.8,366.73,472.99999999999994,1,-1,-1,-1
1293,6,0.0,498.4,326.29,475.33000000000004,1,-1,-1,-1
1294,6,0.0,512.62,285.85,471.04999999999995,1,-1,-1,-1
1295,6,0.0,534.9,238.99,448.2900000000001,1,-1,-1,-1
1296,6,0.0,631.0,192.12,351.72,1,-1,-1,-1
1297,6,0.0,686.9,141.0,295.82000000000005,1,-1,-1,-1
1298,6,0.0,709.62,74.73,295.82000000000005,1,-1,-1,-1
