1,11,349.21,405.22,434.7300000000001,359.0799999999999,1,-1,-1,-1
2,11,325.21,394.3,456.09,368.49999999999994,1,-1,-1,-1
3,11,298.32,381.7,477.47999999999996,390.8,1,-1,-1,-1
4,11,261.03,369.2,508.35,412.96999999999997,1,-1,-1,-1
5,11,227.94,354.7,535.8599999999999,431.40000000000003,1,-1,-1,-1
6,11,189.95,338.3,568.1500000000001,458.43,1,-1,-1,-1
7,11,151.96,319.9,601.04,487.47,1,-1,-1,-1
8,11,109.8,299.2,636.0500000000001,518.8,1,-1,-1,-1
9,11,64.8,275.6,673.9000000000001,553.03,1,-1,-1,-1
10,11,13.5,249.9,718.05,589.37,1,-1,-1,-1
11,11,0.0,220.86,724.4,629.04,1,-1,-1,-1
12,11,0.0,187.6,710.61,671.59,1,-1,-1,-1
13,11,0.0,146.9,702.9,744.8000000000001,1,-1,-1,-1
14,11,0.0,104.4,692.6,822.0,1,-1,-1,-1
15,11,0.0,52.4,681.6,876.34,1,-1,-1,-1
16,11,0.0,0.0,669.1,963.0,1,-1,-1,-1
17,11,0.0,0.91,652.58,958.0500000000001,1,-1,-1,-1
18,11,0.0,1.83,636.06,953.0899999999999,1,-1,-1,-1
19,11,0.0,2.74,619.54,948.14,1,-1,-1,-1
20,11,0.0,3.66,603.02,943.1800000000001,1,-1,-1,-1
21,11,0.0,4.57,586.5,938.2299999999999,1,-1,-1,-1
22,11,0.0,6.9,564.4,938.22,1,-1,-1,-1
23,11,0.0,9.22,539.9,938.23,1,-1,-1,-1
24,11,0.0,8.6,508.0,941.17,1,-1,-1,-1
25,11,0.0,11.34,477.5,959.66,1,-1,-1,-1
26,11,0.0,6.8,435.7,963.37,1,-1,-1,-1
27,11,0.0,6.6,391.8,962.74,1,-1,-1,-1
28,11,0.0,11.9,340.3,956.61,1,-1,-1,-1
29,11,0.0,13.8,277.7,953.88,1,-1,-1,-1
30,11,0.0,20.8,205.6,946.0500000000001,1,-1,-1,-1
31,11,0.0,27.8,121.98,938.23,1,-1,-1,-1
32,11,0.0,33.6,24.73,938.23,1,-1,-1,-1
83,12,957.99,547.98,57.559999999999945,88.34000000000003,1,-1,-1,-1
84,12,958.55,546.94,58.22000000000003,89.13,1,-1,-1,-1
85,12,959.12,545.89,58.879999999999995,89.94000000000005,1,-1,-1,-1
86,12,959.68,544.84,59.54000000000008,90.75,1,-1,-1,-1
87,12,960.05,544.64,60.210000000000036,91.55000000000007,1,-1,-1,-1
88,12,960.43,544.43,60.860000000000014,92.36000000000001,1,-1,-1,-1
89,12,960.8,544.23,61.530000000000086,93.16999999999996,1,-1,-1,-1
90,12,961.18,544.02,62.180000000000064,93.98000000000002,1,-1,-1,-1
91,12,961.55,543.82,62.850000000000136,94.77999999999997,1,-1,-1,-1
92,12,961.88,543.47,63.750000000000114,95.72000000000003,1,-1,-1,-1
93,12,962.21,543.12,64.64999999999986,96.65999999999997,1,-1,-1,-1
94,12,962.55,542.77,65.53999999999996,97.60000000000002,1,-1,-1,-1
95,12,962.88,542.42,66.43999999999994,98.54000000000008,1,-1,-1,-1
96,12,963.21,542.07,67.33999999999992,99.4799999999999,1,-1,-1,-1
97,12,963.54,541.71,68.24000000000001,100.42999999999995,1,-1,-1,-1
98,12,963.87,541.36,69.13999999999999,101.37,1,-1,-1,-1
99,12,964.21,541.01,70.02999999999997,102.31000000000006,1,-1,-1,-1
100,12,964.54,540.66,70.93000000000006,103.25,1,-1,-1,-1
101,12,964.87,540.31,71.83000000000004,104.19000000000005,1,-1,-1,-1
102,12,965.24,539.88,73.00999999999999,105.53999999999996,1,-1,-1,-1
103,12,965.61,539.45,74.18999999999994,106.88999999999999,1,-1,-1,-1
104,12,965.99,539.01,75.3599999999999,108.25999999999999,1,-1,-1,-1
105,12,966.36,538.58,76.54000000000008,109.61000000000001,1,-1,-1,-1
106,12,966.73,538.15,77.72000000000003,110.96000000000004,1,-1,-1,-1
107,12,967.1,537.23,78.89999999999998,112.31999999999994,1,-1,-1,-1
108,12,967.47,536.31,80.07999999999993,113.68000000000006,1,-1,-1,-1
109,12,967.85,535.39,81.24999999999989,115.02999999999997,1,-1,-1,-1
110,12,968.22,534.47,82.43000000000006,116.38999999999999,1,-1,-1,-1
111,12,968.59,533.55,83.61000000000001,117.75,1,-1,-1,-1
112,12,968.87,532.75,85.13,119.25999999999999,1,-1,-1,-1
113,12,969.16,531.95,86.63999999999999,120.77999999999997,1,-1,-1,-1
114,12,969.44,531.15,88.14999999999986,122.29000000000008,1,-1,-1,-1
115,12,969.73,530.35,89.66000000000008,123.80999999999995,1,-1,-1,-1
116,12,970.01,529.55,91.18000000000006,125.32000000000005,1,-1,-1,-1
117,12,970.46,528.1,92.69000000000005,126.84000000000003,1,-1,-1,-1
118,12,970.9,526.65,94.20999999999992,128.35000000000002,1,-1,-1,-1
119,12,971.35,525.2,95.7299999999999,129.87,1,-1,-1,-1
120,12,971.79,523.75,97.25,131.38,1,-1,-1,-1
121,12,972.24,522.3,98.75999999999999,132.9000000000001,1,-1,-1,-1
122,12,972.81,520.38,100.69000000000005,135.13,1,-1,-1,-1
123,12,973.39,518.45,102.61000000000001,137.37,1,-1,-1,-1
124,12,973.96,516.53,104.53999999999996,139.59000000000003,1,-1,-1,-1
125,12,974.54,514.6,106.46000000000004,141.82999999999993,1,-1,-1,-1
126,12,975.11,512.68,108.38999999999999,144.06000000000006,1,-1,-1,-1
127,12,975.68,511.16,110.32000000000005,146.29000000000002,1,-1,-1,-1
128,12,976.26,509.64,112.24000000000001,148.51999999999998,1,-1,-1,-1
129,12,976.83,508.12,114.16999999999996,150.76,1,-1,-1,-1
130,12,977.41,506.6,116.09000000000003,152.99,1,-1,-1,-1
131,12,977.98,505.08,118.01999999999998,155.21999999999997,1,-1,-1,-1
132,12,978.78,502.85,121.01999999999998,158.18999999999994,1,-1,-1,-1
133,12,979.57,500.61,124.03999999999985,161.15999999999997,1,-1,-1,-1
134,12,980.37,498.38,127.04000000000008,164.13,1,-1,-1,-1
135,12,981.16,496.14,130.06000000000006,167.10000000000002,1,-1,-1,-1
136,12,981.96,493.91,133.05999999999995,170.07,1,-1,-1,-1
137,12,982.99,490.74,136.06999999999994,173.03999999999996,1,-1,-1,-1
138,12,984.02,487.58,139.06999999999994,176.01000000000005,1,-1,-1,-1
139,12,985.04,484.41,142.09000000000015,178.97999999999996,1,-1,-1,-1
140,12,986.07,481.25,145.09000000000003,181.95000000000005,1,-1,-1,-1
141,12,987.1,478.08,148.10000000000002,184.92000000000002,1,-1,-1,-1
142,12,988.69,474.38,152.26999999999998,189.53999999999996,1,-1,-1,-1
143,12,990.29,470.69,156.43000000000006,194.14000000000004,1,-1,-1,-1
144,12,991.88,466.99,160.60000000000002,198.76,1,-1,-1,-1
145,12,993.48,463.3,164.76,203.35999999999996,1,-1,-1,-1
146,12,995.07,459.6,168.92999999999995,207.98000000000002,1,-1,-1,-1
147,12,996.86,455.71,173.86,212.58999999999997,1,-1,-1,-1
148,12,998.65,451.82,178.79000000000008,217.20999999999998,1,-1,-1,-1
149,12,1000.44,447.94,183.72000000000003,221.81,1,-1,-1,-1
150,12,1002.23,444.05,188.6500000000001,226.43,1,-1,-1,-1
151,12,1004.02,440.16,193.57999999999993,231.04000000000002,1,-1,-1,-1
152,12,1005.78,436.05,200.36000000000013,238.57,1,-1,-1,-1
153,12,1007.53,431.93,207.1500000000001,246.10999999999996,1,-1,-1,-1
154,12,1009.29,427.82,213.93000000000006,253.64000000000004,1,-1,-1,-1
155,12,1011.04,423.7,220.72000000000003,261.18,1,-1,-1,-1
156,12,1012.8,419.59,227.5,268.71,1,-1,-1,-1
157,12,1014.84,414.08,235.9799999999999,277.90000000000003,1,-1,-1,-1
158,12,1016.87,408.57,244.4699999999999,287.09,1,-1,-1,-1
159,12,1018.91,403.05,252.94999999999993,296.29,1,-1,-1,-1
160,12,1020.94,397.54,261.44000000000005,305.47999999999996,1,-1,-1,-1
161,12,1022.98,392.03,269.9200000000001,314.6700000000001,1,-1,-1,-1
162,12,1025.52,384.06,282.44000000000005,327.26000000000005,1,-1,-1,-1
163,12,1028.06,376.1,294.96000000000004,339.84000000000003,1,-1,-1,-1
164,12,1030.61,368.13,307.47,352.42999999999995,1,-1,-1,-1
165,12,1033.15,360.17,319.99,365.00999999999993,1,-1,-1,-1
166,12,1035.69,352.2,332.51,377.59999999999997,1,-1,-1,-1
167,12,1038.79,339.74,350.93000000000006,396.93999999999994,1,-1,-1,-1
168,12,1041.89,327.28,369.3499999999999,416.28,1,-1,-1,-1
169,12,1045.0,314.83,387.76,435.61000000000007,1,-1,-1,-1
170,12,1048.1,302.37,406.18000000000006,454.95000000000005,1,-1,-1,-1
171,12,1051.2,289.91,424.5999999999999,474.29,1,-1,-1,-1
172,12,1054.75,272.8,451.75,502.21999999999997,1,-1,-1,-1
173,12,1058.3,256.4,478.9000000000001,529.44,1,-1,-1,-1
174,12,1061.85,234.9,506.0500000000002,561.76,1,-1,-1,-1
175,12,1065.4,216.8,533.1999999999998,590.6800000000001,1,-1,-1,-1
176,12,1068.94,191.9,560.3599999999999,626.4,1,-1,-1,-1
177,12,1074.1,164.9,593.9000000000001,668.4,1,-1,-1,-1
178,12,1077.9,134.1,633.0999999999999,714.1999999999999,1,-1,-1,-1
179,12,1083.52,102.3,678.28,766.83,1,-1,-1,-1
180,12,1089.13,61.85,723.4699999999998,828.11,1,-1,-1,-1
181,12,1094.75,21.4,768.6500000000001,889.4,1,-1,-1,-1
182,12,1100.24,0.0,819.76,913.4,1,-1,-1,-1
183,12,1105.73,0.0,814.27,916.0,1,-1,-1,-1
184,12,1111.22,0.0,808.78,918.6,1,-1,-1,-1
185,12,1116.71,0.0,803.29,921.2,1,-1,-1,-1
186,12,1122.2,0.0,797.8,923.8,1,-1,-1,-1
187,12,1132.32,0.0,787.6800000000001,926.4,1,-1,-1,-1
188,12,1142.44,0.0,777.56,929.0,1,-1,-1,-1
189,12,1152.56,0.0,767.44,931.6,1,-1,-1,-1
190,12,1162.68,0.0,757.3199999999999,934.2,1,-1,-1,-1
191,12,1172.8,0.0,747.2,936.8,1,-1,-1,-1
192,12,1186.88,0.0,733.1199999999999,935.35,1,-1,-1,-1
193,12,1200.96,0.0,719.04,933.9,1,-1,-1,-1
194,12,1215.04,0.0,704.96,932.44,1,-1,-1,-1
195,12,1229.12,0.0,690.8800000000001,930.99,1,-1,-1,-1
196,12,1243.2,0.0,676.8,929.54,1,-1,-1,-1
197,12,1268.89,0.0,651.1099999999999,928.09,1,-1,-1,-1
198,12,1294.59,0.0,625.4100000000001,926.64,1,-1,-1,-1
199,12,1320.28,0.0,599.72,925.18,1,-1,-1,-1
200,12,1345.98,0.0,574.02,923.73,1,-1,-1,-1
201,12,1371.67,0.0,548.3299999999999,922.28,1,-1,-1,-1
202,12,1407.96,0.0,512.04,922.28,1,-1,-1,-1
203,12,1451.51,0.0,468.49,922.28,1,-1,-1,-1
204,12,1502.32,0.0,417.68000000000006,919.38,1,-1,-1,-1
205,12,1561.83,0.0,358.1700000000001,917.93,1,-1,-1,-1
206,12,1630.06,0.0,289.94000000000005,926.59,1,-1,-1,-1
207,12,1709.9,0.0,210.0999999999999,932.4,1,-1,-1,-1
208,12,1805.7,0.0,114.29999999999995,929.49,1,-1,-1,-1
209,12,1905.86,0.0,14.1400000000001,923.69,1,-1,-1,-1
567,7,796.97,551.79,65.92999999999995,77.83000000000004,1,-1,-1,-1
568,7,795.21,550.46,66.93999999999994,78.82999999999993,1,-1,-1,-1
569,7,793.46,549.12,67.93999999999994,79.84000000000003,1,-1,-1,-1
570,7,791.7,547.79,68.94999999999993,80.84000000000003,1,-1,-1,-1
571,7,789.94,546.45,69.95999999999992,81.84999999999991,1,-1,-1,-1
572,7,787.77,545.97,70.84000000000003,83.14999999999998,1,-1,-1,-1
573,7,785.61,545.49,71.71000000000004,84.45000000000005,1,-1,-1,-1
574,7,783.44,545.02,72.58999999999992,85.74000000000001,1,-1,-1,-1
575,7,781.28,544.54,73.46000000000004,87.04000000000008,1,-1,-1,-1
576,7,779.11,544.06,74.34000000000003,88.34000000000003,1,-1,-1,-1
577,7,776.94,543.58,75.21999999999991,89.63999999999999,1,-1,-1,-1
578,7,774.78,543.1,76.09000000000003,90.93999999999994,1,-1,-1,-1
579,7,772.61,542.63,76.97000000000003,92.23000000000002,1,-1,-1,-1
580,7,770.45,542.15,77.83999999999992,93.52999999999997,1,-1,-1,-1
581,7,768.28,541.67,78.72000000000003,94.83000000000004,1,-1,-1,-1
582,7,765.07,540.24,80.63999999999999,96.63,1,-1,-1,-1
583,7,761.87,538.8,82.54999999999995,98.44000000000005,1,-1,-1,-1
584,7,758.66,537.37,84.47000000000003,100.24000000000001,1,-1,-1,-1
585,7,755.45,535.93,86.38999999999999,102.05000000000007,1,-1,-1,-1
586,7,752.25,534.5,88.29999999999995,103.85000000000002,1,-1,-1,-1
587,7,749.04,533.06,90.22000000000003,105.66000000000008,1,-1,-1,-1
588,7,745.83,531.62,92.13999999999999,107.47000000000003,1,-1,-1,-1
589,7,742.62,530.19,94.05999999999995,109.26999999999998,1,-1,-1,-1
590,7,739.42,528.75,95.97000000000003,111.08000000000004,1,-1,-1,-1
591,7,736.21,527.32,97.88999999999999,112.88,1,-1,-1,-1
592,7,732.33,524.75,99.84999999999991,115.51999999999998,1,-1,-1,-1
593,7,728.45,522.19,101.80999999999995,118.14999999999998,1,-1,-1,-1
594,7,724.56,519.62,103.78000000000009,120.78999999999996,1,-1,-1,-1
595,7,720.68,517.06,105.74000000000001,123.42000000000007,1,-1,-1,-1
596,7,716.8,514.49,107.70000000000005,126.05999999999995,1,-1,-1,-1
597,7,711.97,511.92,110.61000000000001,128.7,1,-1,-1,-1
598,7,707.14,509.36,113.51999999999998,131.33000000000004,1,-1,-1,-1
599,7,702.32,506.79,116.41999999999996,133.96999999999997,1,-1,-1,-1
600,7,697.49,504.23,119.33000000000004,136.60000000000002,1,-1,-1,-1
601,7,692.66,501.66,122.24000000000001,139.23999999999995,1,-1,-1,-1
602,7,686.69,499.03,125.70999999999992,143.39,1,-1,-1,-1
603,7,680.72,496.4,129.17999999999995,147.54000000000008,1,-1,-1,-1
604,7,674.74,493.76,132.65999999999997,151.70000000000005,1,-1,-1,-1
605,7,668.77,491.13,136.13,155.85000000000002,1,-1,-1,-1
606,7,662.8,488.5,139.60000000000002,160.0,1,-1,-1,-1
607,7,655.13,485.87,144.76999999999998,164.14999999999998,1,-1,-1,-1
608,7,647.46,483.23,149.93999999999994,168.30999999999995,1,-1,-1,-1
609,7,639.8,480.6,155.10000000000002,172.45999999999992,1,-1,-1,-1
610,7,632.13,477.96,160.26999999999998,176.62000000000006,1,-1,-1,-1
611,7,624.46,475.33,165.43999999999994,180.77000000000004,1,-1,-1,-1
612,7,614.53,469.87,171.51999999999998,188.47000000000003,1,-1,-1,-1
613,7,604.6,464.41,177.60000000000002,196.17000000000002,1,-1,-1,-1
614,7,594.66,458.95,183.69000000000005,203.87000000000006,1,-1,-1,-1
615,7,584.73,453.49,189.76999999999998,211.56999999999994,1,-1,-1,-1
616,7,574.8,448.03,195.85000000000002,219.26999999999998,1,-1,-1,-1
617,3,932.32,551.21,61.539999999999964,82.38999999999999,1,-1,-1,-1
617,7,561.21,442.57,205.58999999999992,226.96999999999997,1,-1,-1,-1
618,3,932.79,551.07,62.030000000000086,82.94999999999993,1,-1,-1,-1
618,7,547.62,437.11,215.33000000000004,234.66999999999996,1,-1,-1,-1
619,3,933.26,550.92,62.51999999999998,83.53000000000009,1,-1,-1,-1
619,7,534.03,431.65,225.07000000000005,242.37,1,-1,-1,-1
620,3,933.73,550.78,63.00999999999999,84.09000000000003,1,-1,-1,-1
620,7,520.44,426.19,234.80999999999995,250.07,1,-1,-1,-1
621,3,934.2,550.63,63.5,84.66999999999996,1,-1,-1,-1
621,7,506.85,420.73,244.54999999999995,257.77,1,-1,-1,-1
622,3,934.82,550.34,64.0,85.48000000000002,1,-1,-1,-1
622,7,487.6,411.91,257.78,269.95,1,-1,-1,-1
623,3,935.44,550.04,64.4899999999999,86.30000000000007,1,-1,-1,-1
623,7,468.35,403.09,271.01,282.13000000000005,1,-1,-1,-1
624,3,936.05,549.75,65.0,87.11000000000001,1,-1,-1,-1
624,7,449.1,394.26,284.24,294.32000000000005,1,-1,-1,-1
625,3,936.67,549.45,65.49000000000001,87.92999999999995,1,-1,-1,-1
625,7,429.85,385.44,297.47,306.50000000000006,1,-1,-1,-1
626,1,839.42,596.38,77.80000000000007,65.13999999999999,1,-1,-1,-1
626,3,937.29,549.16,65.99000000000001,88.74000000000001,1,-1,-1,-1
626,7,410.6,376.62,310.69999999999993,318.67999999999995,1,-1,-1,-1
627,1,839.17,596.27,78.00999999999999,65.57000000000005,1,-1,-1,-1
627,3,937.8,548.75,66.48000000000002,89.23000000000002,1,-1,-1,-1
627,7,381.55,362.48,330.36999999999995,337.5799999999999,1,-1,-1,-1
628,1,838.92,596.16,78.21000000000004,65.99000000000001,1,-1,-1,-1
628,3,938.3,548.34,66.99000000000001,89.71999999999991,1,-1,-1,-1
628,7,352.5,348.34,350.03999999999996,356.4800000000001,1,-1,-1,-1
628,8,794.38,553.51,65.10000000000002,79.95000000000005,1,-1,-1,-1
629,1,838.68,596.06,78.41000000000008,66.41000000000008,1,-1,-1,-1
629,3,938.81,547.94,67.48000000000002,90.19999999999993,1,-1,-1,-1
629,7,323.44,334.2,369.71999999999997,375.38000000000005,1,-1,-1,-1
629,8,791.58,552.46,67.43999999999994,80.88,1,-1,-1,-1
630,1,838.43,595.95,78.61000000000001,66.82999999999993,1,-1,-1,-1
630,3,939.31,547.53,67.99000000000001,90.69000000000005,1,-1,-1,-1
630,7,294.39,320.06,389.39,394.28000000000003,1,-1,-1,-1
630,8,788.79,551.4,69.76999999999998,81.82000000000005,1,-1,-1,-1
631,1,838.18,595.84,78.82000000000005,67.25999999999999,1,-1,-1,-1
631,3,939.82,547.12,68.4799999999999,91.17999999999995,1,-1,-1,-1
631,7,265.34,305.92,409.06,413.18,1,-1,-1,-1
631,8,785.99,550.35,72.11000000000001,82.75,1,-1,-1,-1
632,1,837.73,595.76,79.5,67.89999999999998,1,-1,-1,-1
632,3,940.24,546.7,69.10000000000002,91.71999999999991,1,-1,-1,-1
632,7,221.1,282.11,444.29999999999995,445.54999999999995,1,-1,-1,-1
632,8,784.17,549.74,73.29000000000008,83.92999999999995,1,-1,-1,-1
633,1,837.28,595.67,80.18000000000006,68.55000000000007,1,-1,-1,-1
633,3,940.66,546.27,69.72000000000003,92.26999999999998,1,-1,-1,-1
633,7,176.85,258.31,479.54999999999995,477.91,1,-1,-1,-1
633,8,782.34,549.14,74.48000000000002,85.10000000000002,1,-1,-1,-1
634,1,836.83,595.59,80.84999999999991,69.18999999999994,1,-1,-1,-1
634,3,941.09,545.85,70.32999999999993,92.80999999999995,1,-1,-1,-1
634,7,132.61,234.5,514.79,510.28,1,-1,-1,-1
634,8,780.52,548.53,75.65999999999997,86.27999999999997,1,-1,-1,-1
635,1,836.38,595.5,81.51999999999998,69.84000000000003,1,-1,-1,-1
635,3,941.51,545.42,70.95000000000005,93.36000000000001,1,-1,-1,-1
635,7,88.36,210.7,550.04,542.6400000000001,1,-1,-1,-1
635,8,778.7,547.92,76.83999999999992,87.46000000000004,1,-1,-1,-1
636,1,835.93,595.42,82.20000000000005,70.48000000000002,1,-1,-1,-1
636,3,941.93,545.0,71.57000000000005,93.89999999999998,1,-1,-1,-1
636,7,44.12,186.89,585.28,575.01,1,-1,-1,-1
636,8,776.88,547.32,78.01999999999998,88.63,1,-1,-1,-1
637,1,835.37,595.79,82.87,70.79000000000008,1,-1,-1,-1
637,3,942.35,544.8,72.18999999999994,94.66000000000008,1,-1,-1,-1
637,7,0.0,155.82,612.6,616.6700000000001,1,-1,-1,-1
637,8,775.05,546.71,79.21000000000004,89.80999999999995,1,-1,-1,-1
638,1,834.81,596.15,83.55000000000007,71.11000000000001,1,-1,-1,-1
638,3,942.77,544.61,72.81000000000006,95.40999999999997,1,-1,-1,-1
638,7,0.0,122.94,593.92,658.3299999999999,1,-1,-1,-1
638,8,773.23,546.1,80.38999999999999,90.99000000000001,1,-1,-1,-1
639,1,834.24,596.52,84.23000000000002,71.42000000000007,1,-1,-1,-1
639,3,943.2,544.41,73.41999999999996,96.17000000000007,1,-1,-1,-1
639,7,0.0,90.06,575.25,699.99,1,-1,-1,-1
639,8,771.41,545.49,81.57000000000005,92.16999999999996,1,-1,-1,-1
640,1,833.68,596.88,84.91000000000008,71.74000000000001,1,-1,-1,-1
640,3,943.62,544.22,74.03999999999996,96.91999999999996,1,-1,-1,-1
640,7,0.0,57.19,556.58,741.6300000000001,1,-1,-1,-1
640,8,769.58,544.89,82.75999999999999,93.34000000000003,1,-1,-1,-1
641,1,833.12,597.25,85.58000000000004,72.04999999999995,1,-1,-1,-1
641,3,944.04,544.02,74.66000000000008,97.68000000000006,1,-1,-1,-1
641,7,0.0,24.31,537.9,783.2900000000001,1,-1,-1,-1
641,8,767.76,544.28,83.94000000000005,94.51999999999998,1,-1,-1,-1
642,1,832.45,597.05,86.34999999999991,72.62,1,-1,-1,-1
642,3,944.48,543.38,75.13,98.51999999999998,1,-1,-1,-1
642,7,0.0,19.45,509.44,790.91,1,-1,-1,-1
642,8,763.75,542.9,86.82000000000005,96.13999999999999,1,-1,-1,-1
643,1,831.77,596.84,87.13,73.19999999999993,1,-1,-1,-1
643,3,944.92,542.74,75.60000000000002,99.36000000000001,1,-1,-1,-1
643,7,0.0,14.59,480.98,798.53,1,-1,-1,-1
643,8,759.74,541.52,89.70000000000005,97.75999999999999,1,-1,-1,-1
644,1,831.1,596.64,87.89999999999998,73.76999999999998,1,-1,-1,-1
644,3,945.36,542.1,76.06999999999994,100.19999999999993,1,-1,-1,-1
644,7,0.0,9.72,452.52,806.16,1,-1,-1,-1
644,8,755.73,540.15,92.57999999999993,99.37,1,-1,-1,-1
645,1,830.42,596.44,88.68000000000006,74.33999999999992,1,-1,-1,-1
645,3,945.8,541.46,76.54000000000008,101.03999999999996,1,-1,-1,-1
645,7,0.0,4.86,424.06,813.78,1,-1,-1,-1
645,8,751.72,538.77,95.45999999999992,100.99000000000001,1,-1,-1,-1
646,1,829.75,596.24,89.45000000000005,74.90999999999997,1,-1,-1,-1
646,3,946.23,540.82,77.01999999999998,101.88,1,-1,-1,-1
646,7,0.0,0.0,395.6,821.4,1,-1,-1,-1
646,8,747.7,537.39,98.34999999999991,102.61000000000001,1,-1,-1,-1
647,1,829.07,596.03,90.2299999999999,75.49000000000001,1,-1,-1,-1
647,3,946.67,540.17,77.49000000000012,102.73000000000002,1,-1,-1,-1
647,7,0.0,0.0,339.86,824.16,1,-1,-1,-1
647,8,743.69,536.01,101.2299999999999,104.23000000000002,1,-1,-1,-1
648,1,828.39,595.83,91.00999999999999,76.05999999999995,1,-1,-1,-1
648,3,947.11,539.53,77.95999999999992,103.57000000000005,1,-1,-1,-1
648,7,0.0,0.0,284.12,826.92,1,-1,-1,-1
648,8,739.68,534.63,104.11000000000001,105.85000000000002,1,-1,-1,-1
649,1,827.72,595.63,91.77999999999997,76.63,1,-1,-1,-1
649,3,947.55,538.89,78.43000000000006,104.40999999999997,1,-1,-1,-1
649,7,0.0,0.0,228.38,829.68,1,-1,-1,-1
649,8,735.67,533.26,106.99000000000001,107.46000000000004,1,-1,-1,-1
650,1,827.04,595.42,92.56000000000006,77.21000000000004,1,-1,-1,-1
650,3,947.99,538.25,78.90000000000009,105.25,1,-1,-1,-1
650,7,0.0,0.0,172.64,832.44,1,-1,-1,-1
650,8,731.66,531.88,109.87,109.08000000000004,1,-1,-1,-1
651,1,826.37,595.22,93.33000000000004,77.77999999999997,1,-1,-1,-1
651,3,948.43,537.61,79.37,106.09000000000003,1,-1,-1,-1
651,7,0.0,0.0,116.9,835.2,1,-1,-1,-1
651,8,727.65,530.5,112.75,110.70000000000005,1,-1,-1,-1
652,1,825.59,594.68,93.87,78.18000000000006,1,-1,-1,-1
652,3,948.56,536.7,80.01999999999998,106.87,1,-1,-1,-1
652,7,0.0,225.0,39.96,514.39,1,-1,-1,-1
652,8,722.01,528.17,116.20000000000005,113.66000000000008,1,-1,-1,-1
653,1,824.82,594.14,94.39999999999998,78.58000000000004,1,-1,-1,-1
653,3,948.7,535.79,80.65999999999985,107.65000000000009,1,-1,-1,-1
653,8,716.37,525.83,119.64999999999998,116.63,1,-1,-1,-1
654,1,824.04,593.6,94.94000000000005,78.98000000000002,1,-1,-1,-1
654,3,948.83,534.87,81.31000000000006,108.43999999999994,1,-1,-1,-1
654,8,710.73,523.5,123.10000000000002,119.59000000000003,1,-1,-1,-1
655,1,823.26,593.06,95.48000000000002,79.38000000000011,1,-1,-1,-1
655,3,948.97,533.96,81.95000000000005,109.21999999999991,1,-1,-1,-1
655,8,705.09,521.17,126.54999999999995,122.55000000000007,1,-1,-1,-1
656,1,822.49,592.52,96.00999999999999,79.77999999999997,1,-1,-1,-1
656,3,949.11,533.05,82.59000000000003,110.0,1,-1,-1,-1
656,8,699.45,518.84,130.0,125.50999999999999,1,-1,-1,-1
657,1,821.71,591.98,96.54999999999995,80.17999999999995,1,-1,-1,-1
657,3,949.24,532.14,83.24000000000001,110.77999999999997,1,-1,-1,-1
657,8,693.82,516.5,133.43999999999994,128.48000000000002,1,-1,-1,-1
658,1,820.93,591.44,97.09000000000003,80.57999999999993,1,-1,-1,-1
658,3,949.38,531.23,83.88,111.55999999999995,1,-1,-1,-1
658,8,688.18,514.17,136.8900000000001,131.44000000000005,1,-1,-1,-1
659,1,820.15,590.9,97.63,80.98000000000002,1,-1,-1,-1
659,3,949.51,530.31,84.52999999999997,112.35000000000002,1,-1,-1,-1
659,8,682.54,511.84,140.34000000000003,134.40000000000003,1,-1,-1,-1
660,1,819.38,590.36,98.15999999999997,81.38,1,-1,-1,-1
660,3,949.64,529.4,85.17999999999995,113.13,1,-1,-1,-1
660,8,676.9,509.5,143.79000000000008,137.37,1,-1,-1,-1
661,1,818.6,589.82,98.69999999999993,81.77999999999997,1,-1,-1,-1
661,3,949.78,528.49,85.81999999999994,113.90999999999997,1,-1,-1,-1
661,8,671.26,507.17,147.24,140.32999999999998,1,-1,-1,-1
662,1,817.19,590.16,99.20999999999992,82.31000000000006,1,-1,-1,-1
662,3,949.64,528.38,86.30000000000007,114.39999999999998,1,-1,-1,-1
662,8,664.49,504.74,151.0,144.36,1,-1,-1,-1
663,1,815.79,590.5,99.71000000000004,82.84000000000003,1,-1,-1,-1
663,3,949.5,528.27,86.77999999999997,114.88999999999999,1,-1,-1,-1
663,8,657.72,502.31,154.76,148.39000000000004,1,-1,-1,-1
664,1,814.38,590.83,100.22000000000003,83.38,1,-1,-1,-1
664,3,949.36,528.15,87.25999999999988,115.38999999999999,1,-1,-1,-1
664,8,650.94,499.87,158.52999999999997,152.42999999999995,1,-1,-1,-1
665,1,812.97,591.17,100.73000000000002,83.91000000000008,1,-1,-1,-1
665,3,949.22,528.04,87.74000000000001,115.88,1,-1,-1,-1
665,8,644.17,497.44,162.29000000000008,156.45999999999998,1,-1,-1,-1
666,1,811.57,591.51,101.2299999999999,84.44000000000005,1,-1,-1,-1
666,3,949.08,527.93,88.21999999999991,116.37,1,-1,-1,-1
666,8,637.4,495.01,166.05000000000007,160.49,1,-1,-1,-1
667,1,810.16,591.85,101.74000000000001,84.97000000000003,1,-1,-1,-1
667,3,948.94,527.82,88.70000000000005,117.39999999999998,1,-1,-1,-1
667,8,627.84,492.58,172.60000000000002,164.52000000000004,1,-1,-1,-1
668,1,808.75,592.19,102.25,85.5,1,-1,-1,-1
668,3,948.8,527.71,89.18000000000006,118.42999999999995,1,-1,-1,-1
668,8,618.28,490.15,179.14999999999998,168.55000000000007,1,-1,-1,-1
669,1,807.34,592.52,102.75999999999999,86.03999999999996,1,-1,-1,-1
669,3,948.66,527.59,89.65999999999997,119.46999999999991,1,-1,-1,-1
669,8,608.71,487.72,185.70999999999992,172.57999999999993,1,-1,-1,-1
670,1,805.94,592.86,103.25999999999999,86.56999999999994,1,-1,-1,-1
670,3,948.52,527.48,90.1400000000001,120.5,1,-1,-1,-1
670,8,599.15,485.29,192.26,176.60999999999996,1,-1,-1,-1
671,1,804.53,593.2,103.76999999999998,87.09999999999991,1,-1,-1,-1
671,3,948.38,527.37,90.62,121.52999999999997,1,-1,-1,-1
671,8,589.59,482.86,198.80999999999995,180.64,1,-1,-1,-1
672,1,803.55,593.34,103.91000000000008,87.29999999999995,1,-1,-1,-1
672,3,948.29,527.12,91.16000000000008,122.20000000000005,1,-1,-1,-1
672,8,577.13,478.24,207.62,187.45000000000005,1,-1,-1,-1
673,1,802.56,593.48,104.06000000000006,87.5,1,-1,-1,-1
673,3,948.21,526.86,91.69000000000005,122.88,1,-1,-1,-1
673,8,564.67,473.62,216.43000000000006,194.26,1,-1,-1,-1
674,1,801.58,593.62,104.19999999999993,87.70000000000005,1,-1,-1,-1
674,3,948.12,526.61,92.2299999999999,123.54999999999995,1,-1,-1,-1
674,8,552.22,469.01,225.23000000000002,201.06000000000006,1,-1,-1,-1
675,1,800.59,593.76,104.35000000000002,87.89999999999998,1,-1,-1,-1
675,3,948.04,526.35,92.75999999999999,124.23000000000002,1,-1,-1,-1
675,8,539.76,464.39,234.03999999999996,207.87,1,-1,-1,-1
676,1,799.61,593.9,104.49000000000001,88.10000000000002,1,-1,-1,-1
676,3,947.95,526.1,93.29999999999995,124.89999999999998,1,-1,-1,-1
676,8,527.3,459.77,242.85000000000002,214.68000000000006,1,-1,-1,-1
677,1,798.63,594.05,104.63,88.29000000000008,1,-1,-1,-1
677,3,947.87,525.85,93.83000000000004,125.56999999999994,1,-1,-1,-1
677,8,512.73,455.15,253.76999999999998,221.49,1,-1,-1,-1
678,1,797.64,594.19,104.77999999999997,88.4899999999999,1,-1,-1,-1
678,3,947.78,525.59,94.37000000000012,126.25,1,-1,-1,-1
678,8,498.16,450.53,264.69,228.30000000000007,1,-1,-1,-1
679,1,796.66,594.33,104.92000000000007,88.68999999999994,1,-1,-1,-1
679,3,947.7,525.34,94.89999999999986,126.91999999999996,1,-1,-1,-1
679,8,483.58,445.92,275.62000000000006,235.09999999999997,1,-1,-1,-1
680,1,795.67,594.47,105.07000000000005,88.88999999999999,1,-1,-1,-1
680,3,947.62,525.08,95.42999999999995,127.59999999999991,1,-1,-1,-1
680,8,469.01,441.3,286.53999999999996,241.91000000000003,1,-1,-1,-1
681,1,794.69,594.61,105.20999999999992,89.09000000000003,1,-1,-1,-1
681,3,947.53,524.83,95.97000000000003,128.26999999999998,1,-1,-1,-1
681,8,454.44,436.68,297.46,248.71999999999997,1,-1,-1,-1
682,1,794.04,594.75,105.86000000000001,89.50999999999999,1,-1,-1,-1
682,3,947.53,524.77,96.62000000000012,129.01,1,-1,-1,-1
682,8,431.36,429.02,313.67999999999995,260.52,1,-1,-1,-1
683,1,793.4,594.89,106.5,89.93000000000006,1,-1,-1,-1
683,3,947.53,524.72,97.26999999999998,129.74,1,-1,-1,-1
683,8,408.27,421.36,329.90999999999997,272.31999999999994,1,-1,-1,-1
684,1,792.75,595.03,107.14999999999998,90.35000000000002,1,-1,-1,-1
684,3,947.53,524.66,97.92000000000007,130.48000000000002,1,-1,-1,-1
684,8,385.19,413.69,346.13000000000005,284.13000000000005,1,-1,-1,-1
685,1,792.1,595.17,107.79999999999995,90.7700000000001,1,-1,-1,-1
685,3,947.53,524.61,98.56999999999994,131.21000000000004,1,-1,-1,-1
685,8,362.1,406.03,362.36,295.93000000000006,1,-1,-1,-1
685,9,792.25,541.2,67.95000000000005,75.31999999999994,1,-1,-1,-1
686,1,791.46,595.31,108.43999999999994,91.19000000000005,1,-1,-1,-1
686,3,947.53,524.55,99.22000000000003,131.95000000000005,1,-1,-1,-1
686,8,339.02,398.37,378.58000000000004,307.73,1,-1,-1,-1
686,9,790.22,540.8,68.82999999999993,79.30000000000007,1,-1,-1,-1
687,1,790.81,595.45,109.09000000000003,91.6099999999999,1,-1,-1,-1
687,3,947.53,524.49,99.87000000000012,132.68999999999994,1,-1,-1,-1
687,8,307.87,386.27,403.89,323.55000000000007,1,-1,-1,-1
687,9,788.19,540.39,69.70999999999992,83.28999999999996,1,-1,-1,-1
688,1,790.16,595.59,109.74000000000001,92.02999999999997,1,-1,-1,-1
688,3,947.53,524.44,100.51999999999998,133.41999999999996,1,-1,-1,-1
688,8,276.72,374.18,429.19999999999993,339.35999999999996,1,-1,-1,-1
688,9,786.17,539.99,70.58000000000004,87.26999999999998,1,-1,-1,-1
689,1,789.51,595.73,110.38999999999999,92.44999999999993,1,-1,-1,-1
689,3,947.53,524.38,101.17000000000007,134.15999999999997,1,-1,-1,-1
689,8,245.57,362.08,454.51000000000005,355.18,1,-1,-1,-1
689,9,784.14,539.58,71.46000000000004,91.25999999999999,1,-1,-1,-1
690,1,788.87,595.87,111.02999999999997,92.87,1,-1,-1,-1
690,3,947.53,524.33,101.81999999999994,134.89,1,-1,-1,-1
690,8,214.42,349.99,479.82000000000005,370.99,1,-1,-1,-1
690,9,782.12,539.17,72.33000000000004,95.25,1,-1,-1,-1
691,1,788.22,596.01,111.67999999999995,93.28999999999996,1,-1,-1,-1
691,3,947.53,524.27,102.47000000000003,135.63,1,-1,-1,-1
691,8,183.27,337.89,505.13,386.81000000000006,1,-1,-1,-1
691,9,780.09,538.77,73.20999999999992,99.23000000000002,1,-1,-1,-1
692,1,787.68,596.18,111.98000000000002,93.3900000000001,1,-1,-1,-1
692,3,947.6,523.9,103.2399999999999,136.57000000000005,1,-1,-1,-1
692,8,140.48,317.27,537.72,411.93000000000006,1,-1,-1,-1
692,9,777.54,538.0,74.71000000000004,100.57000000000005,1,-1,-1,-1
693,1,787.14,596.35,112.27999999999997,93.49000000000001,1,-1,-1,-1
693,3,947.67,523.53,104.0100000000001,137.51,1,-1,-1,-1
693,8,97.69,296.64,570.31,437.06000000000006,1,-1,-1,-1
693,9,774.99,537.23,76.21000000000004,101.90999999999997,1,-1,-1,-1
694,1,786.6,596.52,112.57999999999993,93.59000000000003,1,-1,-1,-1
694,3,947.73,523.16,104.78999999999996,138.45000000000005,1,-1,-1,-1
694,8,54.89,276.02,602.91,462.18000000000006,1,-1,-1,-1
694,9,772.43,536.46,77.72000000000003,103.25,1,-1,-1,-1
695,1,786.06,596.69,112.88000000000011,93.68999999999994,1,-1,-1,-1
695,3,947.8,522.79,105.55999999999995,139.39,1,-1,-1,-1
695,8,12.1,255.4,635.5,487.30000000000007,1,-1,-1,-1
695,9,769.88,535.69,79.22000000000003,104.58999999999992,1,-1,-1,-1
696,1,785.52,596.86,113.18000000000006,93.78999999999996,1,-1,-1,-1
696,3,947.87,522.41,106.33000000000004,140.34000000000003,1,-1,-1,-1
696,8,0.2,231.2,637.1999999999999,516.0,1,-1,-1,-1
696,9,767.33,534.92,80.71999999999991,105.93000000000006,1,-1,-1,-1
697,1,784.98,597.02,113.48000000000002,93.89999999999998,1,-1,-1,-1
697,3,947.94,522.04,107.09999999999991,141.2800000000001,1,-1,-1,-1
697,8,0.16,209.86,623.64,541.84,1,-1,-1,-1
697,9,764.78,534.16,82.22000000000003,107.25999999999999,1,-1,-1,-1
698,1,784.44,597.19,113.77999999999997,94.0,1,-1,-1,-1
698,3,948.01,521.67,107.87000000000012,142.22000000000003,1,-1,-1,-1
698,8,0.12,188.52,610.08,567.6800000000001,1,-1,-1,-1
698,9,762.23,533.39,83.72000000000003,108.60000000000002,1,-1,-1,-1
699,1,783.9,597.36,114.08000000000004,94.10000000000002,1,-1,-1,-1
699,3,948.07,521.3,108.64999999999998,143.16000000000008,1,-1,-1,-1
699,8,0.08,167.18,596.52,593.52,1,-1,-1,-1
699,9,759.67,532.62,85.23000000000002,109.93999999999994,1,-1,-1,-1
700,1,783.36,597.53,114.38,94.20000000000005,1,-1,-1,-1
700,3,948.14,520.93,109.41999999999996,144.10000000000002,1,-1,-1,-1
700,8,0.04,145.84,582.96,619.36,1,-1,-1,-1
700,9,757.12,531.85,86.73000000000002,111.27999999999997,1,-1,-1,-1
701,1,782.82,597.7,114.67999999999995,94.29999999999995,1,-1,-1,-1
701,3,948.21,520.56,110.19000000000005,145.04000000000008,1,-1,-1,-1
701,8,0.0,124.5,569.4,645.2,1,-1,-1,-1
701,9,754.57,531.08,88.2299999999999,112.62,1,-1,-1,-1
702,1,782.41,597.46,114.97000000000003,94.45999999999992,1,-1,-1,-1
702,3,948.49,520.07,111.03999999999996,145.4899999999999,1,-1,-1,-1
702,8,0.0,124.5,546.18,652.75,1,-1,-1,-1
702,9,751.69,530.23,89.8599999999999,114.19999999999993,1,-1,-1,-1
703,1,782.01,597.22,115.25,94.62,1,-1,-1,-1
703,3,948.77,519.59,111.8900000000001,145.92999999999995,1,-1,-1,-1
703,8,0.0,124.5,522.96,660.3,1,-1,-1,-1
703,9,748.82,529.38,91.4799999999999,115.77999999999997,1,-1,-1,-1
704,1,781.6,596.97,115.52999999999997,94.79999999999995,1,-1,-1,-1
704,3,949.06,519.1,112.73000000000002,146.38,1,-1,-1,-1
704,8,0.0,124.5,499.74,667.85,1,-1,-1,-1
704,9,745.94,528.53,93.1099999999999,117.36000000000001,1,-1,-1,-1
705,1,781.2,596.73,115.80999999999995,94.96000000000004,1,-1,-1,-1
705,3,949.34,518.62,113.58000000000004,146.82000000000005,1,-1,-1,-1
705,8,0.0,124.5,476.52,675.4,1,-1,-1,-1
705,9,743.07,527.68,94.7299999999999,118.94000000000005,1,-1,-1,-1
706,1,780.79,596.49,116.10000000000002,95.12,1,-1,-1,-1
706,3,949.62,518.13,114.42999999999995,147.26999999999998,1,-1,-1,-1
706,8,0.0,124.5,453.3,682.95,1,-1,-1,-1
706,9,740.19,526.83,96.3599999999999,120.51999999999998,1,-1,-1,-1
707,1,780.71,597.54,116.38,95.29000000000008,1,-1,-1,-1
707,3,949.9,518.29,115.28000000000009,148.85000000000002,1,-1,-1,-1
707,8,0.0,124.5,414.98,690.5,1,-1,-1,-1
707,9,737.31,525.97,97.99000000000001,122.11000000000001,1,-1,-1,-1
708,1,780.63,598.59,116.65999999999997,95.45999999999992,1,-1,-1,-1
708,3,950.19,518.45,116.11999999999989,150.42999999999995,1,-1,-1,-1
708,8,0.0,124.5,376.66,698.05,1,-1,-1,-1
708,9,734.44,525.12,99.6099999999999,123.68999999999994,1,-1,-1,-1
709,1,780.55,599.65,116.95000000000005,95.61000000000001,1,-1,-1,-1
709,3,950.47,518.62,116.97000000000003,152.0,1,-1,-1,-1
709,8,0.0,124.5,338.34,705.6,1,-1,-1,-1
709,9,731.56,524.27,101.24000000000001,125.26999999999998,1,-1,-1,-1
710,1,780.47,600.7,117.23000000000002,95.77999999999997,1,-1,-1,-1
710,3,950.76,518.78,117.80999999999995,153.58000000000004,1,-1,-1,-1
710,8,0.0,124.5,300.02,713.15,1,-1,-1,-1
710,9,728.69,523.42,102.8599999999999,126.85000000000002,1,-1,-1,-1
711,1,780.39,601.75,117.50999999999999,95.95000000000005,1,-1,-1,-1
711,3,951.04,518.94,118.66000000000008,155.15999999999997,1,-1,-1,-1
711,8,0.0,124.5,261.7,720.7,1,-1,-1,-1
711,9,725.81,522.57,104.49000000000001,128.42999999999995,1,-1,-1,-1
712,1,780.39,602.28,117.91999999999996,96.36000000000001,1,-1,-1,-1
712,3,951.65,519.14,119.59000000000003,155.94000000000005,1,-1,-1,-1
712,8,0.0,123.05,210.89,720.7,1,-1,-1,-1
712,9,722.31,521.78,106.85000000000002,130.80000000000007,1,-1,-1,-1
713,1,780.39,602.81,118.33000000000004,96.7600000000001,1,-1,-1,-1
713,3,952.26,519.34,120.51999999999998,156.7199999999999,1,-1,-1,-1
713,8,0.0,121.6,155.73,720.6999999999999,1,-1,-1,-1
713,9,718.81,521.0,109.21000000000004,133.15999999999997,1,-1,-1,-1
714,1,780.39,603.33,118.74000000000001,97.17999999999995,1,-1,-1,-1
714,3,952.86,519.55,121.45999999999992,157.49,1,-1,-1,-1
714,8,0.0,197.1,93.31,646.65,1,-1,-1,-1
714,9,715.3,520.21,111.58000000000004,135.52999999999997,1,-1,-1,-1
715,1,780.39,603.86,119.14999999999998,97.58000000000004,1,-1,-1,-1
715,3,953.47,519.75,122.38999999999987,158.26999999999998,1,-1,-1,-1
715,8,0.0,252.26,29.44,646.65,1,-1,-1,-1
715,9,711.8,519.43,113.94000000000005,137.8900000000001,1,-1,-1,-1
716,1,780.39,604.39,119.56000000000006,97.99000000000001,1,-1,-1,-1
716,3,954.08,519.95,123.32000000000005,159.04999999999995,1,-1,-1,-1
716,9,708.3,518.64,116.30000000000007,140.26,1,-1,-1,-1
717,1,780.39,604.11,119.97000000000003,98.38999999999999,1,-1,-1,-1
717,3,954.69,519.18,124.25,159.98000000000002,1,-1,-1,-1
717,9,704.24,516.45,118.65999999999997,142.89,1,-1,-1,-1
718,1,780.39,603.82,120.38,98.80999999999995,1,-1,-1,-1
718,3,955.3,518.41,125.18000000000006,160.91000000000008,1,-1,-1,-1
718,9,700.18,514.27,121.0200000000001,145.51,1,-1,-1,-1
719,1,780.39,603.54,120.78999999999996,99.21000000000004,1,-1,-1,-1
719,3,955.9,517.64,126.12,161.84000000000003,1,-1,-1,-1
719,9,696.12,512.08,123.38,148.14,1,-1,-1,-1
720,1,780.39,603.25,121.20000000000005,99.63,1,-1,-1,-1
720,3,956.51,516.87,127.04999999999995,162.76999999999998,1,-1,-1,-1
720,9,692.06,509.9,125.74000000000001,150.76,1,-1,-1,-1
721,1,780.39,602.97,121.61000000000001,100.02999999999997,1,-1,-1,-1
721,3,957.12,516.1,127.9799999999999,163.69999999999993,1,-1,-1,-1
721,9,688.0,507.71,128.10000000000002,153.39000000000004,1,-1,-1,-1
722,1,780.69,602.82,121.76999999999998,100.14999999999998,1,-1,-1,-1
722,3,957.78,515.06,129.41000000000008,164.5100000000001,1,-1,-1,-1
722,9,683.38,505.14,130.86,157.03999999999996,1,-1,-1,-1
723,1,780.99,602.66,121.92999999999995,100.26999999999998,1,-1,-1,-1
723,3,958.45,514.03,130.82999999999993,165.31000000000006,1,-1,-1,-1
723,9,678.76,502.58,133.62,160.68,1,-1,-1,-1
724,1,781.28,602.51,122.09000000000003,100.38999999999999,1,-1,-1,-1
724,3,959.11,512.99,132.2499999999999,166.13,1,-1,-1,-1
724,9,674.14,500.01,136.38,164.33000000000004,1,-1,-1,-1
725,1,781.58,602.35,122.25,100.50999999999999,1,-1,-1,-1
725,3,959.78,511.96,133.67000000000007,166.93,1,-1,-1,-1
725,9,669.52,497.45,139.14,167.96999999999997,1,-1,-1,-1
726,1,781.88,602.2,122.40999999999997,100.63,1,-1,-1,-1
726,3,960.44,510.92,135.0999999999999,167.73999999999995,1,-1,-1,-1
726,9,664.9,494.88,141.89999999999998,171.62,1,-1,-1,-1
727,1,781.99,602.43,122.55999999999995,100.75,1,-1,-1,-1
727,3,960.91,510.66,136.5200000000001,168.55,1,-1,-1,-1
727,9,657.77,492.32,147.17000000000007,175.26000000000005,1,-1,-1,-1
728,1,782.09,602.67,122.71999999999991,100.87,1,-1,-1,-1
728,3,961.38,510.4,137.93999999999994,169.36,1,-1,-1,-1
728,9,650.64,489.75,152.44000000000005,178.90999999999997,1,-1,-1,-1
729,1,782.2,602.9,122.88,100.99000000000001,1,-1,-1,-1
729,3,961.85,510.14,139.37,170.15999999999997,1,-1,-1,-1
729,9,643.51,487.19,157.71000000000004,182.55,1,-1,-1,-1
730,1,782.3,603.14,123.04000000000008,101.11000000000001,1,-1,-1,-1
730,3,962.32,509.88,140.78999999999985,170.97000000000003,1,-1,-1,-1
730,9,636.38,484.62,162.98000000000002,186.20000000000005,1,-1,-1,-1
731,1,782.41,603.37,123.19000000000005,101.23000000000002,1,-1,-1,-1
731,3,962.79,509.62,142.21000000000004,171.77999999999997,1,-1,-1,-1
731,9,629.25,482.06,168.25,189.83999999999997,1,-1,-1,-1
732,1,782.82,603.21,123.34999999999991,101.51999999999998,1,-1,-1,-1
732,3,963.48,508.36,143.72000000000003,173.76,1,-1,-1,-1
732,9,621.7,477.92,173.3499999999999,196.25999999999993,1,-1,-1,-1
733,1,783.23,603.05,123.50999999999999,101.81000000000006,1,-1,-1,-1
733,3,964.17,507.11,145.23000000000013,175.73000000000002,1,-1,-1,-1
733,9,614.15,473.78,178.45000000000005,202.68000000000006,1,-1,-1,-1
734,1,783.63,602.88,123.67999999999995,102.10000000000002,1,-1,-1,-1
734,3,964.85,505.85,146.7499999999999,177.70999999999992,1,-1,-1,-1
734,9,606.6,469.63,183.54999999999995,209.11,1,-1,-1,-1
735,1,784.04,602.72,123.84000000000003,102.38999999999999,1,-1,-1,-1
735,3,965.54,504.6,148.26,179.67999999999995,1,-1,-1,-1
735,9,599.05,465.49,188.6500000000001,215.52999999999997,1,-1,-1,-1
736,1,784.44,602.56,124.00999999999999,102.67000000000007,1,-1,-1,-1
736,3,966.23,503.34,149.76999999999998,181.66000000000003,1,-1,-1,-1
736,9,591.5,461.35,193.75,221.94999999999993,1,-1,-1,-1
737,1,784.84,603.21,124.17999999999995,102.94999999999993,1,-1,-1,-1
737,3,966.92,502.89,150.93999999999994,183.01,1,-1,-1,-1
737,9,579.45,457.21,203.3499999999999,228.37000000000006,1,-1,-1,-1
738,1,785.25,603.86,124.34000000000003,103.24000000000001,1,-1,-1,-1
738,3,967.61,502.45,152.11,184.34999999999997,1,-1,-1,-1
738,9,567.4,453.07,212.95000000000005,234.79000000000002,1,-1,-1,-1
739,1,785.65,604.5,124.50999999999999,103.52999999999997,1,-1,-1,-1
739,3,968.3,502.0,153.27999999999997,185.70000000000005,1,-1,-1,-1
739,9,555.35,448.92,222.54999999999995,241.21999999999997,1,-1,-1,-1
740,1,786.06,605.15,124.67000000000007,103.82000000000005,1,-1,-1,-1
740,3,968.99,501.56,154.45000000000005,187.04000000000002,1,-1,-1,-1
740,9,543.3,444.78,232.1500000000001,247.64,1,-1,-1,-1
741,1,786.46,605.8,124.83999999999992,104.10000000000002,1,-1,-1,-1
741,3,969.68,501.11,155.62,188.39,1,-1,-1,-1
741,9,531.25,440.64,241.75,254.06000000000006,1,-1,-1,-1
742,1,786.58,605.74,125.45999999999992,104.50999999999999,1,-1,-1,-1
742,3,970.63,499.96,157.61,190.05,1,-1,-1,-1
742,9,515.64,434.16,253.38,263.18,1,-1,-1,-1
743,1,786.7,605.69,126.07999999999993,104.90999999999997,1,-1,-1,-1
743,3,971.58,498.81,159.60000000000002,191.70999999999998,1,-1,-1,-1
743,9,500.03,427.67,265.01,272.31,1,-1,-1,-1
744,1,786.83,605.63,126.68999999999994,105.32000000000005,1,-1,-1,-1
744,3,972.52,497.66,161.58999999999992,193.35999999999996,1,-1,-1,-1
744,9,484.41,421.19,276.6499999999999,281.43,1,-1,-1,-1
745,1,786.95,605.58,127.30999999999995,105.71999999999991,1,-1,-1,-1
745,3,973.47,496.51,163.57999999999993,195.01999999999998,1,-1,-1,-1
745,9,468.8,414.7,288.28000000000003,290.56,1,-1,-1,-1
746,1,787.07,605.52,127.92999999999995,106.13,1,-1,-1,-1
746,3,974.42,495.36,165.57000000000005,196.67999999999995,1,-1,-1,-1
746,9,453.19,408.22,299.91,299.67999999999995,1,-1,-1,-1
747,1,787.19,604.69,128.3699999999999,106.52999999999997,1,-1,-1,-1
747,3,975.17,493.43,167.56000000000006,198.33999999999997,1,-1,-1,-1
747,9,432.54,398.04,315.58,313.5199999999999,1,-1,-1,-1
748,1,787.31,603.85,128.81000000000006,106.93999999999994,1,-1,-1,-1
748,3,975.93,491.5,169.54000000000008,200.0,1,-1,-1,-1
748,9,411.89,387.86,331.25,327.36,1,-1,-1,-1
749,1,787.44,603.02,129.2399999999999,107.34000000000003,1,-1,-1,-1
749,3,976.68,489.58,171.54000000000008,201.66000000000003,1,-1,-1,-1
749,9,391.23,377.69,346.92999999999995,341.19,1,-1,-1,-1
750,1,787.56,602.18,129.68000000000006,107.75,1,-1,-1,-1
750,3,977.44,487.65,173.51999999999998,203.32000000000005,1,-1,-1,-1
750,9,370.58,367.51,362.59999999999997,355.03,1,-1,-1,-1
751,1,787.68,601.35,130.12,108.14999999999998,1,-1,-1,-1
751,3,978.19,485.72,175.51,204.98000000000002,1,-1,-1,-1
751,9,349.93,357.33,378.27000000000004,368.87000000000006,1,-1,-1,-1
752,1,787.96,601.26,130.28999999999996,108.20000000000005,1,-1,-1,-1
752,3,979.16,484.26,177.86,207.28999999999996,1,-1,-1,-1
752,9,314.94,340.34,405.58,393.12000000000006,1,-1,-1,-1
753,1,788.25,601.18,130.45000000000005,108.24000000000001,1,-1,-1,-1
753,3,980.13,482.8,180.20999999999992,209.59999999999997,1,-1,-1,-1
753,9,279.95,323.36,432.89000000000004,417.36,1,-1,-1,-1
754,1,788.53,601.1,130.62,108.27999999999997,1,-1,-1,-1
754,3,981.11,481.34,182.55000000000007,211.91000000000003,1,-1,-1,-1
754,9,244.95,306.37,460.21,441.61,1,-1,-1,-1
755,1,788.81,601.01,130.79000000000008,108.33000000000004,1,-1,-1,-1
755,3,982.08,479.88,184.89999999999998,214.22000000000003,1,-1,-1,-1
755,9,209.96,289.39,487.52,465.85,1,-1,-1,-1
756,1,789.1,600.92,130.94999999999993,108.38,1,-1,-1,-1
756,3,983.05,478.43,187.25,216.52000000000004,1,-1,-1,-1
756,9,174.97,272.4,514.8299999999999,490.1,1,-1,-1,-1
757,1,789.38,600.84,131.12,108.41999999999996,1,-1,-1,-1
757,3,984.02,476.97,189.5999999999999,218.82999999999993,1,-1,-1,-1
757,9,130.78,247.58,548.99,525.9499999999999,1,-1,-1,-1
758,1,789.66,600.75,131.29000000000008,108.47000000000003,1,-1,-1,-1
758,3,984.99,475.51,191.95000000000005,221.14,1,-1,-1,-1
758,9,86.6,222.76,583.13,561.8,1,-1,-1,-1
759,1,789.94,600.67,131.45999999999992,108.50999999999999,1,-1,-1,-1
759,3,985.97,474.05,194.28999999999996,223.45,1,-1,-1,-1
759,9,42.41,197.94,617.2900000000001,597.6500000000001,1,-1,-1,-1
760,1,790.23,600.59,131.62,108.54999999999995,1,-1,-1,-1
760,3,986.94,472.59,196.63999999999987,225.76000000000005,1,-1,-1,-1
760,9,0.0,182.55,652.6,616.05,1,-1,-1,-1
761,1,790.51,600.5,131.78999999999996,108.60000000000002,1,-1,-1,-1
761,3,987.91,471.13,198.99000000000012,228.07000000000005,1,-1,-1,-1
761,9,0.0,141.04,639.7,669.36,1,-1,-1,-1
762,1,790.92,600.87,132.1500000000001,109.12,1,-1,-1,-1
762,3,989.17,469.63,202.42999999999995,230.95000000000005,1,-1,-1,-1
762,9,0.0,116.46,623.63,695.9699999999999,1,-1,-1,-1
763,1,791.32,601.23,132.51999999999998,109.64999999999998,1,-1,-1,-1
763,3,990.42,468.13,205.88,233.83000000000004,1,-1,-1,-1
763,9,0.0,91.88,607.57,722.58,1,-1,-1,-1
764,1,791.73,601.6,132.88,110.16999999999996,1,-1,-1,-1
764,3,991.68,466.63,209.32000000000005,236.71000000000004,1,-1,-1,-1
764,9,0.0,67.3,591.5,749.19,1,-1,-1,-1
765,1,792.13,601.96,133.25,110.69999999999993,1,-1,-1,-1
765,3,992.93,465.13,212.7700000000001,239.59000000000003,1,-1,-1,-1
765,9,0.0,53.55,573.7,764.97,1,-1,-1,-1
766,1,792.54,602.33,133.61,111.21999999999991,1,-1,-1,-1
766,3,994.19,463.63,216.21000000000004,242.47000000000003,1,-1,-1,-1
766,9,0.0,39.8,555.9,780.75,1,-1,-1,-1
767,1,792.95,602.69,133.9699999999999,111.75,1,-1,-1,-1
767,3,995.45,462.14,219.64999999999986,245.34000000000003,1,-1,-1,-1
767,9,0.0,22.0,530.9,800.58,1,-1,-1,-1
768,1,793.35,603.05,134.34000000000003,112.28000000000009,1,-1,-1,-1
768,3,996.7,460.64,223.0999999999999,248.22000000000003,1,-1,-1,-1
768,9,0.0,16.92,502.22,807.69,1,-1,-1,-1
769,1,793.76,603.42,134.70000000000005,112.80000000000007,1,-1,-1,-1
769,3,997.96,459.14,226.53999999999996,251.10000000000002,1,-1,-1,-1
769,9,0.0,11.85,473.55,814.79,1,-1,-1,-1
770,1,794.16,603.78,135.07000000000005,113.33000000000004,1,-1,-1,-1
770,3,999.21,457.64,229.99,253.98000000000002,1,-1,-1,-1
770,9,0.0,6.77,444.88,821.9,1,-1,-1,-1
771,1,794.57,604.15,135.42999999999995,113.85000000000002,1,-1,-1,-1
771,3,1000.47,456.14,233.43000000000006,256.86,1,-1,-1,-1
771,9,0.0,1.69,416.2,829.01,1,-1,-1,-1
772,1,794.94,604.19,135.79999999999995,114.18999999999994,1,-1,-1,-1
772,3,1002.08,454.41,237.30000000000007,259.96999999999997,1,-1,-1,-1
772,9,0.0,0.24,371.2,829.01,1,-1,-1,-1
773,1,795.31,604.23,136.17000000000007,114.52999999999997,1,-1,-1,-1
773,3,1003.69,452.68,241.16999999999985,263.08,1,-1,-1,-1
773,9,0.0,0.24,321.85,829.01,1,-1,-1,-1
774,1,795.68,604.27,136.54000000000008,114.88,1,-1,-1,-1
774,3,1005.3,450.94,245.03999999999996,266.2,1,-1,-1,-1
774,9,0.0,3.14,263.78,829.01,1,-1,-1,-1
775,1,796.05,604.31,136.91000000000008,115.22000000000003,1,-1,-1,-1
775,3,1006.91,449.21,248.90999999999997,269.31,1,-1,-1,-1
775,9,0.0,1.7,195.56,836.26,1,-1,-1,-1
776,1,796.42,604.35,137.2800000000001,115.55999999999995,1,-1,-1,-1
776,3,1008.52,447.48,252.77999999999997,272.41999999999996,1,-1,-1,-1
776,9,0.0,161.4,122.98,682.36,1,-1,-1,-1
777,1,796.79,603.9,137.6500000000001,115.90999999999997,1,-1,-1,-1
777,3,1010.13,444.45,257.44999999999993,277.01000000000005,1,-1,-1,-1
777,9,0.0,162.85,32.98,682.37,1,-1,-1,-1
778,1,797.16,603.46,138.01999999999998,116.25,1,-1,-1,-1
778,3,1011.74,441.42,262.1199999999999,281.59999999999997,1,-1,-1,-1
779,1,797.54,603.01,138.38,116.59000000000003,1,-1,-1,-1
779,3,1013.35,438.4,266.7900000000001,286.18000000000006,1,-1,-1,-1
780,1,797.91,602.57,138.75,116.92999999999995,1,-1,-1,-1
780,3,1014.96,435.37,271.46000000000004,290.77,1,-1,-1,-1
781,1,798.28,602.12,139.12,117.27999999999997,1,-1,-1,-1
781,3,1016.57,432.34,276.13,295.36000000000007,1,-1,-1,-1
782,1,798.72,601.82,139.51999999999998,117.75,1,-1,-1,-1
782,3,1018.32,428.84,281.84000000000003,300.4800000000001,1,-1,-1,-1
783,1,799.16,601.51,139.92000000000007,118.23000000000002,1,-1,-1,-1
783,3,1020.07,425.34,287.54999999999984,305.6000000000001,1,-1,-1,-1
784,1,799.6,601.21,140.31999999999994,118.69999999999993,1,-1,-1,-1
784,3,1021.82,421.84,293.2599999999999,310.71999999999997,1,-1,-1,-1
785,1,800.04,600.9,140.72000000000003,119.18000000000006,1,-1,-1,-1
785,3,1023.57,418.34,298.9699999999999,315.84,1,-1,-1,-1
786,1,800.47,600.6,141.13,119.64999999999998,1,-1,-1,-1
786,3,1025.32,414.84,304.68000000000006,320.96,1,-1,-1,-1
787,1,800.91,600.3,141.5300000000001,120.12,1,-1,-1,-1
787,3,1027.07,411.34,312.09000000000015,326.08,1,-1,-1,-1
788,1,801.35,599.99,141.92999999999995,120.60000000000002,1,-1,-1,-1
788,3,1028.82,407.84,319.5,331.2,1,-1,-1,-1
789,1,801.79,599.69,142.33000000000004,121.06999999999994,1,-1,-1,-1
789,3,1030.57,404.34,326.9100000000001,336.32,1,-1,-1,-1
790,1,802.23,599.38,142.73000000000002,121.54999999999995,1,-1,-1,-1
790,3,1032.32,400.84,334.32000000000016,341.44,1,-1,-1,-1
791,1,802.67,599.08,143.13,122.01999999999998,1,-1,-1,-1
791,3,1034.07,397.34,341.73,346.56,1,-1,-1,-1
792,1,803.07,598.85,143.87,122.47000000000003,1,-1,-1,-1
792,3,1036.17,392.85,349.6299999999999,353.66999999999996,1,-1,-1,-1
793,1,803.48,598.63,144.60000000000002,122.90999999999997,1,-1,-1,-1
793,3,1038.27,388.35,357.53,360.78999999999996,1,-1,-1,-1
794,1,803.88,598.4,145.34000000000003,123.37,1,-1,-1,-1
794,3,1040.37,383.86,365.43000000000006,367.9,1,-1,-1,-1
795,1,804.29,598.18,146.07000000000005,123.81000000000006,1,-1,-1,-1
795,3,1042.47,379.36,373.3299999999999,375.02,1,-1,-1,-1
796,1,804.69,597.95,146.80999999999995,124.25999999999999,1,-1,-1,-1
796,3,1044.57,374.87,381.23,382.13,1,-1,-1,-1
797,1,805.1,598.5,147.36,124.71000000000004,1,-1,-1,-1
797,3,1046.67,370.38,391.64999999999986,390.34000000000003,1,-1,-1,-1
798,1,805.5,599.05,147.91999999999996,125.16000000000008,1,-1,-1,-1
798,3,1048.77,365.88,402.06999999999994,398.56000000000006,1,-1,-1,-1
799,1,805.91,599.6,148.47000000000003,125.60000000000002,1,-1,-1,-1
799,3,1050.87,361.39,412.49,406.77,1,-1,-1,-1
800,1,806.31,600.15,149.0300000000001,126.05000000000007,1,-1,-1,-1
800,3,1052.97,356.89,422.9100000000001,414.99,1,-1,-1,-1
801,1,806.72,600.7,149.57999999999993,126.5,1,-1,-1,-1
801,3,1055.07,352.4,433.33000000000015,423.20000000000005,1,-1,-1,-1
802,1,806.66,601.15,150.17000000000007,127.26999999999998,1,-1,-1,-1
802,3,1056.99,346.52,445.9100000000001,433.48,1,-1,-1,-1
803,1,806.6,601.61,150.76,128.03999999999996,1,-1,-1,-1
803,3,1058.9,340.64,458.5,443.76,1,-1,-1,-1
804,1,806.55,602.06,151.34000000000003,128.81000000000006,1,-1,-1,-1
804,3,1060.82,334.76,471.08000000000015,454.03999999999996,1,-1,-1,-1
805,1,806.49,602.52,151.92999999999995,129.58000000000004,1,-1,-1,-1
805,3,1062.73,328.88,483.6700000000001,464.32000000000005,1,-1,-1,-1
806,1,806.43,602.97,152.5200000000001,130.35000000000002,1,-1,-1,-1
806,3,1064.65,323.0,496.25,474.6,1,-1,-1,-1
807,1,806.37,602.96,153.11,131.12,1,-1,-1,-1
807,3,1066.56,314.76,512.1000000000001,487.91999999999996,1,-1,-1,-1
808,1,806.31,602.94,153.70000000000005,131.89,1,-1,-1,-1
808,3,1068.48,306.52,527.94,501.24,1,-1,-1,-1
809,1,806.25,602.93,154.28999999999996,132.66000000000008,1,-1,-1,-1
809,3,1070.39,298.28,543.79,514.5600000000001,1,-1,-1,-1
810,1,806.19,602.91,154.88,133.43000000000006,1,-1,-1,-1
810,3,1072.31,290.04,559.6300000000001,527.8799999999999,1,-1,-1,-1
811,1,806.13,602.9,155.47000000000003,134.20000000000005,1,-1,-1,-1
811,3,1074.22,281.8,575.48,541.2,1,-1,-1,-1
812,1,805.91,602.0,156.08000000000004,134.76999999999998,1,-1,-1,-1
812,3,1076.83,270.44,594.6100000000001,557.48,1,-1,-1,-1
813,1,805.69,601.1,156.69999999999993,135.34000000000003,1,-1,-1,-1
813,3,1079.45,259.08,613.73,573.76,1,-1,-1,-1
814,1,805.48,600.2,157.29999999999995,135.89999999999998,1,-1,-1,-1
814,3,1082.06,247.72,632.8600000000001,590.04,1,-1,-1,-1
815,1,805.26,599.3,157.91999999999996,136.47000000000003,1,-1,-1,-1
815,3,1084.68,236.36,651.98,606.3199999999999,1,-1,-1,-1
816,1,805.04,598.4,158.5300000000001,137.04000000000008,1,-1,-1,-1
816,3,1087.29,225.0,671.1100000000001,622.6,1,-1,-1,-1
817,1,805.02,598.08,159.14,137.61,1,-1,-1,-1
817,3,1089.9,210.94,694.28,645.2,1,-1,-1,-1
818,1,804.99,597.77,159.75,138.17000000000007,1,-1,-1,-1
818,3,1092.51,196.88,717.45,667.8,1,-1,-1,-1
819,1,804.97,597.45,160.36,138.75,1,-1,-1,-1
819,3,1095.13,182.82,740.6099999999999,690.4000000000001,1,-1,-1,-1
820,1,804.94,597.14,160.9699999999999,139.31000000000006,1,-1,-1,-1
820,3,1097.74,168.76,763.78,713.0,1,-1,-1,-1
821,1,804.92,596.82,161.58000000000004,139.88,1,-1,-1,-1
821,3,1100.35,154.7,786.95,735.5999999999999,1,-1,-1,-1
822,1,805.26,596.68,162.21000000000004,140.5100000000001,1,-1,-1,-1
822,3,1103.42,136.32,809.28,760.8,1,-1,-1,-1
823,1,805.6,596.53,162.84000000000003,141.14999999999998,1,-1,-1,-1
823,3,1106.49,117.94,813.51,786.0,1,-1,-1,-1
824,1,805.94,596.38,163.4699999999999,141.78999999999996,1,-1,-1,-1
824,3,1109.56,99.56,810.44,811.2,1,-1,-1,-1
825,1,806.28,596.24,164.10000000000002,142.41999999999996,1,-1,-1,-1
825,3,1112.63,81.18,807.3699999999999,836.4000000000001,1,-1,-1,-1
826,1,806.62,596.1,164.73000000000002,143.04999999999995,1,-1,-1,-1
826,3,1115.7,62.8,804.3,861.6,1,-1,-1,-1
827,1,806.96,595.95,165.36,143.68999999999994,1,-1,-1,-1
827,3,1119.88,41.5,800.1199999999999,889.72,1,-1,-1,-1
828,1,807.3,595.81,165.99,144.32000000000005,1,-1,-1,-1
828,3,1124.06,20.75,795.94,917.29,1,-1,-1,-1
829,1,807.64,595.66,166.62,144.96000000000004,1,-1,-1,-1
829,3,1128.24,0.0,791.76,944.86,1,-1,-1,-1
830,1,807.98,595.51,167.25,145.60000000000002,1,-1,-1,-1
830,3,1132.42,0.0,787.5799999999999,951.68,1,-1,-1,-1
831,1,808.32,595.37,167.88,146.23000000000002,1,-1,-1,-1
831,3,1136.6,0.0,783.4000000000001,958.5,1,-1,-1,-1
832,1,809.08,595.77,168.51999999999998,146.94000000000005,1,-1,-1,-1
832,3,1141.68,0.0,778.3199999999999,958.21,1,-1,-1,-1
833,1,809.84,596.18,169.15999999999997,147.6400000000001,1,-1,-1,-1
833,3,1146.76,0.0,773.24,957.92,1,-1,-1,-1
834,1,810.6,596.59,169.79999999999995,148.33999999999992,1,-1,-1,-1
834,3,1151.84,0.0,768.1600000000001,957.63,1,-1,-1,-1
835,1,811.36,597.0,170.43999999999994,149.03999999999996,1,-1,-1,-1
835,3,1156.92,0.0,763.0799999999999,957.34,1,-1,-1,-1
836,1,812.12,597.41,171.08000000000004,149.74,1,-1,-1,-1
836,3,1162.01,0.0,757.99,957.05,1,-1,-1,-1
837,1,812.88,597.82,171.72000000000003,150.43999999999994,1,-1,-1,-1
837,3,1167.09,0.0,752.9100000000001,956.76,1,-1,-1,-1
838,1,813.63,598.22,172.37,151.14999999999998,1,-1,-1,-1
838,3,1172.17,0.0,747.8299999999999,956.47,1,-1,-1,-1
839,1,814.39,598.63,173.01,151.85000000000002,1,-1,-1,-1
839,3,1177.25,0.0,742.75,956.18,1,-1,-1,-1
840,1,815.15,599.04,173.64999999999998,152.55000000000007,1,-1,-1,-1
840,3,1182.33,0.0,737.6700000000001,955.89,1,-1,-1,-1
841,1,815.91,599.45,174.29000000000008,153.25,1,-1,-1,-1
841,3,1187.41,0.0,732.5899999999999,955.6,1,-1,-1,-1
842,1,816.44,598.72,174.92999999999995,153.88,1,-1,-1,-1
842,3,1194.96,0.0,725.04,954.58,1,-1,-1,-1
843,1,816.98,597.99,175.55999999999995,154.51,1,-1,-1,-1
843,3,1202.51,0.0,717.49,953.57,1,-1,-1,-1
844,1,817.51,597.26,176.20000000000005,155.14,1,-1,-1,-1
844,3,1210.05,0.0,709.95,952.55,1,-1,-1,-1
845,1,818.05,596.53,176.83000000000004,155.76999999999998,1,-1,-1,-1
845,3,1217.6,0.0,702.4000000000001,951.54,1,-1,-1,-1
846,1,818.58,595.81,177.4699999999999,156.3900000000001,1,-1,-1,-1
846,3,1225.15,0.0,694.8499999999999,950.52,1,-1,-1,-1
847,1,819.11,595.08,178.11,157.01999999999998,1,-1,-1,-1
847,3,1232.7,0.0,687.3,949.5,1,-1,-1,-1
848,1,819.65,594.35,178.74,157.64999999999998,1,-1,-1,-1
848,3,1240.25,0.0,679.75,948.49,1,-1,-1,-1
849,1,820.18,593.62,179.38,158.27999999999997,1,-1,-1,-1
849,3,1247.79,0.0,672.21,947.47,1,-1,-1,-1
850,1,820.72,592.89,180.01,158.90999999999997,1,-1,-1,-1
850,3,1255.34,0.0,664.6600000000001,946.46,1,-1,-1,-1
851,1,821.25,592.16,180.64999999999998,159.54000000000008,1,-1,-1,-1
851,3,1262.89,0.0,657.1099999999999,945.44,1,-1,-1,-1
852,1,821.25,591.82,181.27999999999997,160.26999999999998,1,-1,-1,-1
852,3,1272.09,0.0,647.9100000000001,944.28,1,-1,-1,-1
853,1,821.25,591.48,181.90999999999997,160.99,1,-1,-1,-1
853,3,1281.29,0.0,638.71,943.12,1,-1,-1,-1
854,1,821.25,591.14,182.53999999999996,161.72000000000003,1,-1,-1,-1
854,3,1290.5,0.0,629.5,941.95,1,-1,-1,-1
855,1,821.25,590.8,183.16999999999996,162.44000000000005,1,-1,-1,-1
855,3,1299.7,0.0,620.3,940.79,1,-1,-1,-1
856,1,821.25,590.46,183.79999999999995,163.16999999999996,1,-1,-1,-1
856,3,1308.9,0.0,611.0999999999999,939.63,1,-1,-1,-1
857,1,821.25,590.6,184.42999999999995,163.89999999999998,1,-1,-1,-1
857,3,1321.18,0.0,598.8199999999999,938.47,1,-1,-1,-1
858,1,821.25,590.75,185.05999999999995,164.63,1,-1,-1,-1
858,3,1333.46,0.0,586.54,937.31,1,-1,-1,-1
859,1,821.25,590.89,185.69000000000005,165.36,1,-1,-1,-1
859,3,1345.75,0.0,574.25,936.14,1,-1,-1,-1
860,1,821.25,591.04,186.32000000000005,166.09000000000003,1,-1,-1,-1
860,3,1358.03,0.0,561.97,934.98,1,-1,-1,-1
861,1,821.25,591.18,186.95000000000005,166.82000000000005,1,-1,-1,-1
861,3,1370.31,0.0,549.69,933.82,1,-1,-1,-1
862,1,820.91,591.62,187.73000000000002,167.5,1,-1,-1,-1
862,3,1385.99,0.0,534.01,933.82,1,-1,-1,-1
863,1,820.57,592.06,188.51,168.18000000000006,1,-1,-1,-1
863,3,1401.67,0.0,518.3299999999999,933.82,1,-1,-1,-1
864,1,820.23,592.49,189.28999999999996,168.87,1,-1,-1,-1
864,3,1417.34,0.0,502.6600000000001,933.81,1,-1,-1,-1
865,1,819.89,592.93,190.07000000000005,169.55000000000007,1,-1,-1,-1
865,3,1433.02,0.0,486.98,933.81,1,-1,-1,-1
866,1,819.55,593.37,190.85000000000002,170.23000000000002,1,-1,-1,-1
866,3,1448.7,0.0,471.29999999999995,933.81,1,-1,-1,-1
867,1,819.21,593.81,191.63,170.91000000000008,1,-1,-1,-1
867,3,1469.6,0.0,450.4000000000001,933.81,1,-1,-1,-1
868,1,818.87,594.25,192.40999999999997,171.59000000000003,1,-1,-1,-1
868,3,1490.5,0.0,429.5,933.81,1,-1,-1,-1
869,1,818.53,594.68,193.19000000000005,172.2800000000001,1,-1,-1,-1
869,3,1511.41,0.0,408.5899999999999,933.8,1,-1,-1,-1
870,1,818.19,595.12,193.9699999999999,172.96000000000004,1,-1,-1,-1
870,3,1532.31,0.0,387.69000000000005,933.8,1,-1,-1,-1
871,1,817.85,595.56,194.75,173.6400000000001,1,-1,-1,-1
871,3,1553.21,0.0,366.78999999999996,933.8,1,-1,-1,-1
872,1,817.21,596.16,195.51,174.2800000000001,1,-1,-1,-1
872,3,1582.97,0.0,337.03,936.7,1,-1,-1,-1
873,1,816.57,596.75,196.26999999999998,174.92999999999995,1,-1,-1,-1
873,3,1612.73,0.0,307.27,939.61,1,-1,-1,-1
874,1,815.92,597.35,197.04000000000008,175.56999999999994,1,-1,-1,-1
874,3,1642.48,0.0,277.52,942.51,1,-1,-1,-1
875,1,815.28,597.94,197.80000000000007,176.2199999999999,1,-1,-1,-1
875,3,1672.24,0.0,247.76,945.42,1,-1,-1,-1
876,1,814.64,598.54,198.56000000000006,176.86,1,-1,-1,-1
876,3,1702.0,0.0,218.0,948.32,1,-1,-1,-1
877,1,814.0,598.29,199.32000000000005,177.51,1,-1,-1,-1
877,3,1741.05,0.0,178.95000000000005,951.22,1,-1,-1,-1
878,1,813.36,598.05,200.08000000000004,178.1500000000001,1,-1,-1,-1
878,3,1780.1,0.0,139.9000000000001,954.12,1,-1,-1,-1
879,1,812.71,597.8,200.8499999999999,178.80000000000007,1,-1,-1,-1
879,3,1819.14,0.0,100.8599999999999,957.03,1,-1,-1,-1
880,1,812.07,597.56,201.6099999999999,179.44000000000005,1,-1,-1,-1
880,3,1858.19,0.0,61.809999999999945,959.93,1,-1,-1,-1
881,1,811.43,597.31,202.37,180.09000000000003,1,-1,-1,-1
881,3,1897.24,29.03,22.75999999999999,933.8000000000001,1,-1,-1,-1
882,1,810.42,596.99,203.54000000000008,181.01999999999998,1,-1,-1,-1
883,1,809.4,596.66,204.72000000000003,181.96000000000004,1,-1,-1,-1
884,1,808.39,596.34,205.89,182.89,1,-1,-1,-1
885,1,807.38,596.01,207.06000000000006,183.83000000000004,1,-1,-1,-1
886,1,806.37,595.69,208.23000000000002,184.76,1,-1,-1,-1
887,1,805.35,595.37,209.40999999999997,185.68999999999994,1,-1,-1,-1
888,1,804.34,595.04,210.57999999999993,186.63,1,-1,-1,-1
889,1,803.33,594.72,211.75,187.55999999999995,1,-1,-1,-1
890,1,802.31,594.39,212.93000000000006,188.5,1,-1,-1,-1
891,1,801.3,594.07,214.10000000000002,189.42999999999995,1,-1,-1,-1
892,1,799.13,594.67,215.5,190.71000000000004,1,-1,-1,-1
893,1,796.96,595.26,216.89999999999998,192.0,1,-1,-1,-1
894,1,794.79,595.86,218.30000000000007,193.27999999999997,1,-1,-1,-1
895,1,792.62,596.45,219.70000000000005,194.56999999999994,1,-1,-1,-1
896,1,790.45,597.05,221.0999999999999,195.85000000000002,1,-1,-1,-1
897,1,787.72,596.8,222.5,197.1400000000001,1,-1,-1,-1
898,1,784.99,596.56,223.89999999999998,198.42000000000007,1,-1,-1,-1
899,1,782.26,596.31,225.29999999999995,199.71000000000004,1,-1,-1,-1
900,1,779.53,596.07,226.70000000000005,200.9899999999999,1,-1,-1,-1
901,1,776.8,595.82,228.10000000000002,202.27999999999997,1,-1,-1,-1
902,1,772.44,595.47,229.95999999999992,203.55999999999995,1,-1,-1,-1
903,1,768.07,595.12,231.82999999999993,204.84000000000003,1,-1,-1,-1
904,1,763.71,594.77,233.68999999999994,206.12,1,-1,-1,-1
905,1,759.34,594.42,235.55999999999995,207.4000000000001,1,-1,-1,-1
906,1,754.98,594.07,237.41999999999996,208.67999999999995,1,-1,-1,-1
907,1,749.78,593.72,239.27999999999997,209.95999999999992,1,-1,-1,-1
908,1,744.57,593.37,241.14999999999998,211.24,1,-1,-1,-1
909,1,739.37,593.02,243.01,212.51999999999998,1,-1,-1,-1
910,1,734.16,592.67,244.88,213.80000000000007,1,-1,-1,-1
911,1,728.96,592.32,246.74,215.07999999999993,1,-1,-1,-1
912,1,722.31,592.74,249.12,216.68999999999994,1,-1,-1,-1
913,1,715.66,593.16,251.5,218.30000000000007,1,-1,-1,-1
914,1,709.01,593.58,253.88,219.90999999999997,1,-1,-1,-1
915,1,702.36,594.0,256.26,221.51999999999998,1,-1,-1,-1
916,1,695.71,594.42,258.64,223.13,1,-1,-1,-1
917,1,688.22,594.84,261.02,224.74,1,-1,-1,-1
918,1,680.73,595.26,263.4,226.35000000000002,1,-1,-1,-1
919,1,673.24,595.68,265.78,227.96000000000004,1,-1,-1,-1
920,1,665.75,596.1,268.15999999999997,229.56999999999994,1,-1,-1,-1
921,1,658.26,596.52,270.53999999999996,231.18000000000006,1,-1,-1,-1
922,1,648.32,596.24,274.1099999999999,233.35000000000002,1,-1,-1,-1
923,1,638.38,595.96,277.67999999999995,235.51999999999998,1,-1,-1,-1
924,1,628.44,595.68,281.25,237.69000000000005,1,-1,-1,-1
925,1,618.5,595.4,284.82000000000005,239.86,1,-1,-1,-1
926,1,608.56,595.12,288.3900000000001,242.02999999999997,1,-1,-1,-1
927,1,598.61,594.84,291.97,244.19999999999993,1,-1,-1,-1
928,1,588.67,594.56,295.5400000000001,246.37,1,-1,-1,-1
929,1,578.73,594.28,299.11,248.54000000000008,1,-1,-1,-1
930,1,568.79,594.0,302.68000000000006,250.71000000000004,1,-1,-1,-1
931,1,558.85,593.72,306.25,252.88,1,-1,-1,-1
932,1,548.52,593.47,310.36,254.39,1,-1,-1,-1
933,1,538.19,593.22,314.4699999999999,255.89999999999998,1,-1,-1,-1
934,1,527.85,592.96,318.59000000000003,257.41999999999996,1,-1,-1,-1
935,1,517.52,592.71,322.70000000000005,258.92999999999995,1,-1,-1,-1
936,1,507.19,592.46,326.81,260.43999999999994,1,-1,-1,-1
937,1,496.86,592.21,330.91999999999996,261.94999999999993,1,-1,-1,-1
938,1,486.53,591.96,335.03,263.4599999999999,1,-1,-1,-1
939,1,476.19,591.7,339.15000000000003,264.9799999999999,1,-1,-1,-1
940,1,465.86,591.45,343.26,266.49,1,-1,-1,-1
941,1,455.53,591.2,347.37,268.0,1,-1,-1,-1
942,1,445.26,591.14,351.69000000000005,270.91999999999996,1,-1,-1,-1
943,1,435.0,591.08,356.0,273.8399999999999,1,-1,-1,-1
944,1,424.73,591.02,360.31999999999994,276.76,1,-1,-1,-1
945,1,414.46,590.96,364.64000000000004,279.67999999999995,1,-1,-1,-1
946,1,404.19,590.9,368.96,282.6,1,-1,-1,-1
947,1,393.93,590.84,373.27000000000004,285.52,1,-1,-1,-1
948,1,383.66,590.78,377.59,288.44000000000005,1,-1,-1,-1
949,1,373.39,590.72,381.90999999999997,291.36,1,-1,-1,-1
950,1,363.13,590.66,386.22,294.2800000000001,1,-1,-1,-1
951,1,352.86,590.6,390.53999999999996,297.19999999999993,1,-1,-1,-1
952,1,342.92,590.6,395.16,300.55999999999995,1,-1,-1,-1
953,1,332.98,590.6,399.78,303.91999999999996,1,-1,-1,-1
954,1,323.04,590.6,404.40000000000003,307.28,1,-1,-1,-1
955,1,313.1,590.6,409.02,310.64,1,-1,-1,-1
956,1,303.15,590.6,413.65,314.0,1,-1,-1,-1
957,1,293.21,590.6,418.27000000000004,317.36,1,-1,-1,-1
958,1,283.27,590.6,422.89,320.72,1,-1,-1,-1
959,1,273.33,590.6,427.51000000000005,324.0799999999999,1,-1,-1,-1
960,1,263.39,590.6,432.13,327.43999999999994,1,-1,-1,-1
961,1,253.45,590.6,436.75000000000006,330.79999999999995,1,-1,-1,-1
962,1,243.67,591.0,442.19000000000005,334.38,1,-1,-1,-1
963,1,233.89,591.41,447.63,337.96000000000004,1,-1,-1,-1
964,1,224.1,591.81,453.06999999999994,341.5400000000001,1,-1,-1,-1
965,1,214.32,592.22,458.51000000000005,345.12,1,-1,-1,-1
966,1,204.54,592.62,463.95000000000005,348.70000000000005,1,-1,-1,-1
967,1,195.16,591.82,469.39,352.28,1,-1,-1,-1
968,1,185.78,591.01,474.83000000000004,355.86,1,-1,-1,-1
969,1,176.4,590.21,480.28,359.43999999999994,1,-1,-1,-1
970,1,167.02,589.4,485.72,363.02,1,-1,-1,-1
971,1,157.64,588.6,491.15999999999997,366.6,1,-1,-1,-1
972,1,148.2,587.71,496.12000000000006,366.8499999999999,1,-1,-1,-1
973,1,138.77,586.82,501.07000000000005,367.0999999999999,1,-1,-1,-1
974,1,129.33,585.93,506.03,367.35,1,-1,-1,-1
975,1,119.9,585.04,510.98,367.6,1,-1,-1,-1
976,1,110.46,584.15,515.9399999999999,367.85,1,-1,-1,-1
977,1,101.03,583.96,520.89,368.0999999999999,1,-1,-1,-1
978,1,91.59,583.77,525.85,368.35,1,-1,-1,-1
979,1,82.16,583.58,530.8000000000001,368.5999999999999,1,-1,-1,-1
980,1,72.72,583.39,535.76,368.85,1,-1,-1,-1
981,1,63.29,583.2,540.71,369.0999999999999,1,-1,-1,-1
982,1,56.09,583.2,543.85,370.40999999999997,1,-1,-1,-1
983,1,48.89,583.2,546.99,371.7199999999999,1,-1,-1,-1
984,1,41.7,583.2,550.12,373.03,1,-1,-1,-1
985,1,34.5,583.2,553.26,374.3399999999999,1,-1,-1,-1
986,1,27.3,583.2,556.4000000000001,375.65,1,-1,-1,-1
987,1,18.2,582.62,560.8599999999999,376.96000000000004,1,-1,-1,-1
988,1,9.1,582.04,565.3199999999999,378.27,1,-1,-1,-1
989,1,0.0,581.46,569.78,379.5799999999999,1,-1,-1,-1
990,1,0.0,580.88,565.14,380.89,1,-1,-1,-1
991,1,0.0,580.3,560.5,382.20000000000005,1,-1,-1,-1
992,1,0.0,580.13,555.54,382.20000000000005,1,-1,-1,-1
993,1,0.0,579.96,550.59,382.19999999999993,1,-1,-1,-1
994,1,0.0,579.8,545.63,382.20000000000005,1,-1,-1,-1
995,1,0.0,579.63,540.68,382.20000000000005,1,-1,-1,-1
996,1,0.0,579.46,535.72,382.19999999999993,1,-1,-1,-1
997,1,0.0,579.29,530.76,382.20000000000005,1,-1,-1,-1
998,1,0.0,579.12,525.81,382.20000000000005,1,-1,-1,-1
999,1,0.0,578.96,520.85,382.19999999999993,1,-1,-1,-1
1000,1,0.0,578.79,515.9,382.20000000000005,1,-1,-1,-1
1001,1,0.0,578.62,510.94,382.20000000000005,1,-1,-1,-1
1002,1,0.0,578.62,505.28,382.20000000000005,1,-1,-1,-1
1003,1,0.0,578.62,499.62,382.20000000000005,1,-1,-1,-1
1004,1,0.0,578.62,493.95,382.20000000000005,1,-1,-1,-1
1005,1,0.0,578.62,488.29,382.20000000000005,1,-1,-1,-1
1006,1,0.0,578.62,482.63,382.20000000000005,1,-1,-1,-1
1007,1,0.0,577.46,476.97,382.19999999999993,1,-1,-1,-1
1008,1,0.0,576.3,471.31,382.20000000000005,1,-1,-1,-1
1009,1,0.0,575.13,465.64,382.20000000000005,1,-1,-1,-1
1010,1,0.0,573.97,459.98,382.19999999999993,1,-1,-1,-1
1011,1,0.0,572.81,454.32,382.20000000000005,1,-1,-1,-1
1012,1,0.0,571.36,446.63,385.1,1,-1,-1,-1
1013,1,0.0,569.91,438.94,388.0,1,-1,-1,-1
1014,1,0.0,568.45,431.24,390.9,1,-1,-1,-1
1015,1,0.0,567.0,423.55,393.79999999999995,1,-1,-1,-1
1016,1,0.0,565.55,415.86,396.70000000000005,1,-1,-1,-1
1017,1,0.0,565.26,408.75,399.6,1,-1,-1,-1
1018,1,0.0,564.97,401.64,402.5,1,-1,-1,-1
1019,1,0.0,564.68,394.52,405.4000000000001,1,-1,-1,-1
1020,1,0.0,564.39,387.41,408.30000000000007,1,-1,-1,-1
1021,1,0.0,564.1,380.3,411.19999999999993,1,-1,-1,-1
1022,1,0.0,565.95,371.56,410.1099999999999,1,-1,-1,-1
1023,1,0.0,567.8,362.82,409.0200000000001,1,-1,-1,-1
1024,1,0.0,569.64,354.08,407.94000000000005,1,-1,-1,-1
1025,1,0.0,571.49,345.34,406.85,1,-1,-1,-1
1026,1,0.0,573.34,336.6,405.76,1,-1,-1,-1
1027,1,0.0,575.19,327.86,404.66999999999996,1,-1,-1,-1
1028,1,0.0,577.04,319.12,403.58000000000004,1,-1,-1,-1
1029,1,0.0,578.88,310.38,402.5,1,-1,-1,-1
1030,1,0.0,580.73,301.64,401.40999999999997,1,-1,-1,-1
1031,1,0.0,582.58,292.9,400.31999999999994,1,-1,-1,-1
1032,1,0.0,586.84,283.12,395.9599999999999,1,-1,-1,-1
1033,1,0.0,591.11,273.34,391.59000000000003,1,-1,-1,-1
1034,1,0.0,595.37,263.57,387.23,1,-1,-1,-1
1035,1,0.0,599.64,253.79,382.86,1,-1,-1,-1
1036,1,0.0,603.9,244.01,378.5,1,-1,-1,-1
1037,1,0.0,614.56,234.23,367.74,1,-1,-1,-1
1038,1,0.0,625.22,224.45,356.98,1,-1,-1,-1
1039,1,0.0,635.88,214.68,346.21000000000004,1,-1,-1,-1
1040,1,0.0,646.54,204.9,335.45000000000005,1,-1,-1,-1
1041,1,0.0,657.2,195.12,324.68999999999994,1,-1,-1,-1
1042,1,0.0,669.25,184.23,312.35,1,-1,-1,-1
1043,1,0.0,681.3,173.35,300.01,1,-1,-1,-1
1044,1,0.0,693.35,162.46,287.66999999999996,1,-1,-1,-1
1045,1,0.0,705.4,151.57,275.33000000000004,1,-1,-1,-1
1046,1,0.0,717.45,140.69,262.99,1,-1,-1,-1
1047,1,0.0,729.5,129.8,250.64999999999998,1,-1,-1,-1
1048,1,0.0,741.55,118.91,238.31000000000006,1,-1,-1,-1
1049,1,0.0,753.6,108.02,225.97000000000003,1,-1,-1,-1
1050,1,0.0,765.65,97.14,213.63,1,-1,-1,-1
1051,1,0.0,777.7,86.25,201.28999999999996,1,-1,-1,-1
1052,1,0.0,777.7,78.99,201.28999999999996,1,-1,-1,-1
1053,1,0.0,779.15,65.92,201.29000000000008,1,-1,-1,-1
1054,1,0.0,780.6,52.86,201.28999999999996,1,-1,-1,-1
1055,1,0.0,782.05,41.25,201.29000000000008,1,-1,-1,-1
1056,1,0.0,783.51,28.18,201.27999999999997,1,-1,-1,-1
1407,5,848.16,550.13,61.25999999999999,81.83000000000004,1,-1,-1,-1
1408,5,847.76,549.62,61.77999999999997,82.5,1,-1,-1,-1
1409,5,847.36,549.1,62.299999999999955,83.17999999999995,1,-1,-1,-1
1410,5,846.96,548.59,62.819999999999936,83.85000000000002,1,-1,-1,-1
1411,5,846.56,548.07,63.34000000000003,84.52999999999997,1,-1,-1,-1
1412,5,846.23,547.27,63.82999999999993,85.13999999999999,1,-1,-1,-1
1413,5,845.9,546.48,64.32000000000005,85.74000000000001,1,-1,-1,-1
1414,5,845.58,545.68,64.79999999999995,86.35000000000002,1,-1,-1,-1
1415,5,845.25,544.88,65.28999999999996,86.96000000000004,1,-1,-1,-1
1416,5,844.92,544.09,65.78000000000009,87.55999999999995,1,-1,-1,-1
1417,5,844.59,543.29,66.26999999999998,88.17000000000007,1,-1,-1,-1
1418,5,844.26,542.49,66.75999999999999,88.77999999999997,1,-1,-1,-1
1419,5,843.94,541.69,67.2399999999999,89.38999999999999,1,-1,-1,-1
1420,5,843.61,540.9,67.73000000000002,89.99000000000001,1,-1,-1,-1
1421,5,843.28,540.1,68.22000000000003,90.60000000000002,1,-1,-1,-1
1422,5,842.81,539.73,68.86000000000001,91.30999999999995,1,-1,-1,-1
1423,5,842.33,539.36,69.50999999999999,92.01999999999998,1,-1,-1,-1
1424,5,841.86,538.99,70.14999999999998,92.73000000000002,1,-1,-1,-1
1425,5,841.39,538.62,70.78999999999996,93.43999999999994,1,-1,-1,-1
1426,5,840.91,538.25,71.44000000000005,94.14999999999998,1,-1,-1,-1
1427,5,840.44,537.87,72.07999999999993,94.87,1,-1,-1,-1
1428,5,839.97,537.5,72.72000000000003,95.58000000000004,1,-1,-1,-1
1429,5,839.5,537.13,73.36000000000001,96.28999999999996,1,-1,-1,-1
1430,5,839.02,536.76,74.00999999999999,97.0,1,-1,-1,-1
1431,5,838.55,536.39,74.65000000000009,97.71000000000004,1,-1,-1,-1
1432,5,837.8,536.19,75.32000000000005,98.4799999999999,1,-1,-1,-1
1433,5,837.05,535.98,76.0,99.26999999999998,1,-1,-1,-1
1434,5,836.3,535.78,76.67000000000007,100.04000000000008,1,-1,-1,-1
1435,5,835.55,535.57,77.35000000000002,100.82999999999993,1,-1,-1,-1
1436,5,834.8,535.37,78.0200000000001,101.60000000000002,1,-1,-1,-1
1437,5,833.86,534.7,78.69999999999993,102.38,1,-1,-1,-1
1438,5,832.93,534.02,79.36000000000001,103.15999999999997,1,-1,-1,-1
1439,5,831.99,533.35,80.03999999999996,103.93999999999994,1,-1,-1,-1
1440,5,831.06,532.67,80.70000000000005,104.72000000000003,1,-1,-1,-1
1441,5,830.12,532.0,81.38,105.5,1,-1,-1,-1
1442,5,828.83,531.86,82.07999999999993,106.52999999999997,1,-1,-1,-1
1443,5,827.54,531.72,82.78000000000009,107.55999999999995,1,-1,-1,-1
1444,5,826.25,531.58,83.48000000000002,108.58999999999992,1,-1,-1,-1
1445,5,824.96,531.44,84.17999999999995,109.61999999999989,1,-1,-1,-1
1446,5,823.67,531.3,84.88,110.65000000000009,1,-1,-1,-1
1447,5,822.38,531.15,85.58000000000004,111.69000000000005,1,-1,-1,-1
1448,5,821.09,531.01,86.27999999999997,112.72000000000003,1,-1,-1,-1
1449,5,819.8,530.87,86.98000000000002,113.75,1,-1,-1,-1
1450,5,818.51,530.73,87.68000000000006,114.77999999999997,1,-1,-1,-1
1451,5,817.22,530.59,88.38,115.80999999999995,1,-1,-1,-1
1452,5,815.57,529.21,89.38999999999999,117.08999999999992,1,-1,-1,-1
1453,5,813.91,527.82,90.41000000000008,118.38,1,-1,-1,-1
1454,5,812.26,526.44,91.41999999999996,119.65999999999997,1,-1,-1,-1
1455,5,810.6,525.05,92.43999999999994,120.95000000000005,1,-1,-1,-1
1456,5,808.95,523.67,93.44999999999993,122.23000000000002,1,-1,-1,-1
1457,5,807.3,522.29,94.46000000000004,123.50999999999999,1,-1,-1,-1
1458,5,805.64,520.9,95.48000000000002,124.80000000000007,1,-1,-1,-1
1459,5,803.99,519.52,96.49000000000001,126.08000000000004,1,-1,-1,-1
1460,5,802.33,518.13,97.50999999999999,127.37,1,-1,-1,-1
1461,5,800.68,516.75,98.5200000000001,128.64999999999998,1,-1,-1,-1
1462,5,798.78,515.84,99.93000000000006,129.89999999999998,1,-1,-1,-1
1463,5,796.87,514.93,101.35000000000002,131.1500000000001,1,-1,-1,-1
1464,5,794.97,514.02,102.75999999999999,132.39999999999998,1,-1,-1,-1
1465,5,793.06,513.11,104.18000000000006,133.64999999999998,1,-1,-1,-1
1466,5,791.16,512.2,105.59000000000003,134.89999999999998,1,-1,-1,-1
1467,5,789.26,511.57,107.0,136.72999999999996,1,-1,-1,-1
1468,5,787.35,510.94,108.41999999999996,138.56,1,-1,-1,-1
1469,5,785.45,510.31,109.82999999999993,140.39000000000004,1,-1,-1,-1
1470,5,783.54,509.68,111.25,142.21999999999997,1,-1,-1,-1
1471,5,781.64,509.05,112.65999999999997,144.05,1,-1,-1,-1
1472,5,779.49,507.75,114.15999999999997,145.66999999999996,1,-1,-1,-1
1473,5,777.34,506.46,115.65999999999997,147.28000000000003,1,-1,-1,-1
1474,5,775.2,505.16,117.14999999999998,148.89999999999992,1,-1,-1,-1
1475,5,773.05,503.87,118.65000000000009,150.51,1,-1,-1,-1
1476,5,770.9,502.57,120.14999999999998,152.13000000000005,1,-1,-1,-1
1477,5,768.75,500.79,121.64999999999998,154.22999999999996,1,-1,-1,-1
1478,5,766.61,499.01,123.13999999999999,156.33000000000004,1,-1,-1,-1
1479,5,764.46,497.22,124.63999999999999,158.43999999999994,1,-1,-1,-1
1480,5,762.32,495.44,126.13,160.54000000000002,1,-1,-1,-1
1481,5,760.17,493.66,127.63,162.63999999999993,1,-1,-1,-1
1482,5,757.4,492.27,129.56000000000006,164.83000000000004,1,-1,-1,-1
1483,5,754.63,490.88,131.49,167.01999999999998,1,-1,-1,-1
1484,5,751.86,489.48,133.41999999999996,169.22000000000003,1,-1,-1,-1
1485,5,749.09,488.09,135.35000000000002,171.41000000000003,1,-1,-1,-1
1486,5,746.32,486.7,137.27999999999997,173.59999999999997,1,-1,-1,-1
1487,5,743.55,484.51,139.21000000000004,176.26999999999998,1,-1,-1,-1
1488,5,740.78,482.33,141.14,178.93,1,-1,-1,-1
1489,5,738.02,480.14,143.06000000000006,181.60000000000002,1,-1,-1,-1
1490,5,735.25,477.96,144.99,184.26000000000005,1,-1,-1,-1
1491,5,732.48,475.77,146.91999999999996,186.93000000000006,1,-1,-1,-1
1492,5,728.15,472.38,149.84000000000003,190.22000000000003,1,-1,-1,-1
1493,5,723.83,468.99,152.75,193.51,1,-1,-1,-1
1494,5,719.5,465.61,155.66999999999996,196.78999999999996,1,-1,-1,-1
1495,5,715.18,462.22,158.58000000000004,200.07999999999993,1,-1,-1,-1
1496,5,710.85,458.83,161.5,203.37000000000006,1,-1,-1,-1
1497,5,706.52,456.09,164.42000000000007,206.99000000000007,1,-1,-1,-1
1498,5,702.19,453.35,167.33999999999992,210.61,1,-1,-1,-1
1499,5,697.87,450.62,170.25,214.22000000000003,1,-1,-1,-1
1500,5,693.54,447.88,173.17000000000007,217.84000000000003,1,-1,-1,-1
1501,5,689.21,445.14,176.08999999999992,221.46000000000004,1,-1,-1,-1
1502,5,683.55,442.16,180.12,225.42000000000002,1,-1,-1,-1
1503,5,677.89,439.19,184.14999999999998,229.36999999999995,1,-1,-1,-1
1504,5,672.24,436.21,188.16999999999996,233.32999999999998,1,-1,-1,-1
1505,5,666.58,433.24,192.19999999999993,237.27999999999997,1,-1,-1,-1
1506,5,660.92,430.26,196.23000000000002,241.24,1,-1,-1,-1
1507,5,655.26,427.29,200.26,246.48999999999995,1,-1,-1,-1
1508,5,649.6,424.31,204.28999999999996,251.74999999999994,1,-1,-1,-1
1509,5,643.95,421.34,208.30999999999995,257.00000000000006,1,-1,-1,-1
1510,5,638.29,418.36,212.34000000000003,262.26,1,-1,-1,-1
1511,5,632.63,415.39,216.37,267.51,1,-1,-1,-1
1512,5,625.46,411.0,221.29999999999995,273.46000000000004,1,-1,-1,-1
1513,5,618.3,406.61,226.22000000000003,279.41999999999996,1,-1,-1,-1
1514,5,611.13,402.23,231.14999999999998,285.36,1,-1,-1,-1
1515,5,603.97,397.84,236.06999999999994,291.32,1,-1,-1,-1
1516,5,596.8,393.45,241.0,297.27000000000004,1,-1,-1,-1
1517,5,588.0,387.9,247.55999999999995,303.22,1,-1,-1,-1
1518,5,579.21,382.35,254.11,309.15999999999997,1,-1,-1,-1
1519,5,570.41,376.79,260.6700000000001,315.11999999999995,1,-1,-1,-1
1520,5,561.62,371.24,267.22,321.05999999999995,1,-1,-1,-1
1521,5,552.82,365.69,273.78,327.01000000000005,1,-1,-1,-1
1522,5,542.66,360.17,281.14,334.38999999999993,1,-1,-1,-1
1523,5,532.49,354.65,288.51,341.77,1,-1,-1,-1
1524,5,522.33,349.14,295.87,349.14,1,-1,-1,-1
1525,5,512.16,343.62,303.24,356.52,1,-1,-1,-1
1526,5,502.0,338.1,310.6,363.9,1,-1,-1,-1
1527,5,490.16,331.18,320.2,374.34,1,-1,-1,-1
1528,5,478.31,324.27,329.81,384.77,1,-1,-1,-1
1529,5,466.47,317.35,339.40999999999997,395.2099999999999,1,-1,-1,-1
1530,5,454.62,310.44,349.02,405.64000000000004,1,-1,-1,-1
1531,5,442.78,303.52,358.62,416.08000000000004,1,-1,-1,-1
1532,5,429.1,294.52,369.78,428.61,1,-1,-1,-1
1533,5,415.43,285.51,380.93,441.15,1,-1,-1,-1
1534,5,401.75,276.51,392.09000000000003,453.68000000000006,1,-1,-1,-1
1535,5,388.08,267.5,403.24000000000007,466.22,1,-1,-1,-1
1536,5,374.4,258.5,414.4,478.75,1,-1,-1,-1
1537,5,357.03,247.14,429.25,493.64,1,-1,-1,-1
1538,5,339.65,235.78,444.11,508.53,1,-1,-1,-1
1539,5,322.28,224.43,458.96000000000004,523.4100000000001,1,-1,-1,-1
1540,5,304.9,213.07,473.82000000000005,538.3,1,-1,-1,-1
1541,4,866.89,568.45,70.81000000000006,70.64999999999998,1,-1,-1,-1
1541,5,287.53,201.71,488.6700000000001,553.1899999999999,1,-1,-1,-1
1542,4,865.91,568.8,71.28000000000009,70.94000000000005,1,-1,-1,-1
1542,5,266.02,187.33,506.1700000000001,573.8399999999999,1,-1,-1,-1
1543,4,864.92,569.16,71.75999999999999,71.22000000000003,1,-1,-1,-1
1543,5,244.52,172.95,523.66,594.49,1,-1,-1,-1
1544,4,863.94,569.51,72.2299999999999,71.5,1,-1,-1,-1
1544,5,223.01,158.56,541.16,615.1500000000001,1,-1,-1,-1
1545,4,862.95,569.87,72.70999999999992,71.77999999999997,1,-1,-1,-1
1545,5,201.51,144.18,558.65,635.8,1,-1,-1,-1
1546,4,861.97,570.22,73.17999999999995,72.06999999999994,1,-1,-1,-1
1546,5,180.0,129.8,576.15,656.45,1,-1,-1,-1
1547,4,860.98,571.16,73.65999999999997,72.35000000000002,1,-1,-1,-1
1547,5,153.78,111.8,598.36,680.72,1,-1,-1,-1
1548,4,860.0,572.1,74.13,72.63,1,-1,-1,-1
1548,5,127.56,93.8,620.5699999999999,704.99,1,-1,-1,-1
1549,4,859.01,573.04,74.61000000000001,72.92000000000007,1,-1,-1,-1
1549,5,101.34,75.8,642.78,729.26,1,-1,-1,-1
1550,4,858.03,573.98,75.08000000000004,73.19999999999993,1,-1,-1,-1
1550,5,75.12,54.27,664.99,757.0600000000001,1,-1,-1,-1
1551,4,857.04,574.92,75.56000000000006,73.48000000000002,1,-1,-1,-1
1551,5,48.9,32.74,687.2,784.86,1,-1,-1,-1
1552,4,856.5,574.85,75.86000000000001,73.99000000000001,1,-1,-1,-1
1552,5,21.5,12.0,709.16,820.99,1,-1,-1,-1
1553,4,855.96,574.78,76.15999999999997,74.5,1,-1,-1,-1
1553,5,0.0,0.0,725.22,848.38,1,-1,-1,-1
1554,4,855.42,574.72,76.46000000000004,75.0,1,-1,-1,-1
1554,5,0.0,0.0,719.78,863.77,1,-1,-1,-1
1555,4,854.88,574.65,76.75999999999999,75.50999999999999,1,-1,-1,-1
1555,5,0.0,0.0,714.34,879.16,1,-1,-1,-1
1556,4,854.34,574.58,77.05999999999995,76.01999999999998,1,-1,-1,-1
1556,5,0.0,0.0,708.9,894.55,1,-1,-1,-1
1557,4,853.8,574.51,77.36000000000001,76.52999999999997,1,-1,-1,-1
1557,5,0.0,0.0,703.46,909.94,1,-1,-1,-1
1558,4,853.26,574.44,77.65999999999997,77.03999999999996,1,-1,-1,-1
1558,5,0.0,0.0,698.02,925.33,1,-1,-1,-1
1559,4,852.72,574.38,77.95999999999992,77.53999999999996,1,-1,-1,-1
1559,5,0.0,0.0,692.58,940.72,1,-1,-1,-1
1560,4,852.18,574.31,78.2600000000001,78.05000000000007,1,-1,-1,-1
1560,5,0.0,0.0,687.14,956.11,1,-1,-1,-1
1561,4,851.64,574.24,78.56000000000006,78.55999999999995,1,-1,-1,-1
1561,5,0.0,0.0,681.7,971.5,1,-1,-1,-1
1562,4,851.5,573.76,79.14999999999998,79.07000000000005,1,-1,-1,-1
1562,5,0.0,0.0,674.42,971.65,1,-1,-1,-1
1563,4,851.36,573.28,79.74000000000001,79.58000000000004,1,-1,-1,-1
1563,5,0.0,0.0,667.14,971.8,1,-1,-1,-1
1564,4,851.22,572.81,80.32999999999993,80.08000000000004,1,-1,-1,-1
1564,5,0.0,0.0,659.86,971.95,1,-1,-1,-1
1565,4,851.08,572.33,80.91999999999996,80.58999999999992,1,-1,-1,-1
1565,5,0.0,0.0,652.58,972.1,1,-1,-1,-1
1566,4,850.94,571.85,81.50999999999999,81.10000000000002,1,-1,-1,-1
1566,5,0.0,0.0,645.3,972.25,1,-1,-1,-1
1567,4,850.8,571.37,82.10000000000002,81.61000000000001,1,-1,-1,-1
1567,5,0.0,0.0,636.04,972.4,1,-1,-1,-1
1568,4,850.66,570.89,82.69000000000005,82.12,1,-1,-1,-1
1568,5,0.0,0.0,626.78,972.55,1,-1,-1,-1
1569,4,850.52,570.42,83.27999999999997,82.62,1,-1,-1,-1
1569,5,0.0,0.0,617.52,972.7,1,-1,-1,-1
1570,4,850.38,569.94,83.87,83.13,1,-1,-1,-1
1570,5,0.0,0.0,608.26,972.85,1,-1,-1,-1
1571,4,850.24,569.46,84.46000000000004,83.63999999999999,1,-1,-1,-1
1571,5,0.0,0.0,599.0,973.0,1,-1,-1,-1
1572,4,850.95,569.29,84.89999999999998,84.11000000000001,1,-1,-1,-1
1572,5,0.0,0.0,586.24,973.0,1,-1,-1,-1
1573,4,851.66,569.12,85.34000000000003,84.58000000000004,1,-1,-1,-1
1573,5,0.0,0.0,573.48,973.0,1,-1,-1,-1
1574,4,852.37,568.95,85.77999999999997,85.04999999999995,1,-1,-1,-1
1574,5,0.0,0.0,560.72,973.0,1,-1,-1,-1
1575,4,853.08,568.78,86.21999999999991,85.51999999999998,1,-1,-1,-1
1575,5,0.0,0.0,547.96,973.0,1,-1,-1,-1
1576,4,853.79,568.62,86.66000000000008,85.98000000000002,1,-1,-1,-1
1576,5,0.0,0.0,535.2,973.0,1,-1,-1,-1
1577,4,854.49,568.45,87.11000000000001,86.44999999999993,1,-1,-1,-1
1577,5,0.0,0.0,517.76,973.0,1,-1,-1,-1
1578,4,855.2,568.28,87.54999999999995,86.92000000000007,1,-1,-1,-1
1578,5,0.0,0.0,500.32,973.0,1,-1,-1,-1
1579,4,855.91,568.11,87.99000000000001,87.38999999999999,1,-1,-1,-1
1579,5,0.0,0.0,482.88,973.0,1,-1,-1,-1
1580,4,856.62,567.94,88.42999999999995,87.8599999999999,1,-1,-1,-1
1580,5,0.0,0.0,465.44,973.0,1,-1,-1,-1
1581,4,857.33,567.77,88.87,88.33000000000004,1,-1,-1,-1
1581,5,0.0,0.0,448.0,973.0,1,-1,-1,-1
1582,4,858.76,567.39,89.66999999999996,89.11000000000001,1,-1,-1,-1
1582,5,0.0,0.0,421.0,973.0,1,-1,-1,-1
1583,4,860.2,567.01,90.45999999999992,89.88999999999999,1,-1,-1,-1
1583,5,0.0,0.0,394.0,973.0,1,-1,-1,-1
1584,4,861.63,566.64,91.25999999999999,90.65999999999997,1,-1,-1,-1
1584,5,0.0,0.0,367.0,973.0,1,-1,-1,-1
1585,4,863.07,566.26,92.04999999999995,91.44000000000005,1,-1,-1,-1
1585,5,0.0,0.0,340.0,973.0,1,-1,-1,-1
1586,4,864.5,565.88,92.85000000000002,92.22000000000003,1,-1,-1,-1
1586,5,0.0,0.0,313.0,973.0,1,-1,-1,-1
1587,4,865.93,564.85,93.65000000000009,92.50999999999999,1,-1,-1,-1
1587,5,0.0,6.68,270.9,966.32,1,-1,-1,-1
1588,4,867.37,563.82,94.43999999999994,92.79999999999995,1,-1,-1,-1
1588,5,0.0,13.36,228.8,959.64,1,-1,-1,-1
1589,4,868.8,562.8,95.24000000000001,93.08000000000004,1,-1,-1,-1
1589,5,0.0,20.04,186.7,952.96,1,-1,-1,-1
1590,4,870.24,561.77,96.02999999999997,93.37,1,-1,-1,-1
1590,5,0.0,26.72,144.6,946.28,1,-1,-1,-1
1591,4,871.67,560.74,96.83000000000004,93.65999999999997,1,-1,-1,-1
1591,5,0.0,33.4,102.5,939.6,1,-1,-1,-1
1592,4,873.84,559.81,97.38999999999999,94.1400000000001,1,-1,-1,-1
1592,5,0.0,11.63,51.69,958.47,1,-1,-1,-1
1593,4,876.0,558.88,97.96000000000004,94.62,1,-1,-1,-1
1594,4,878.17,557.96,98.5200000000001,95.08999999999992,1,-1,-1,-1
1595,4,880.34,557.03,99.07999999999993,95.57000000000005,1,-1,-1,-1
1596,4,882.5,556.1,99.64999999999998,96.04999999999995,1,-1,-1,-1
1597,4,884.67,555.17,100.21000000000004,96.53000000000009,1,-1,-1,-1
1598,4,886.84,554.24,100.76999999999998,97.00999999999999,1,-1,-1,-1
1599,4,889.01,553.32,101.33000000000004,97.4799999999999,1,-1,-1,-1
1600,4,891.17,552.39,101.90000000000009,97.96000000000004,1,-1,-1,-1
1601,4,893.34,551.46,102.45999999999992,98.43999999999994,1,-1,-1,-1
1602,4,894.8,551.66,103.31000000000006,98.93000000000006,1,-1,-1,-1
1603,4,896.26,551.86,104.15999999999997,99.40999999999997,1,-1,-1,-1
1604,4,897.71,552.07,105.01999999999998,99.88999999999999,1,-1,-1,-1
1605,4,899.17,552.27,105.87,100.37,1,-1,-1,-1
1606,4,900.63,552.47,106.72000000000003,100.86000000000001,1,-1,-1,-1
1607,4,902.09,553.16,107.56999999999994,101.34000000000003,1,-1,-1,-1
1608,4,903.55,553.85,108.42000000000007,101.82999999999993,1,-1,-1,-1
1609,4,905.0,554.53,109.27999999999997,102.32000000000005,1,-1,-1,-1
1610,4,906.46,555.22,110.13,102.80999999999995,1,-1,-1,-1
1611,4,907.92,555.91,110.98000000000002,103.29000000000008,1,-1,-1,-1
1612,4,908.39,555.91,112.02999999999997,103.87,1,-1,-1,-1
1613,4,908.86,555.91,113.08000000000004,104.44000000000005,1,-1,-1,-1
1614,4,909.34,555.91,114.12,105.01999999999998,1,-1,-1,-1
1615,4,909.81,555.91,115.17000000000007,105.59000000000003,1,-1,-1,-1
1616,4,910.28,555.91,116.22000000000003,106.17000000000007,1,-1,-1,-1
1617,4,910.75,555.1,117.26999999999998,106.74000000000001,1,-1,-1,-1
1618,4,911.23,554.29,118.30999999999995,107.32000000000005,1,-1,-1,-1
1619,4,911.7,553.48,119.3599999999999,107.88999999999999,1,-1,-1,-1
1620,4,912.18,552.67,120.39999999999998,108.47000000000003,1,-1,-1,-1
1621,4,912.65,551.86,121.44999999999993,109.03999999999996,1,-1,-1,-1
1622,4,912.85,551.86,122.41999999999996,109.80999999999995,1,-1,-1,-1
1623,4,913.05,551.86,123.3900000000001,110.58000000000004,1,-1,-1,-1
1624,4,913.26,551.86,124.34999999999991,111.36000000000001,1,-1,-1,-1
1625,4,913.46,551.86,125.31999999999994,112.13,1,-1,-1,-1
1626,4,913.66,551.86,126.29000000000008,112.89999999999998,1,-1,-1,-1
1627,4,913.86,552.99,127.25999999999988,113.67999999999995,1,-1,-1,-1
1628,4,914.06,554.13,128.23000000000002,114.45000000000005,1,-1,-1,-1
1629,4,914.27,555.26,129.19000000000005,115.22000000000003,1,-1,-1,-1
1630,4,914.47,556.4,130.16000000000008,115.99000000000001,1,-1,-1,-1
1631,4,914.67,557.53,131.13,116.76999999999998,1,-1,-1,-1
1632,4,914.84,558.59,132.55000000000007,117.81999999999994,1,-1,-1,-1
1633,4,915.01,559.65,133.97000000000003,118.86000000000001,1,-1,-1,-1
1634,4,915.18,560.71,135.39,119.90999999999997,1,-1,-1,-1
1635,4,915.35,561.77,136.81000000000006,120.95000000000005,1,-1,-1,-1
1636,4,915.52,562.83,138.23000000000002,122.0,1,-1,-1,-1
1637,4,915.69,562.92,139.64999999999986,123.04000000000008,1,-1,-1,-1
1638,4,915.86,563.01,141.07000000000005,124.09000000000003,1,-1,-1,-1
1639,4,916.02,563.09,142.5,125.13999999999999,1,-1,-1,-1
1640,4,916.19,563.18,143.91999999999985,126.19000000000005,1,-1,-1,-1
1641,4,916.36,563.27,145.34000000000003,127.23000000000002,1,-1,-1,-1
1642,4,916.93,562.71,146.96000000000015,128.40999999999997,1,-1,-1,-1
1643,4,917.51,562.15,148.57999999999993,129.59000000000003,1,-1,-1,-1
1644,4,918.08,561.59,150.19999999999993,130.77999999999997,1,-1,-1,-1
1645,4,918.66,561.03,151.82000000000005,131.96000000000004,1,-1,-1,-1
1646,4,919.23,560.47,153.44000000000005,133.14,1,-1,-1,-1
1647,4,920.61,559.75,155.07000000000005,134.32000000000005,1,-1,-1,-1
1648,4,922.0,559.03,156.68000000000006,135.5,1,-1,-1,-1
1649,4,923.38,558.3,158.31000000000006,136.68000000000006,1,-1,-1,-1
1650,4,924.77,557.58,159.92000000000007,137.86,1,-1,-1,-1
1651,4,926.15,556.86,161.55000000000007,139.03999999999996,1,-1,-1,-1
1652,4,928.46,555.6,163.6199999999999,140.59000000000003,1,-1,-1,-1
1653,4,930.77,554.35,165.69000000000005,142.12,1,-1,-1,-1
1654,4,933.08,553.09,167.75999999999988,143.66999999999996,1,-1,-1,-1
1655,4,935.39,551.84,169.83000000000004,145.19999999999993,1,-1,-1,-1
1656,4,937.7,550.58,171.89999999999986,146.75,1,-1,-1,-1
1657,4,940.01,549.81,174.76999999999998,148.29000000000008,1,-1,-1,-1
1658,4,942.32,549.04,177.64,149.84000000000003,1,-1,-1,-1
1659,4,944.62,548.27,180.5200000000001,151.38,1,-1,-1,-1
1660,4,946.93,547.5,183.39,152.92999999999995,1,-1,-1,-1
1661,4,949.24,546.73,186.26,154.47000000000003,1,-1,-1,-1
1662,4,952.69,546.36,189.14999999999986,156.40999999999997,1,-1,-1,-1
1663,4,956.14,545.99,192.04000000000008,158.35000000000002,1,-1,-1,-1
1664,4,959.6,545.61,194.91999999999996,160.30999999999995,1,-1,-1,-1
1665,4,963.05,545.24,197.80999999999995,162.25,1,-1,-1,-1
1666,4,966.5,544.87,200.70000000000005,164.18999999999994,1,-1,-1,-1
1667,4,969.47,544.17,204.71000000000004,166.14,1,-1,-1,-1
1668,4,972.43,543.47,208.73000000000013,168.08999999999992,1,-1,-1,-1
1669,4,975.4,542.78,212.74000000000012,170.01999999999998,1,-1,-1,-1
1670,4,978.36,542.08,216.75999999999988,171.9699999999999,1,-1,-1,-1
1671,4,981.33,541.38,220.76999999999987,173.91999999999996,1,-1,-1,-1
1672,4,984.07,540.91,226.44999999999993,175.99,1,-1,-1,-1
1673,4,986.81,540.44,232.1300000000001,178.05999999999995,1,-1,-1,-1
1674,4,989.54,539.97,237.81999999999994,180.13,1,-1,-1,-1
1675,4,992.28,539.5,243.5,182.20000000000005,1,-1,-1,-1
1676,4,995.02,539.03,249.18000000000006,184.26999999999998,1,-1,-1,-1
1677,4,996.95,538.72,256.78999999999996,186.81999999999994,1,-1,-1,-1
1678,4,998.88,538.41,264.4,189.37,1,-1,-1,-1
1679,4,1000.8,538.11,272.02,191.90999999999997,1,-1,-1,-1
1680,4,1002.73,537.8,279.6299999999999,194.46000000000004,1,-1,-1,-1
1681,4,1004.66,537.49,287.2400000000001,197.01,1,-1,-1,-1
1682,4,1007.45,536.84,295.25,199.79999999999995,1,-1,-1,-1
1683,4,1010.24,536.19,303.26,202.58999999999992,1,-1,-1,-1
1684,4,1013.02,535.55,311.28,205.37,1,-1,-1,-1
1685,4,1015.81,534.9,319.28999999999996,208.15999999999997,1,-1,-1,-1
1686,4,1018.6,534.25,327.30000000000007,210.95000000000005,1,-1,-1,-1
1687,4,1020.58,533.44,338.38,214.53999999999996,1,-1,-1,-1
1688,4,1022.55,532.63,349.47,218.13,1,-1,-1,-1
1689,4,1024.53,531.82,360.54999999999995,221.7199999999999,1,-1,-1,-1
1690,4,1026.5,531.01,371.6400000000001,225.31000000000006,1,-1,-1,-1
1691,4,1028.48,530.2,382.72,228.89999999999998,1,-1,-1,-1
1692,4,1030.46,529.91,396.1399999999999,233.26999999999998,1,-1,-1,-1
1693,4,1032.45,529.62,409.54999999999995,237.64,1,-1,-1,-1
1694,4,1034.43,529.32,422.97,242.01999999999998,1,-1,-1,-1
1695,4,1036.42,529.03,436.3799999999999,246.39,1,-1,-1,-1
1696,4,1038.4,528.74,449.79999999999995,250.76,1,-1,-1,-1
1697,4,1040.38,528.45,466.28,256.80999999999995,1,-1,-1,-1
1698,4,1042.37,528.16,482.75,262.86,1,-1,-1,-1
1699,4,1044.35,527.86,499.23,268.91999999999996,1,-1,-1,-1
1700,4,1046.34,527.57,515.7,274.9699999999999,1,-1,-1,-1
1701,4,1048.32,527.28,532.1800000000001,281.02,1,-1,-1,-1
1702,4,1050.01,525.59,553.77,289.61,1,-1,-1,-1
1703,4,1051.7,523.9,575.3599999999999,298.20000000000005,1,-1,-1,-1
1704,4,1053.4,522.2,596.9399999999998,306.79999999999995,1,-1,-1,-1
1705,4,1055.09,520.51,618.53,315.39,1,-1,-1,-1
1706,4,1056.78,518.82,640.1200000000001,323.9799999999999,1,-1,-1,-1
1707,4,1058.47,517.13,667.8899999999999,334.83000000000004,1,-1,-1,-1
1708,4,1060.16,515.44,695.6599999999999,345.67999999999995,1,-1,-1,-1
1709,4,1061.86,513.74,723.4200000000001,356.53999999999996,1,-1,-1,-1
1710,4,1063.55,512.05,751.19,367.3900000000001,1,-1,-1,-1
1711,4,1065.24,510.36,778.96,378.24,1,-1,-1,-1
1712,4,1067.41,507.45,810.79,399.87000000000006,1,-1,-1,-1
1713,4,1069.59,504.54,842.6100000000001,421.49999999999994,1,-1,-1,-1
1714,4,1071.77,501.63,848.23,443.13,1,-1,-1,-1
1715,4,1073.95,498.71,846.05,464.77000000000004,1,-1,-1,-1
1716,4,1076.12,495.8,843.8800000000001,486.40000000000003,1,-1,-1,-1
1717,4,1078.3,488.2,841.7,483.12000000000006,1,-1,-1,-1
1718,4,1080.48,478.5,839.52,481.94000000000005,1,-1,-1,-1
1719,4,1082.65,468.8,837.3499999999999,480.75999999999993,1,-1,-1,-1
1720,4,1084.83,459.1,835.1700000000001,479.5799999999999,1,-1,-1,-1
1721,4,1087.01,449.4,832.99,478.4,1,-1,-1,-1
1722,4,1090.24,439.7,829.76,488.72999999999996,1,-1,-1,-1
1723,4,1093.46,430.0,826.54,499.05999999999995,1,-1,-1,-1
1724,4,1096.69,443.7,823.31,485.99000000000007,1,-1,-1,-1
1725,4,1099.91,443.15,820.0899999999999,487.1700000000001,1,-1,-1,-1
1726,4,1103.14,442.6,816.8599999999999,488.35,1,-1,-1,-1
1727,4,1106.37,434.05,813.6300000000001,497.53000000000003,1,-1,-1,-1
1728,4,1109.59,425.5,810.4100000000001,506.71000000000004,1,-1,-1,-1
1729,4,1112.82,413.3,807.1800000000001,519.54,1,-1,-1,-1
1730,4,1116.04,401.1,803.96,532.37,1,-1,-1,-1
1731,4,1119.27,388.9,800.73,545.2,1,-1,-1,-1
1732,4,1124.06,376.2,795.94,557.9000000000001,1,-1,-1,-1
1733,4,1128.85,360.6,791.1500000000001,573.5,1,-1,-1,-1
1734,4,1133.64,342.8,786.3599999999999,591.3,1,-1,-1,-1
1735,4,1138.43,326.6,781.5699999999999,607.5,1,-1,-1,-1
1736,4,1143.22,307.1,776.78,627.0,1,-1,-1,-1
1737,4,1148.01,293.7,771.99,640.4000000000001,1,-1,-1,-1
1738,4,1152.8,409.8,767.2,524.3,1,-1,-1,-1
1739,4,1157.59,403.97,762.4100000000001,530.13,1,-1,-1,-1
1740,4,1162.38,398.13,757.6199999999999,535.97,1,-1,-1,-1
1741,4,1167.17,392.3,752.8299999999999,541.8,1,-1,-1,-1
1742,4,1176.03,384.17,743.97,549.79,1,-1,-1,-1
1743,4,1184.88,376.03,735.1199999999999,557.7900000000001,1,-1,-1,-1
1744,4,1193.74,367.9,726.26,565.78,1,-1,-1,-1
1745,4,1201.63,357.07,718.3699999999999,576.47,1,-1,-1,-1
1746,4,1209.51,346.23,710.49,587.17,1,-1,-1,-1
1747,4,1217.4,335.4,702.5999999999999,597.86,1,-1,-1,-1
1748,4,1226.98,322.05,693.02,611.0699999999999,1,-1,-1,-1
1749,4,1236.56,308.7,683.44,624.28,1,-1,-1,-1
1750,4,1246.14,295.35,673.8599999999999,637.49,1,-1,-1,-1
1751,4,1255.72,282.0,664.28,650.7,1,-1,-1,-1
1752,4,1270.53,267.0,649.47,666.43,1,-1,-1,-1
1753,4,1269.4,261.73,650.5999999999999,672.43,1,-1,-1,-1
1754,4,1292.0,318.9,628.0,615.99,1,-1,-1,-1
1755,4,1297.8,320.7,622.2,614.9200000000001,1,-1,-1,-1
1756,4,1315.46,309.7,604.54,626.6500000000001,1,-1,-1,-1
1757,4,1333.12,292.4,586.8800000000001,644.6800000000001,1,-1,-1,-1
1758,4,1350.79,275.1,569.21,662.7099999999999,1,-1,-1,-1
1759,4,1368.45,257.8,551.55,680.74,1,-1,-1,-1
1760,4,1386.12,240.5,533.8800000000001,698.77,1,-1,-1,-1
1761,4,1403.78,219.58,516.22,720.42,1,-1,-1,-1
1762,4,1429.2,203.32,490.79999999999995,736.8299999999999,1,-1,-1,-1
1763,4,1467.5,178.4,452.5,761.9,1,-1,-1,-1
1764,4,1500.0,160.3,420.0,780.1500000000001,1,-1,-1,-1
1765,4,1523.2,135.4,396.79999999999995,805.2,1,-1,-1,-1
1766,4,1551.9,112.2,368.0999999999999,828.55,1,-1,-1,-1
1767,4,1596.31,85.2,323.69000000000005,855.6999999999999,1,-1,-1,-1
1768,4,1632.0,78.2,288.0,862.8499999999999,1,-1,-1,-1
1769,4,1679.32,78.4,240.68000000000006,862.8000000000001,1,-1,-1,-1
1770,4,1726.63,82.2,193.3699999999999,859.15,1,-1,-1,-1
1771,4,1773.95,57.0,146.04999999999995,884.5,1,-1,-1,-1
1772,4,1821.85,29.42,98.15000000000009,903.38,1,-1,-1,-1
1773,4,1872.65,0.39,47.34999999999991,928.01,1,-1,-1,-1
