1,13,912.78,518.7,117.60000000000014,143.08999999999992,1,-1,-1,-1
2,13,913.21,517.71,118.15999999999985,144.15999999999997,1,-1,-1,-1
3,13,913.65,516.72,118.69999999999993,145.24,1,-1,-1,-1
4,13,914.09,515.73,119.24999999999989,146.30999999999995,1,-1,-1,-1
5,13,914.52,514.73,119.80999999999995,147.39,1,-1,-1,-1
6,13,914.95,513.74,120.3599999999999,148.47000000000003,1,-1,-1,-1
7,13,915.39,512.75,120.90999999999997,149.53999999999996,1,-1,-1,-1
8,13,915.51,512.67,121.87000000000012,150.25,1,-1,-1,-1
9,13,915.63,512.6,122.82000000000005,150.93999999999994,1,-1,-1,-1
10,13,915.75,512.52,123.76999999999998,151.64999999999998,1,-1,-1,-1
11,13,915.87,512.44,124.7299999999999,152.3599999999999,1,-1,-1,-1
12,13,915.89,511.63,126.11000000000001,153.70000000000005,1,-1,-1,-1
13,13,915.91,510.82,127.49000000000012,155.04000000000002,1,-1,-1,-1
14,13,915.93,510.01,128.87,156.38,1,-1,-1,-1
15,13,915.95,509.2,130.25,157.71999999999997,1,-1,-1,-1
16,13,915.76,508.49,131.76999999999998,159.05999999999995,1,-1,-1,-1
17,13,915.57,507.78,133.27999999999986,160.39999999999998,1,-1,-1,-1
18,13,915.37,507.07,134.80000000000007,161.73999999999995,1,-1,-1,-1
19,13,915.18,506.36,136.32000000000005,163.08000000000004,1,-1,-1,-1
20,13,916.48,505.35,135.76999999999998,164.41999999999996,1,-1,-1,-1
21,13,917.78,504.34,135.22000000000003,165.76000000000005,1,-1,-1,-1
22,13,917.37,503.33,136.9799999999999,167.46999999999997,1,-1,-1,-1
23,13,916.96,502.32,138.74,169.18,1,-1,-1,-1
24,13,916.55,501.31,140.5,170.89000000000004,1,-1,-1,-1
25,13,916.14,500.3,142.2600000000001,172.59999999999997,1,-1,-1,-1
26,13,916.26,499.69,143.74,174.31,1,-1,-1,-1
27,13,916.38,499.07,145.2199999999999,176.03000000000003,1,-1,-1,-1
28,13,916.5,498.46,146.70000000000005,177.73000000000008,1,-1,-1,-1
29,13,916.63,497.85,148.16999999999996,179.43999999999994,1,-1,-1,-1
30,13,916.75,497.23,149.6500000000001,181.15999999999997,1,-1,-1,-1
31,13,916.87,496.62,151.13,182.87,1,-1,-1,-1
32,13,917.1,495.33,152.7399999999999,184.95999999999998,1,-1,-1,-1
33,13,917.34,494.03,154.33000000000004,187.07000000000005,1,-1,-1,-1
34,13,917.57,492.74,155.92999999999995,189.15999999999997,1,-1,-1,-1
35,13,917.8,491.45,157.53999999999996,191.25000000000006,1,-1,-1,-1
36,13,918.56,490.51,159.1400000000001,192.97000000000003,1,-1,-1,-1
37,13,919.32,489.57,160.7499999999999,194.68,1,-1,-1,-1
38,13,920.08,488.64,162.35000000000002,196.38,1,-1,-1,-1
39,13,920.84,487.7,163.94999999999993,198.09999999999997,1,-1,-1,-1
40,13,920.74,485.87,165.55999999999995,198.13,1,-1,-1,-1
41,13,922.27,485.44,165.93000000000006,201.76000000000005,1,-1,-1,-1
42,13,922.75,484.01,168.04999999999995,203.19000000000005,1,-1,-1,-1
43,13,923.22,482.59,170.18000000000006,204.61000000000007,1,-1,-1,-1
44,13,924.24,481.84,172.75,207.15000000000003,1,-1,-1,-1
45,13,925.26,481.09,175.32999999999993,209.69,1,-1,-1,-1
46,13,926.29,480.35,177.8900000000001,212.22000000000003,1,-1,-1,-1
47,13,927.31,479.6,180.46000000000004,214.76,1,-1,-1,-1
48,13,928.33,478.85,183.03999999999985,217.29999999999995,1,-1,-1,-1
49,13,929.35,478.1,185.61,219.84000000000003,1,-1,-1,-1
50,13,929.71,476.02,188.18000000000006,222.38,1,-1,-1,-1
51,13,931.54,474.4,190.75,224.47000000000003,1,-1,-1,-1
52,13,933.38,472.78,193.32000000000005,226.55000000000007,1,-1,-1,-1
53,13,935.21,471.16,195.88999999999987,228.63999999999993,1,-1,-1,-1
54,13,936.92,468.99,198.39999999999998,231.95000000000005,1,-1,-1,-1
55,13,938.64,466.82,200.89999999999998,235.26000000000005,1,-1,-1,-1
56,13,940.35,464.65,203.40999999999997,238.57000000000005,1,-1,-1,-1
57,13,942.07,462.48,205.90999999999997,241.88,1,-1,-1,-1
58,13,943.78,460.31,208.42000000000007,245.19,1,-1,-1,-1
59,13,945.4,458.7,213.5000000000001,246.8,1,-1,-1,-1
60,13,948.03,456.5,217.77999999999997,251.05999999999995,1,-1,-1,-1
61,13,950.66,454.3,222.06000000000006,255.32,1,-1,-1,-1
62,13,953.3,452.1,226.33000000000015,259.5799999999999,1,-1,-1,-1
63,13,955.93,449.9,230.61,263.84000000000003,1,-1,-1,-1
64,13,958.56,447.7,234.8900000000001,268.09999999999997,1,-1,-1,-1
65,13,961.19,445.95,239.16999999999985,271.91,1,-1,-1,-1
66,13,963.82,444.2,243.44999999999993,275.71999999999997,1,-1,-1,-1
67,13,966.46,442.46,247.72000000000003,279.52000000000004,1,-1,-1,-1
68,13,969.09,440.71,251.9999999999999,283.33,1,-1,-1,-1
69,13,971.72,438.96,256.28,287.14000000000004,1,-1,-1,-1
70,13,974.92,436.72,260.65,291.94999999999993,1,-1,-1,-1
71,13,978.13,434.48,265.0100000000001,296.77,1,-1,-1,-1
72,13,981.34,432.24,269.37,301.59000000000003,1,-1,-1,-1
73,13,984.54,430.0,273.74,306.4,1,-1,-1,-1
74,13,987.75,426.56,278.0999999999999,311.96,1,-1,-1,-1
75,13,990.96,423.12,282.46000000000004,317.51,1,-1,-1,-1
76,13,994.16,419.68,286.83000000000004,323.07,1,-1,-1,-1
77,13,997.37,416.24,291.18999999999994,328.63,1,-1,-1,-1
78,13,1000.58,412.8,295.55000000000007,334.18,1,-1,-1,-1
79,13,1003.79,409.36,299.9100000000001,339.74,1,-1,-1,-1
80,13,1005.47,405.77,312.78999999999996,347.11,1,-1,-1,-1
81,13,1007.14,402.18,325.67999999999995,354.47999999999996,1,-1,-1,-1
82,13,1008.82,398.59,338.56000000000006,361.8500000000001,1,-1,-1,-1
83,13,1010.5,395.0,351.44000000000005,369.22,1,-1,-1,-1
84,13,1013.57,390.57,363.2599999999999,377.43,1,-1,-1,-1
85,13,1016.63,386.13,375.08000000000004,385.65,1,-1,-1,-1
86,13,1019.7,381.7,386.89999999999986,393.85999999999996,1,-1,-1,-1
87,13,1022.77,376.12,398.05999999999995,403.22,1,-1,-1,-1
88,13,1025.83,370.53,409.24,412.59000000000003,1,-1,-1,-1
89,13,1028.9,364.95,420.39999999999986,421.95,1,-1,-1,-1
90,13,1031.27,358.44,436.19000000000005,434.42,1,-1,-1,-1
91,13,1033.64,351.93,451.9799999999998,446.89000000000004,1,-1,-1,-1
92,13,1036.0,345.42,467.78,459.35999999999996,1,-1,-1,-1
93,13,1038.37,338.91,483.57000000000016,471.83,1,-1,-1,-1
94,13,1040.74,332.4,499.3599999999999,484.30000000000007,1,-1,-1,-1
95,13,1043.11,323.52,517.9100000000001,500.72,1,-1,-1,-1
96,13,1045.48,314.64,536.46,517.14,1,-1,-1,-1
97,13,1047.84,305.76,555.02,533.5600000000001,1,-1,-1,-1
98,13,1050.21,296.88,573.5699999999999,549.98,1,-1,-1,-1
99,13,1052.58,288.0,592.1200000000001,566.4,1,-1,-1,-1
100,13,1055.45,279.0,626.25,585.84,1,-1,-1,-1
101,13,1057.75,266.53,654.69,611.88,1,-1,-1,-1
102,13,1060.04,254.05,683.1400000000001,637.9200000000001,1,-1,-1,-1
103,13,1062.34,241.58,711.5800000000002,663.9599999999999,1,-1,-1,-1
104,13,1064.63,229.1,740.03,690.0,1,-1,-1,-1
105,13,1066.93,216.63,768.47,716.04,1,-1,-1,-1
106,13,1070.51,199.49,800.54,739.71,1,-1,-1,-1
107,13,1074.08,182.34,832.6200000000001,763.4,1,-1,-1,-1
108,13,1077.66,165.2,842.3399999999999,787.0699999999999,1,-1,-1,-1
109,13,1081.23,138.6,838.77,820.1999999999999,1,-1,-1,-1
110,13,1083.2,107.9,836.8,850.9,1,-1,-1,-1
111,13,1085.35,77.5,834.6500000000001,900.22,1,-1,-1,-1
112,13,1087.5,47.1,832.5,949.55,1,-1,-1,-1
113,13,1092.51,6.3,827.49,1009.2700000000001,1,-1,-1,-1
114,13,1097.52,0.0,822.48,1034.5,1,-1,-1,-1
115,13,1100.36,0.0,819.6400000000001,1035.21,1,-1,-1,-1
116,13,1103.2,0.0,816.8,1035.92,1,-1,-1,-1
117,13,1106.05,0.0,813.95,1036.63,1,-1,-1,-1
118,13,1108.89,0.0,811.1099999999999,1037.34,1,-1,-1,-1
119,13,1112.35,0.0,807.6500000000001,1037.84,1,-1,-1,-1
120,13,1115.8,0.0,804.2,1038.33,1,-1,-1,-1
121,13,1119.26,0.0,800.74,1038.82,1,-1,-1,-1
122,13,1122.71,0.0,797.29,1039.32,1,-1,-1,-1
123,13,1128.03,0.0,791.97,1039.32,1,-1,-1,-1
124,13,1133.36,0.0,786.6400000000001,1039.32,1,-1,-1,-1
125,13,1138.68,0.0,781.3199999999999,1039.32,1,-1,-1,-1
126,13,1144.0,0.0,776.0,1039.32,1,-1,-1,-1
127,13,1150.17,0.0,769.8299999999999,1041.78,1,-1,-1,-1
128,13,1156.34,0.0,763.6600000000001,1044.25,1,-1,-1,-1
129,13,1162.5,0.0,757.5,1046.72,1,-1,-1,-1
130,13,1168.67,0.0,751.3299999999999,1049.18,1,-1,-1,-1
131,13,1176.86,0.0,743.1400000000001,1048.36,1,-1,-1,-1
132,13,1185.04,0.0,734.96,1047.54,1,-1,-1,-1
133,13,1193.22,0.0,726.78,1046.72,1,-1,-1,-1
134,13,1201.41,0.0,718.5899999999999,1045.91,1,-1,-1,-1
135,13,1209.6,0.0,710.4000000000001,1045.09,1,-1,-1,-1
136,13,1217.78,0.0,702.22,1044.27,1,-1,-1,-1
137,13,1230.21,0.0,689.79,1044.98,1,-1,-1,-1
138,13,1242.65,0.0,677.3499999999999,1045.69,1,-1,-1,-1
139,13,1255.09,0.0,664.9100000000001,1046.41,1,-1,-1,-1
140,13,1267.52,0.0,652.48,1047.12,1,-1,-1,-1
141,13,1282.25,0.0,637.75,1051.41,1,-1,-1,-1
142,13,1296.99,0.0,623.01,1055.71,1,-1,-1,-1
143,13,1311.72,0.0,608.28,1060.0,1,-1,-1,-1
144,13,1326.45,0.0,593.55,1064.3,1,-1,-1,-1
145,13,1350.56,0.0,569.44,1066.91,1,-1,-1,-1
146,13,1374.67,0.0,545.3299999999999,1069.53,1,-1,-1,-1
147,13,1398.78,0.0,521.22,1072.15,1,-1,-1,-1
148,13,1422.89,169.4,497.1099999999999,905.37,1,-1,-1,-1
149,13,1447.0,146.6,473.0,930.7800000000001,1,-1,-1,-1
150,13,1477.88,124.83,442.1199999999999,955.17,1,-1,-1,-1
151,13,1518.12,99.0,401.8800000000001,954.4000000000001,1,-1,-1,-1
152,13,1558.37,70.8,361.6300000000001,955.99,1,-1,-1,-1
153,13,1598.61,40.4,321.3900000000001,959.7900000000001,1,-1,-1,-1
154,13,1651.47,31.9,268.53,964.3100000000001,1,-1,-1,-1
155,13,1704.34,32.5,215.66000000000008,959.73,1,-1,-1,-1
156,13,1757.2,33.08,162.79999999999995,955.17,1,-1,-1,-1
157,13,1819.62,27.1,100.38000000000011,632.72,1,-1,-1,-1
158,13,1882.03,57.64,37.97000000000003,273.76,1,-1,-1,-1
410,12,894.99,552.19,59.40999999999997,86.80999999999995,1,-1,-1,-1
411,12,895.22,552.33,60.0,87.27999999999997,1,-1,-1,-1
412,12,895.45,552.47,60.58999999999992,87.75,1,-1,-1,-1
413,12,895.67,552.61,61.200000000000045,88.22000000000003,1,-1,-1,-1
414,12,895.9,552.75,61.79000000000008,88.69000000000005,1,-1,-1,-1
415,12,896.13,552.89,62.379999999999995,89.16999999999996,1,-1,-1,-1
416,12,896.36,553.03,62.97000000000003,89.63999999999999,1,-1,-1,-1
417,12,896.58,553.17,63.57999999999993,90.11000000000001,1,-1,-1,-1
418,12,896.81,553.31,64.17000000000007,90.58000000000004,1,-1,-1,-1
419,12,897.04,553.45,64.75999999999999,91.04999999999995,1,-1,-1,-1
420,12,899.03,553.78,65.07000000000005,91.72000000000003,1,-1,-1,-1
421,12,899.6,552.86,65.64999999999998,92.09000000000003,1,-1,-1,-1
422,12,900.17,551.94,66.23000000000002,92.45999999999992,1,-1,-1,-1
423,12,900.17,550.5,66.23000000000002,93.89999999999998,1,-1,-1,-1
424,12,900.57,549.11,67.2299999999999,94.88999999999999,1,-1,-1,-1
425,12,900.97,547.72,68.23000000000002,95.88,1,-1,-1,-1
426,12,902.95,546.93,67.84999999999991,95.88,1,-1,-1,-1
427,12,904.1,545.09,67.85000000000002,95.88,1,-1,-1,-1
428,12,905.26,543.97,68.27999999999997,96.65999999999997,1,-1,-1,-1
429,12,906.43,542.84,68.70000000000005,97.45999999999992,1,-1,-1,-1
430,12,907.75,541.7,69.13,97.39999999999998,1,-1,-1,-1
431,12,909.07,541.16,69.55999999999995,98.44000000000005,1,-1,-1,-1
432,12,910.39,540.62,69.98000000000002,99.48000000000002,1,-1,-1,-1
433,12,911.71,540.08,70.40999999999997,100.51999999999998,1,-1,-1,-1
434,12,913.03,539.54,70.83000000000004,101.56000000000006,1,-1,-1,-1
435,12,914.35,539.0,71.25999999999999,102.60000000000002,1,-1,-1,-1
436,12,915.67,538.9,71.69000000000005,103.20000000000005,1,-1,-1,-1
437,12,916.99,538.81,72.11000000000001,103.79000000000008,1,-1,-1,-1
438,12,918.09,539.08,72.88,104.71999999999991,1,-1,-1,-1
439,12,919.19,539.36,73.64999999999998,105.63999999999999,1,-1,-1,-1
440,12,920.3,539.63,74.41000000000008,106.56000000000006,1,-1,-1,-1
441,12,921.4,539.91,75.18000000000006,107.48000000000002,1,-1,-1,-1
442,12,922.48,539.29,75.66999999999996,108.40000000000009,1,-1,-1,-1
443,12,923.56,538.66,76.16000000000008,109.33000000000004,1,-1,-1,-1
444,12,924.64,538.04,76.64999999999998,110.25999999999999,1,-1,-1,-1
445,12,925.73,537.42,77.13,111.18000000000006,1,-1,-1,-1
446,12,926.81,536.79,77.62,112.11000000000001,1,-1,-1,-1
447,12,927.89,536.17,78.11000000000001,113.03000000000009,1,-1,-1,-1
448,12,929.15,535.25,78.64999999999998,113.98000000000002,1,-1,-1,-1
449,12,930.4,534.33,79.20000000000005,114.92999999999995,1,-1,-1,-1
450,12,931.66,533.41,79.74000000000001,115.88,1,-1,-1,-1
451,12,932.92,532.49,80.28000000000009,116.83000000000004,1,-1,-1,-1
452,12,934.42,531.82,81.20000000000005,117.77999999999997,1,-1,-1,-1
453,12,935.93,531.15,82.10000000000002,118.73000000000002,1,-1,-1,-1
454,12,937.43,530.48,83.0200000000001,119.67999999999995,1,-1,-1,-1
455,12,938.93,529.8,83.94000000000005,120.6400000000001,1,-1,-1,-1
456,12,940.44,529.13,84.83999999999992,121.59000000000003,1,-1,-1,-1
457,12,941.94,528.46,85.75999999999999,122.53999999999996,1,-1,-1,-1
458,12,943.14,527.72,86.70999999999992,123.65999999999997,1,-1,-1,-1
459,12,944.34,526.99,87.65999999999997,124.76999999999998,1,-1,-1,-1
460,12,945.54,526.25,88.61000000000013,125.88999999999999,1,-1,-1,-1
461,12,946.74,525.52,89.55999999999995,127.0,1,-1,-1,-1
462,12,947.94,524.78,90.50999999999999,128.12,1,-1,-1,-1
463,12,949.5,523.33,91.46000000000004,129.56999999999994,1,-1,-1,-1
464,12,951.06,521.87,92.41000000000008,131.02999999999997,1,-1,-1,-1
465,12,952.62,520.42,93.36000000000001,132.48000000000002,1,-1,-1,-1
466,12,954.18,518.96,94.31000000000006,133.93999999999994,1,-1,-1,-1
467,12,955.74,517.51,95.25999999999999,135.39,1,-1,-1,-1
468,12,957.05,516.37,96.21000000000004,136.97000000000003,1,-1,-1,-1
469,12,958.36,515.23,97.15999999999997,138.54999999999995,1,-1,-1,-1
470,12,959.67,514.08,98.11000000000001,140.14,1,-1,-1,-1
471,12,960.98,512.94,99.05999999999995,141.7199999999999,1,-1,-1,-1
472,12,962.29,511.8,100.00999999999999,143.3,1,-1,-1,-1
473,12,962.88,510.8,101.67999999999995,144.57999999999998,1,-1,-1,-1
474,12,963.48,509.8,103.33999999999992,145.85999999999996,1,-1,-1,-1
475,12,964.07,508.81,105.00999999999988,147.13000000000005,1,-1,-1,-1
476,12,964.67,507.81,106.66999999999996,148.41000000000003,1,-1,-1,-1
477,12,965.26,506.81,108.33999999999992,149.69,1,-1,-1,-1
478,12,966.22,506.06,109.71000000000004,151.47999999999996,1,-1,-1,-1
479,12,967.19,505.31,111.06999999999994,153.28000000000003,1,-1,-1,-1
480,12,968.15,504.56,112.43999999999994,155.07,1,-1,-1,-1
481,12,969.11,503.81,113.80000000000007,156.85999999999996,1,-1,-1,-1
482,12,970.07,503.06,115.16999999999996,158.65000000000003,1,-1,-1,-1
483,12,971.04,502.31,116.52999999999997,160.45,1,-1,-1,-1
484,12,972.0,501.56,117.90000000000009,162.23999999999995,1,-1,-1,-1
485,12,972.61,500.45,120.21999999999991,164.71999999999997,1,-1,-1,-1
486,12,973.21,499.35,122.55999999999995,167.17999999999995,1,-1,-1,-1
487,12,973.82,498.24,124.88,169.65999999999997,1,-1,-1,-1
488,12,974.85,496.65,126.87,171.80000000000007,1,-1,-1,-1
489,12,975.88,495.06,128.86,173.94,1,-1,-1,-1
490,12,976.91,493.47,130.85000000000002,176.07999999999993,1,-1,-1,-1
491,12,977.93,491.87,132.85000000000002,178.23000000000002,1,-1,-1,-1
492,12,978.96,490.28,134.83999999999992,180.37,1,-1,-1,-1
493,12,979.99,488.69,136.82999999999993,182.51000000000005,1,-1,-1,-1
494,12,981.02,487.1,138.81999999999994,184.64999999999998,1,-1,-1,-1
495,12,982.05,485.1,140.80999999999995,187.19999999999993,1,-1,-1,-1
496,12,983.08,483.11,142.80000000000007,189.74,1,-1,-1,-1
497,12,984.11,481.11,144.79000000000008,192.28999999999996,1,-1,-1,-1
498,12,984.78,479.49,148.22000000000003,194.51,1,-1,-1,-1
499,12,985.44,477.87,151.65999999999985,196.73000000000002,1,-1,-1,-1
500,12,986.87,476.12,154.7800000000001,200.17999999999995,1,-1,-1,-1
501,12,988.29,474.37,157.91000000000008,203.63,1,-1,-1,-1
502,12,989.5,472.4,160.20000000000005,206.64999999999998,1,-1,-1,-1
503,12,990.7,470.43,162.5,209.67000000000002,1,-1,-1,-1
504,12,991.43,468.22,165.82000000000005,212.42999999999995,1,-1,-1,-1
505,12,992.16,466.01,169.14,215.19000000000005,1,-1,-1,-1
506,12,993.85,464.28,172.89999999999998,218.47000000000003,1,-1,-1,-1
507,12,995.53,462.55,176.67000000000007,221.74999999999994,1,-1,-1,-1
508,12,997.02,459.5,180.73000000000002,226.16999999999996,1,-1,-1,-1
509,12,998.52,456.44,184.76999999999998,230.60999999999996,1,-1,-1,-1
510,12,1000.01,453.39,188.82999999999993,235.02999999999997,1,-1,-1,-1
511,12,1001.51,450.34,192.87000000000012,239.45,1,-1,-1,-1
512,12,1003.0,447.29,196.93000000000006,243.86999999999995,1,-1,-1,-1
513,12,1004.5,444.23,200.97000000000003,248.30999999999995,1,-1,-1,-1
514,12,1005.99,441.18,205.02999999999997,252.72999999999996,1,-1,-1,-1
515,12,1007.49,438.13,209.06999999999994,257.15,1,-1,-1,-1
516,12,1008.98,435.08,213.12999999999988,261.57,1,-1,-1,-1
517,12,1010.48,432.02,217.17000000000007,266.01,1,-1,-1,-1
518,12,1011.97,428.97,221.23000000000002,270.42999999999995,1,-1,-1,-1
519,12,1014.03,424.51,228.01,276.88,1,-1,-1,-1
520,12,1016.08,420.06,234.80000000000007,283.32,1,-1,-1,-1
521,12,1018.14,415.6,241.58000000000004,289.77,1,-1,-1,-1
522,12,1020.19,411.14,248.3699999999999,296.22,1,-1,-1,-1
523,12,1022.25,406.69,255.1500000000001,302.66,1,-1,-1,-1
524,12,1024.31,402.23,261.93000000000006,309.11,1,-1,-1,-1
525,12,1026.36,397.77,268.72,315.56000000000006,1,-1,-1,-1
526,12,1028.42,393.31,275.5,322.01000000000005,1,-1,-1,-1
527,12,1030.47,388.86,282.28999999999996,328.44999999999993,1,-1,-1,-1
528,12,1032.53,384.4,289.06999999999994,334.9,1,-1,-1,-1
529,12,1035.33,376.67,299.51,345.67,1,-1,-1,-1
530,12,1038.12,368.94,309.96000000000004,356.44,1,-1,-1,-1
531,12,1040.92,361.21,320.39999999999986,367.21,1,-1,-1,-1
532,12,1043.71,353.48,330.8499999999999,377.98,1,-1,-1,-1
533,12,1046.51,345.75,341.28999999999996,388.75,1,-1,-1,-1
534,12,1049.31,338.02,351.73,399.52,1,-1,-1,-1
535,12,1052.1,330.29,362.18000000000006,410.29,1,-1,-1,-1
536,12,1054.9,322.56,372.6199999999999,421.06,1,-1,-1,-1
537,12,1057.69,314.83,383.06999999999994,431.83,1,-1,-1,-1
538,12,1060.49,307.1,393.51,442.6,1,-1,-1,-1
539,12,1064.18,293.83,413.6899999999998,461.13000000000005,1,-1,-1,-1
540,12,1067.88,280.55,433.8599999999999,479.67,1,-1,-1,-1
541,12,1071.58,267.28,454.03,498.20000000000005,1,-1,-1,-1
542,12,1075.27,254.0,474.21000000000004,516.74,1,-1,-1,-1
543,12,1078.96,240.73,494.3899999999999,535.27,1,-1,-1,-1
544,12,1082.66,227.45,514.56,553.81,1,-1,-1,-1
545,12,1086.36,214.18,534.73,572.3399999999999,1,-1,-1,-1
546,12,1090.05,200.9,554.9100000000001,590.88,1,-1,-1,-1
547,12,1093.74,182.95,575.0899999999999,614.0899999999999,1,-1,-1,-1
548,12,1097.44,165.0,595.26,637.3,1,-1,-1,-1
549,12,1103.07,140.75,618.1300000000001,682.2,1,-1,-1,-1
550,12,1108.69,116.5,651.4099999999999,727.1,1,-1,-1,-1
551,12,1114.32,92.25,678.48,772.0,1,-1,-1,-1
552,12,1119.94,68.0,709.46,816.9,1,-1,-1,-1
553,12,1125.57,41.6,743.6300000000001,863.9499999999999,1,-1,-1,-1
554,12,1131.19,11.0,777.01,915.2,1,-1,-1,-1
555,12,1136.82,0.0,783.1800000000001,946.85,1,-1,-1,-1
556,12,1139.7,0.0,780.3,967.5,1,-1,-1,-1
557,12,1146.7,0.0,773.3,988.15,1,-1,-1,-1
558,12,1153.69,0.0,766.31,1008.8,1,-1,-1,-1
559,12,1164.4,0.0,755.5999999999999,1008.8,1,-1,-1,-1
560,12,1174.14,0.0,745.8599999999999,1010.33,1,-1,-1,-1
561,12,1183.89,0.0,736.1099999999999,1011.87,1,-1,-1,-1
562,12,1193.63,0.0,726.3699999999999,1013.4,1,-1,-1,-1
563,12,1203.37,0.0,716.6300000000001,1014.94,1,-1,-1,-1
564,12,1213.11,0.0,706.8900000000001,1016.47,1,-1,-1,-1
565,12,1222.86,0.0,697.1400000000001,1018.01,1,-1,-1,-1
566,12,1232.6,0.0,687.4000000000001,1019.54,1,-1,-1,-1
567,12,1246.25,0.0,673.75,1021.08,1,-1,-1,-1
568,12,1259.89,0.0,660.1099999999999,1022.61,1,-1,-1,-1
569,12,1273.54,0.0,646.46,1024.15,1,-1,-1,-1
570,12,1291.16,0.0,628.8399999999999,1013.13,1,-1,-1,-1
571,12,1308.78,0.0,611.22,1002.12,1,-1,-1,-1
572,12,1326.4,0.0,593.5999999999999,991.1,1,-1,-1,-1
573,12,1351.47,0.0,568.53,995.19,1,-1,-1,-1
574,12,1376.54,0.0,543.46,999.29,1,-1,-1,-1
575,12,1401.6,0.0,518.4000000000001,1003.38,1,-1,-1,-1
576,12,1426.67,0.0,493.3299999999999,1007.47,1,-1,-1,-1
577,12,1457.93,0.0,462.06999999999994,1017.42,1,-1,-1,-1
578,12,1498.65,0.0,421.3499999999999,1024.05,1,-1,-1,-1
579,12,1539.38,0.0,380.6199999999999,1030.68,1,-1,-1,-1
580,12,1580.1,0.0,339.9000000000001,1037.31,1,-1,-1,-1
581,12,1631.0,0.0,289.0,1043.21,1,-1,-1,-1
582,12,1687.4,0.0,232.5999999999999,1049.1,1,-1,-1,-1
583,12,1751.05,86.65,168.95000000000005,969.5200000000001,1,-1,-1,-1
584,12,1814.7,173.3,105.29999999999995,889.94,1,-1,-1,-1
585,12,1881.0,153.66,39.0,163.04,1,-1,-1,-1
754,1,826.71,565.5,71.73000000000002,70.38,1,-1,-1,-1
755,1,826.43,565.62,72.7700000000001,70.82000000000005,1,-1,-1,-1
756,1,826.16,565.74,71.84000000000003,71.25999999999999,1,-1,-1,-1
757,1,825.82,565.75,72.39999999999998,72.00999999999999,1,-1,-1,-1
758,1,825.48,565.77,72.96000000000004,72.75,1,-1,-1,-1
759,1,825.15,565.78,73.50999999999999,73.50999999999999,1,-1,-1,-1
760,1,824.81,565.79,74.07000000000005,74.25999999999999,1,-1,-1,-1
761,1,824.47,565.81,74.63,75.0,1,-1,-1,-1
762,1,824.13,565.82,75.19000000000005,75.75,1,-1,-1,-1
763,1,823.8,565.83,75.74000000000001,76.50999999999999,1,-1,-1,-1
764,1,823.46,565.85,76.29999999999995,77.25,1,-1,-1,-1
765,1,823.12,565.86,76.86000000000001,78.0,1,-1,-1,-1
766,1,821.79,564.55,77.41000000000008,78.75,1,-1,-1,-1
767,1,821.26,564.39,78.21000000000004,79.52999999999997,1,-1,-1,-1
768,1,820.74,564.22,78.99000000000001,80.31999999999994,1,-1,-1,-1
769,1,820.21,564.06,79.78999999999996,81.10000000000002,1,-1,-1,-1
770,1,819.26,563.61,80.58000000000004,81.88,1,-1,-1,-1
771,1,818.3,563.16,81.38,82.67000000000007,1,-1,-1,-1
772,1,817.35,562.71,82.16999999999996,83.44999999999993,1,-1,-1,-1
773,1,816.39,562.27,82.96000000000004,84.23000000000002,1,-1,-1,-1
774,1,815.44,561.82,83.75,85.00999999999999,1,-1,-1,-1
775,1,814.48,561.37,84.54999999999995,85.79999999999995,1,-1,-1,-1
776,1,813.53,560.92,85.34000000000003,86.58000000000004,1,-1,-1,-1
777,1,812.7,560.56,86.13999999999999,86.24000000000001,1,-1,-1,-1
778,1,811.88,560.2,86.91999999999996,85.89999999999998,1,-1,-1,-1
779,1,810.41,559.57,87.92000000000007,86.88999999999999,1,-1,-1,-1
780,1,808.94,558.93,88.91999999999996,87.8900000000001,1,-1,-1,-1
781,1,807.48,558.3,89.90999999999997,88.88,1,-1,-1,-1
782,1,806.01,557.66,90.90999999999997,89.88,1,-1,-1,-1
783,1,804.54,557.03,91.91000000000008,90.87,1,-1,-1,-1
784,1,803.07,556.39,92.90999999999997,91.87,1,-1,-1,-1
784,8,728.21,566.8,67.02999999999997,77.84000000000003,1,-1,-1,-1
785,1,801.6,555.75,93.90999999999997,92.87,1,-1,-1,-1
785,8,724.15,566.0,68.64999999999998,79.29999999999995,1,-1,-1,-1
786,1,800.14,555.12,94.89999999999998,93.86000000000001,1,-1,-1,-1
786,8,719.18,565.01,70.2600000000001,80.57000000000005,1,-1,-1,-1
787,1,798.67,554.49,95.90000000000009,94.85000000000002,1,-1,-1,-1
787,8,714.2,564.03,71.88,81.83000000000004,1,-1,-1,-1
788,1,797.2,553.85,96.89999999999998,95.85000000000002,1,-1,-1,-1
788,8,709.23,563.04,73.49000000000001,83.10000000000002,1,-1,-1,-1
789,1,795.43,553.23,98.32000000000005,95.81999999999994,1,-1,-1,-1
789,8,704.25,562.06,75.11000000000001,84.36000000000001,1,-1,-1,-1
790,1,793.66,552.6,99.74000000000001,95.78999999999996,1,-1,-1,-1
790,8,699.28,561.07,76.72000000000003,85.63,1,-1,-1,-1
791,1,791.89,551.27,100.47000000000003,98.27999999999997,1,-1,-1,-1
791,8,693.69,559.57,79.00999999999999,88.69999999999993,1,-1,-1,-1
792,1,790.12,549.93,101.21000000000004,100.79000000000008,1,-1,-1,-1
792,8,688.09,558.08,81.30999999999995,91.75,1,-1,-1,-1
793,1,788.35,548.6,101.93999999999994,103.27999999999997,1,-1,-1,-1
793,8,682.5,556.58,83.60000000000002,94.81999999999994,1,-1,-1,-1
794,1,786.35,548.28,102.66999999999996,104.31000000000006,1,-1,-1,-1
794,8,676.1,555.89,85.85000000000002,96.96000000000004,1,-1,-1,-1
795,1,784.35,547.96,103.39999999999998,105.32999999999993,1,-1,-1,-1
795,8,669.7,555.21,88.09999999999991,99.08999999999992,1,-1,-1,-1
796,1,782.73,548.4,104.13999999999999,106.36000000000001,1,-1,-1,-1
796,8,661.74,554.79,91.66999999999996,102.37,1,-1,-1,-1
797,1,781.12,548.85,104.86000000000001,107.38,1,-1,-1,-1
797,8,653.77,554.37,95.25,105.64999999999998,1,-1,-1,-1
798,1,779.5,549.29,105.60000000000002,108.41000000000008,1,-1,-1,-1
798,8,645.81,553.94,98.82000000000005,108.93999999999994,1,-1,-1,-1
799,1,777.16,551.75,107.08000000000004,109.62,1,-1,-1,-1
799,8,637.84,553.52,102.39999999999998,112.22000000000003,1,-1,-1,-1
800,1,774.82,551.4,108.55999999999995,110.81000000000006,1,-1,-1,-1
800,8,629.88,553.1,105.97000000000003,115.5,1,-1,-1,-1
801,1,772.48,551.05,110.03999999999996,112.00999999999999,1,-1,-1,-1
801,8,620.63,552.02,109.27999999999997,118.39999999999998,1,-1,-1,-1
802,1,770.13,550.69,111.52999999999997,113.20999999999992,1,-1,-1,-1
802,8,611.38,550.95,112.60000000000002,121.29999999999995,1,-1,-1,-1
803,1,767.79,550.34,113.00999999999999,114.40999999999997,1,-1,-1,-1
803,8,602.13,549.88,115.90999999999997,124.20000000000005,1,-1,-1,-1
804,1,765.45,549.99,114.49000000000001,115.60000000000002,1,-1,-1,-1
804,8,592.88,548.8,119.22000000000003,127.10000000000002,1,-1,-1,-1
805,1,763.11,548.24,115.97000000000003,116.79999999999995,1,-1,-1,-1
805,8,580.88,546.3,125.91999999999996,130.70000000000005,1,-1,-1,-1
806,1,760.77,546.5,117.45000000000005,118.0,1,-1,-1,-1
806,8,568.76,543.5,130.58000000000004,134.74,1,-1,-1,-1
807,1,758.43,544.75,118.93000000000006,119.20000000000005,1,-1,-1,-1
807,8,556.64,540.71,135.24,138.76999999999998,1,-1,-1,-1
808,1,756.09,543.0,120.40999999999997,120.39999999999998,1,-1,-1,-1
808,8,544.53,537.91,139.89,142.81000000000006,1,-1,-1,-1
809,1,752.96,542.13,122.64999999999998,122.34000000000003,1,-1,-1,-1
809,8,532.41,535.12,144.55000000000007,146.84000000000003,1,-1,-1,-1
810,1,749.84,541.26,124.88999999999999,124.27999999999997,1,-1,-1,-1
810,8,520.29,532.32,149.21000000000004,150.88,1,-1,-1,-1
811,1,746.71,540.39,127.13,126.22000000000003,1,-1,-1,-1
811,8,497.42,528.39,160.21999999999997,159.25,1,-1,-1,-1
812,1,743.59,539.51,129.37,128.16999999999996,1,-1,-1,-1
812,8,474.55,524.46,171.22999999999996,167.62,1,-1,-1,-1
813,1,740.46,538.64,131.61,130.11,1,-1,-1,-1
813,8,451.68,520.52,182.23999999999995,176.0,1,-1,-1,-1
814,1,737.34,537.77,133.85000000000002,132.05000000000007,1,-1,-1,-1
814,8,428.81,516.59,193.24999999999994,184.37,1,-1,-1,-1
815,1,734.21,536.9,136.08999999999992,133.99,1,-1,-1,-1
815,8,405.94,512.66,204.26000000000005,192.74,1,-1,-1,-1
816,1,731.09,536.74,136.33999999999992,135.22000000000003,1,-1,-1,-1
816,8,383.08,508.73,215.26000000000005,201.11,1,-1,-1,-1
817,1,727.96,536.58,136.61,136.44999999999993,1,-1,-1,-1
817,8,360.21,504.8,226.27000000000004,209.47999999999996,1,-1,-1,-1
818,1,724.84,536.42,136.86,137.68000000000006,1,-1,-1,-1
818,8,337.34,500.86,237.28000000000003,217.86,1,-1,-1,-1
819,1,720.56,535.59,139.58000000000004,140.36,1,-1,-1,-1
819,8,314.47,496.93,248.28999999999996,226.22999999999996,1,-1,-1,-1
820,1,716.28,534.76,142.30000000000007,143.03999999999996,1,-1,-1,-1
820,8,291.6,493.0,259.29999999999995,234.60000000000002,1,-1,-1,-1
821,1,712.0,533.93,145.01999999999998,144.0,1,-1,-1,-1
821,8,259.46,486.9,275.59999999999997,246.10000000000002,1,-1,-1,-1
822,1,707.73,533.1,147.73000000000002,144.95999999999992,1,-1,-1,-1
822,8,221.6,480.8,291.9,255.7,1,-1,-1,-1
823,1,703.24,531.67,150.65999999999997,147.38,1,-1,-1,-1
823,8,181.75,472.8,311.9,272.59999999999997,1,-1,-1,-1
824,1,698.75,530.23,153.59000000000003,149.80999999999995,1,-1,-1,-1
824,8,141.89,464.8,331.91,289.49999999999994,1,-1,-1,-1
825,1,694.26,528.8,156.51999999999998,152.23000000000002,1,-1,-1,-1
825,8,89.28,452.72,357.52,311.3299999999999,1,-1,-1,-1
826,1,689.78,527.37,159.44000000000005,154.64999999999998,1,-1,-1,-1
826,8,36.67,440.64,383.13,333.15999999999997,1,-1,-1,-1
827,1,685.29,525.93,162.37,157.08000000000004,1,-1,-1,-1
827,8,0.0,427.85,390.5,350.65,1,-1,-1,-1
828,1,680.8,524.5,165.30000000000007,159.5,1,-1,-1,-1
828,8,0.0,413.64,357.3,383.36,1,-1,-1,-1
829,1,674.94,522.91,169.18999999999994,162.73000000000002,1,-1,-1,-1
829,8,0.0,399.43,319.4,407.46999999999997,1,-1,-1,-1
830,1,669.08,521.32,173.07999999999993,165.95999999999992,1,-1,-1,-1
830,8,0.0,399.6,282.2,412.51,1,-1,-1,-1
831,1,663.21,519.73,176.98000000000002,169.18999999999994,1,-1,-1,-1
831,8,0.0,406.85,236.9,410.47,1,-1,-1,-1
832,1,657.35,518.14,180.87,172.41999999999996,1,-1,-1,-1
832,8,0.0,414.1,188.8,408.42999999999995,1,-1,-1,-1
833,1,651.49,516.56,184.76,175.6400000000001,1,-1,-1,-1
833,8,0.0,523.6,132.54,298.92999999999995,1,-1,-1,-1
834,1,645.63,514.97,188.64999999999998,178.87,1,-1,-1,-1
834,8,0.0,628.95,74.0,188.39999999999998,1,-1,-1,-1
835,1,639.76,513.38,192.54999999999995,182.10000000000002,1,-1,-1,-1
836,1,633.9,511.79,196.44000000000005,185.32999999999998,1,-1,-1,-1
837,1,628.04,510.2,200.33000000000004,188.56,1,-1,-1,-1
838,1,622.04,506.0,204.36,194.39999999999998,1,-1,-1,-1
839,1,612.99,504.57,211.26999999999998,197.96999999999997,1,-1,-1,-1
840,1,603.95,503.13,218.16999999999996,201.54999999999995,1,-1,-1,-1
841,1,594.9,501.7,225.08000000000004,205.12000000000006,1,-1,-1,-1
842,1,585.85,498.09,231.99,210.87000000000006,1,-1,-1,-1
843,1,576.81,494.47,238.8900000000001,216.63,1,-1,-1,-1
844,1,567.76,490.86,245.79999999999995,222.38,1,-1,-1,-1
845,1,558.72,487.24,252.69999999999993,228.14,1,-1,-1,-1
846,1,549.67,483.63,259.61,233.89,1,-1,-1,-1
847,1,540.63,480.01,266.51,239.64999999999998,1,-1,-1,-1
848,1,531.58,476.4,273.41999999999996,245.39999999999998,1,-1,-1,-1
849,1,517.7,471.14,283.75,254.64,1,-1,-1,-1
850,1,504.45,468.16,293.45,261.59999999999997,1,-1,-1,-1
851,1,491.2,465.18,303.15000000000003,268.56,1,-1,-1,-1
852,1,470.22,462.2,320.5799999999999,275.52000000000004,1,-1,-1,-1
853,1,454.53,456.93,333.13,284.91,1,-1,-1,-1
854,1,438.84,451.67,345.68,294.28000000000003,1,-1,-1,-1
855,1,423.15,446.4,358.23,303.6700000000001,1,-1,-1,-1
856,1,407.46,438.64,370.78000000000003,315.55000000000007,1,-1,-1,-1
857,1,391.77,430.89,383.33000000000004,327.41999999999996,1,-1,-1,-1
858,1,375.26,423.8,394.24,337.8,1,-1,-1,-1
859,1,350.5,414.54,414.88,356.84,1,-1,-1,-1
860,1,325.74,405.28,435.51,375.88,1,-1,-1,-1
861,1,300.97,396.02,456.15,394.9200000000001,1,-1,-1,-1
862,1,276.21,386.76,476.79,413.96000000000004,1,-1,-1,-1
863,1,249.1,374.54,498.12,426.74999999999994,1,-1,-1,-1
864,1,218.6,362.32,522.8299999999999,439.54,1,-1,-1,-1
865,1,188.1,350.1,547.55,452.3299999999999,1,-1,-1,-1
866,1,151.5,333.93,578.37,477.61999999999995,1,-1,-1,-1
867,1,114.9,317.76,609.1800000000001,502.91999999999996,1,-1,-1,-1
868,1,78.3,301.59,640.0,528.21,1,-1,-1,-1
869,1,39.15,283.12,671.35,561.58,1,-1,-1,-1
870,1,0.0,264.64,702.7,594.96,1,-1,-1,-1
871,1,0.0,243.3,692.0,618.7,1,-1,-1,-1
872,1,0.0,216.05,684.3,664.3,1,-1,-1,-1
873,1,0.0,188.8,676.6,709.9000000000001,1,-1,-1,-1
874,1,0.0,156.25,665.35,742.45,1,-1,-1,-1
875,1,0.0,123.7,654.1,775.0,1,-1,-1,-1
876,1,0.0,109.49,642.85,818.81,1,-1,-1,-1
877,1,0.0,95.28,631.6,862.62,1,-1,-1,-1
878,1,0.0,95.28,616.6,862.62,1,-1,-1,-1
879,1,0.0,95.28,601.6,862.62,1,-1,-1,-1
880,1,0.0,95.28,586.6,862.62,1,-1,-1,-1
881,1,0.0,103.55,568.83,854.35,1,-1,-1,-1
882,1,0.0,111.83,551.07,846.0699999999999,1,-1,-1,-1
883,1,0.0,120.1,533.3,837.8,1,-1,-1,-1
884,1,0.0,124.43,508.03,833.47,1,-1,-1,-1
885,1,0.0,128.77,482.77,829.13,1,-1,-1,-1
886,1,0.0,133.1,457.5,824.8,1,-1,-1,-1
887,1,0.0,137.03,422.77,820.87,1,-1,-1,-1
888,1,0.0,140.97,388.03,816.93,1,-1,-1,-1
889,1,0.0,144.9,353.3,813.0,1,-1,-1,-1
890,1,0.0,144.9,305.95,813.0,1,-1,-1,-1
891,1,0.0,144.9,258.6,813.0,1,-1,-1,-1
892,1,0.0,144.9,201.75,813.0,1,-1,-1,-1
893,1,0.0,144.9,144.9,813.0,1,-1,-1,-1
894,1,0.0,166.2,78.6,791.7,1,-1,-1,-1
1536,4,724.15,567.33,71.55000000000007,70.28999999999996,1,-1,-1,-1
1537,4,721.17,566.69,72.43000000000006,71.16999999999996,1,-1,-1,-1
1538,4,718.2,566.06,73.29999999999995,72.04000000000008,1,-1,-1,-1
1539,4,715.22,565.43,74.17999999999995,72.91000000000008,1,-1,-1,-1
1540,4,712.25,564.79,75.04999999999995,73.79000000000008,1,-1,-1,-1
1541,4,709.27,564.16,75.93000000000006,74.66000000000008,1,-1,-1,-1
1542,4,706.3,563.52,76.80000000000007,75.53999999999996,1,-1,-1,-1
1543,4,703.32,562.89,77.67999999999995,76.40999999999997,1,-1,-1,-1
1544,4,699.44,562.52,80.41999999999996,77.84000000000003,1,-1,-1,-1
1544,6,542.92,605.63,88.08000000000004,58.26999999999998,1,-1,-1,-1
1545,4,695.56,562.15,83.16000000000008,79.26999999999998,1,-1,-1,-1
1545,6,532.13,605.61,90.92999999999995,59.77999999999997,1,-1,-1,-1
1546,4,691.67,561.79,85.91000000000008,80.69000000000005,1,-1,-1,-1
1546,6,521.34,605.59,93.76999999999998,61.27999999999997,1,-1,-1,-1
1547,4,687.79,561.42,88.65000000000009,82.12,1,-1,-1,-1
1547,6,510.55,605.57,96.61999999999995,62.789999999999964,1,-1,-1,-1
1548,4,683.91,561.05,91.38999999999999,83.55000000000007,1,-1,-1,-1
1548,6,499.76,605.54,99.47000000000003,64.30000000000007,1,-1,-1,-1
1549,4,680.03,560.05,93.33000000000004,84.97000000000003,1,-1,-1,-1
1549,6,488.97,605.52,102.31999999999994,65.81000000000006,1,-1,-1,-1
1550,4,676.14,559.05,95.27999999999997,86.3900000000001,1,-1,-1,-1
1550,6,478.18,605.5,105.16000000000003,67.30999999999995,1,-1,-1,-1
1551,4,672.26,558.04,97.22000000000003,87.82000000000005,1,-1,-1,-1
1551,5,563.26,605.05,86.60000000000002,59.73000000000002,1,-1,-1,-1
1551,6,467.39,605.48,108.00999999999999,68.81999999999994,1,-1,-1,-1
1552,4,668.37,557.04,99.16999999999996,89.24000000000001,1,-1,-1,-1
1552,5,554.88,604.75,88.54999999999995,60.99000000000001,1,-1,-1,-1
1552,6,453.54,606.07,112.41000000000003,71.57999999999993,1,-1,-1,-1
1553,4,664.49,556.04,101.11000000000001,90.66000000000008,1,-1,-1,-1
1553,5,546.51,604.46,90.49000000000001,62.24000000000001,1,-1,-1,-1
1553,6,439.69,606.66,116.81,74.34000000000003,1,-1,-1,-1
1554,4,660.41,555.38,101.24000000000001,92.72000000000003,1,-1,-1,-1
1554,5,535.57,604.05,94.58999999999992,64.13,1,-1,-1,-1
1554,6,424.77,605.54,120.48000000000002,75.81000000000006,1,-1,-1,-1
1555,4,656.33,554.71,101.37,94.78999999999996,1,-1,-1,-1
1555,5,524.62,603.63,98.70000000000005,66.02999999999997,1,-1,-1,-1
1555,6,409.85,604.43,124.14999999999998,77.2700000000001,1,-1,-1,-1
1556,4,651.73,553.2,104.14999999999998,96.27999999999997,1,-1,-1,-1
1556,5,513.48,603.22,102.39999999999998,67.64999999999998,1,-1,-1,-1
1556,6,391.86,603.37,129.01999999999998,80.54999999999995,1,-1,-1,-1
1557,4,647.13,551.68,106.92999999999995,97.78000000000009,1,-1,-1,-1
1557,5,502.34,602.81,106.08999999999997,69.2700000000001,1,-1,-1,-1
1557,6,373.86,602.31,133.89999999999998,83.83000000000004,1,-1,-1,-1
1558,4,642.53,550.17,109.71000000000004,99.2700000000001,1,-1,-1,-1
1558,5,491.2,602.4,109.79000000000002,70.88,1,-1,-1,-1
1558,6,355.87,601.26,138.76999999999998,87.10000000000002,1,-1,-1,-1
1559,4,637.93,548.65,112.49000000000001,100.76999999999998,1,-1,-1,-1
1559,5,480.06,601.99,113.47999999999996,72.5,1,-1,-1,-1
1559,6,337.87,600.2,143.64999999999998,90.38,1,-1,-1,-1
1560,4,633.33,547.14,115.26999999999998,102.25999999999999,1,-1,-1,-1
1560,5,468.92,601.58,117.18,74.12,1,-1,-1,-1
1560,6,319.88,599.14,148.51999999999998,93.65999999999997,1,-1,-1,-1
1561,4,627.27,545.99,117.65999999999997,105.24000000000001,1,-1,-1,-1
1561,5,454.49,601.17,121.98000000000002,76.46000000000004,1,-1,-1,-1
1561,6,296.77,596.99,153.03000000000003,98.74000000000001,1,-1,-1,-1
1562,4,621.21,544.85,120.05999999999995,108.22000000000003,1,-1,-1,-1
1562,5,440.05,600.75,126.78000000000003,78.82000000000005,1,-1,-1,-1
1562,6,273.65,594.83,157.55,103.83999999999992,1,-1,-1,-1
1563,4,615.15,543.7,122.45000000000005,111.19999999999993,1,-1,-1,-1
1563,5,425.62,600.34,131.58000000000004,81.15999999999997,1,-1,-1,-1
1563,6,250.54,592.68,162.06000000000003,108.92000000000007,1,-1,-1,-1
1564,4,608.61,543.67,125.09000000000003,109.13,1,-1,-1,-1
1564,5,409.05,599.94,135.24999999999994,83.25999999999999,1,-1,-1,-1
1564,6,225.8,595.8,171.2,108.70000000000005,1,-1,-1,-1
1565,4,602.34,543.0,128.24,112.01999999999998,1,-1,-1,-1
1565,5,390.29,600.11,141.97999999999996,86.06999999999994,1,-1,-1,-1
1565,6,194.73,595.4,179.07000000000002,114.37,1,-1,-1,-1
1566,4,596.07,542.32,131.38,114.92999999999995,1,-1,-1,-1
1566,5,371.53,600.27,148.72000000000003,88.88,1,-1,-1,-1
1566,6,163.66,595.0,186.94000000000003,120.04999999999995,1,-1,-1,-1
1567,4,589.79,541.64,134.54000000000008,117.84000000000003,1,-1,-1,-1
1567,5,352.78,600.44,155.44000000000005,91.67999999999995,1,-1,-1,-1
1567,6,132.58,594.61,194.81999999999996,125.72000000000003,1,-1,-1,-1
1568,4,583.52,540.97,137.68000000000006,120.73000000000002,1,-1,-1,-1
1568,5,334.02,600.6,162.18,94.5,1,-1,-1,-1
1568,6,101.51,594.21,202.69,131.39,1,-1,-1,-1
1569,4,575.58,538.63,142.8499999999999,123.60000000000002,1,-1,-1,-1
1569,5,312.05,599.43,169.68,97.96000000000004,1,-1,-1,-1
1569,6,67.67,591.97,206.89999999999998,135.47000000000003,1,-1,-1,-1
1570,4,567.64,536.29,148.02999999999997,126.48000000000002,1,-1,-1,-1
1570,5,290.09,598.27,177.18,101.42000000000007,1,-1,-1,-1
1570,6,33.84,589.74,211.09,139.53999999999996,1,-1,-1,-1
1571,4,559.7,533.95,153.19999999999993,129.3499999999999,1,-1,-1,-1
1571,5,268.12,597.1,184.68,104.88,1,-1,-1,-1
1571,6,0.0,587.5,215.3,143.62,1,-1,-1,-1
1572,4,552.48,530.95,155.26999999999998,131.5999999999999,1,-1,-1,-1
1572,5,243.13,594.46,190.82,110.07999999999993,1,-1,-1,-1
1572,6,0.0,585.12,182.5,149.68999999999994,1,-1,-1,-1
1573,4,545.25,527.94,157.35000000000002,133.8599999999999,1,-1,-1,-1
1573,5,218.15,591.82,196.95000000000002,115.27999999999997,1,-1,-1,-1
1573,6,0.0,582.73,149.7,155.76999999999998,1,-1,-1,-1
1574,4,534.55,525.47,167.25,132.23000000000002,1,-1,-1,-1
1574,5,185.26,590.17,210.94,121.03000000000009,1,-1,-1,-1
1574,6,0.0,584.0,112.87,152.45000000000005,1,-1,-1,-1
1575,4,527.02,522.05,167.88,134.95000000000005,1,-1,-1,-1
1575,5,153.88,588.13,221.92000000000002,127.16999999999996,1,-1,-1,-1
1575,6,0.0,585.71,70.24,152.44999999999993,1,-1,-1,-1
1576,4,516.16,516.12,176.74,139.88,1,-1,-1,-1
1576,5,124.27,585.17,227.83000000000004,131.13,1,-1,-1,-1
1577,4,507.11,512.83,183.28999999999996,143.16999999999996,1,-1,-1,-1
1577,5,88.09,581.88,242.21,137.72000000000003,1,-1,-1,-1
1578,4,493.41,510.32,190.82,147.75000000000006,1,-1,-1,-1
1578,5,51.3,581.88,253.64999999999998,144.54999999999995,1,-1,-1,-1
1579,4,479.7,507.81,198.37000000000006,152.32,1,-1,-1,-1
1579,5,14.5,581.88,265.1,151.39,1,-1,-1,-1
1580,4,466.0,505.3,205.89999999999998,156.90000000000003,1,-1,-1,-1
1580,5,0.0,581.88,251.0,158.22000000000003,1,-1,-1,-1
1581,4,453.78,503.87,212.32000000000005,161.26,1,-1,-1,-1
1581,5,0.0,580.56,215.24,159.87,1,-1,-1,-1
1582,4,441.57,502.44,218.72999999999996,165.63000000000005,1,-1,-1,-1
1582,5,0.0,579.25,179.48,161.51999999999998,1,-1,-1,-1
1583,4,429.35,501.01,225.14999999999998,169.99,1,-1,-1,-1
1583,5,0.0,577.93,143.72,163.17000000000007,1,-1,-1,-1
1584,4,413.31,498.54,233.79000000000002,175.35999999999996,1,-1,-1,-1
1584,5,0.0,598.87,100.75,157.38,1,-1,-1,-1
1585,4,397.28,496.08,242.42000000000007,180.71999999999997,1,-1,-1,-1
1585,5,0.0,619.8,57.77,151.60000000000002,1,-1,-1,-1
1586,4,379.46,492.65,254.04000000000002,188.95000000000005,1,-1,-1,-1
1587,4,359.32,488.04,264.44,196.79000000000002,1,-1,-1,-1
1588,4,339.18,483.43,274.83,204.61999999999995,1,-1,-1,-1
1589,4,319.04,478.82,285.22999999999996,212.45,1,-1,-1,-1
1590,4,298.9,474.21,295.63,220.29000000000002,1,-1,-1,-1
1591,4,276.4,467.39,307.01,230.08000000000004,1,-1,-1,-1
1592,4,251.1,461.9,326.5,238.52999999999997,1,-1,-1,-1
1593,4,225.34,454.75,341.79999999999995,248.64999999999998,1,-1,-1,-1
1594,4,196.93,447.6,357.09999999999997,258.77,1,-1,-1,-1
1595,4,168.51,440.46,372.4,268.87000000000006,1,-1,-1,-1
1596,4,140.1,433.31,387.69999999999993,278.98999999999995,1,-1,-1,-1
1597,4,103.03,424.27,407.08000000000004,290.99,1,-1,-1,-1
1598,4,65.97,415.24,426.46000000000004,302.97,1,-1,-1,-1
1599,4,28.9,406.2,445.84000000000003,314.96999999999997,1,-1,-1,-1
1600,4,0.0,393.36,457.06,330.77,1,-1,-1,-1
1601,4,0.0,383.38,439.37,343.71000000000004,1,-1,-1,-1
1602,4,0.0,373.39,421.69,356.65,1,-1,-1,-1
1603,4,0.0,363.4,404.0,369.6,1,-1,-1,-1
1604,4,0.0,358.28,377.37,376.89,1,-1,-1,-1
1605,4,0.0,353.17,350.73,384.16,1,-1,-1,-1
1606,4,0.0,348.05,324.1,391.45,1,-1,-1,-1
1607,4,0.0,341.5,289.52,403.21000000000004,1,-1,-1,-1
1608,4,0.0,339.0,254.94,410.91999999999996,1,-1,-1,-1
1609,4,0.0,359.4,220.36,395.73,1,-1,-1,-1
1610,4,0.0,370.07,177.73,387.03000000000003,1,-1,-1,-1
1611,4,0.0,380.73,135.1,378.35,1,-1,-1,-1
1612,4,0.0,391.4,92.47,369.65,1,-1,-1,-1
1613,4,0.0,386.66,47.47,369.66,1,-1,-1,-1
