398,14,742.79,565.98,69.31000000000006,72.34000000000003,1,-1,-1,-1
399,14,739.54,565.86,70.86000000000001,73.22000000000003,1,-1,-1,-1
400,14,736.29,565.73,72.41000000000008,74.11000000000001,1,-1,-1,-1
401,14,733.04,565.61,73.96000000000004,74.99000000000001,1,-1,-1,-1
402,14,729.07,564.12,76.40999999999997,76.95000000000005,1,-1,-1,-1
403,14,725.1,562.63,78.86000000000001,78.89999999999998,1,-1,-1,-1
404,14,721.12,561.14,81.32000000000005,80.86000000000001,1,-1,-1,-1
405,14,717.15,559.65,83.76999999999998,82.81000000000006,1,-1,-1,-1
406,14,713.18,558.16,86.22000000000003,84.76999999999998,1,-1,-1,-1
407,14,706.22,556.98,90.43999999999994,86.72000000000003,1,-1,-1,-1
408,14,699.26,555.8,94.65999999999997,88.68000000000006,1,-1,-1,-1
409,14,692.29,554.62,98.88999999999999,90.63,1,-1,-1,-1
410,14,685.33,553.44,103.11000000000001,92.58999999999992,1,-1,-1,-1
411,14,678.37,552.26,107.33000000000004,94.53999999999996,1,-1,-1,-1
412,14,673.76,551.1,107.41999999999996,96.88,1,-1,-1,-1
413,14,669.15,549.93,107.50999999999999,99.23000000000002,1,-1,-1,-1
414,14,664.53,548.77,107.61000000000001,101.57000000000005,1,-1,-1,-1
415,14,659.92,547.6,107.70000000000005,103.91999999999996,1,-1,-1,-1
416,14,655.31,546.44,107.79000000000008,106.25999999999999,1,-1,-1,-1
417,14,648.74,544.57,111.16999999999996,109.63,1,-1,-1,-1
418,0,780.07,601.71,72.89999999999998,69.15999999999997,1,-1,-1,-1
418,14,642.17,542.71,114.55000000000007,112.99000000000001,1,-1,-1,-1
419,0,777.14,601.85,74.07000000000005,70.04999999999995,1,-1,-1,-1
419,14,635.6,540.84,117.92999999999995,116.36000000000001,1,-1,-1,-1
420,0,774.47,600.95,75.24000000000001,71.44999999999993,1,-1,-1,-1
420,14,628.25,538.98,121.32000000000005,119.72000000000003,1,-1,-1,-1
421,0,771.8,600.06,76.40000000000009,72.84000000000003,1,-1,-1,-1
421,14,620.91,537.11,124.69000000000005,123.09000000000003,1,-1,-1,-1
422,0,768.46,599.54,77.99000000000001,74.28000000000009,1,-1,-1,-1
422,14,611.54,534.9,129.44000000000005,126.75999999999999,1,-1,-1,-1
423,0,765.12,599.03,79.58000000000004,75.71000000000004,1,-1,-1,-1
423,14,602.17,532.69,134.19000000000005,130.42999999999995,1,-1,-1,-1
424,0,761.78,598.51,81.18000000000006,77.15999999999997,1,-1,-1,-1
424,14,592.8,530.47,138.94000000000005,134.11,1,-1,-1,-1
425,0,758.44,598.0,82.76999999999998,78.59000000000003,1,-1,-1,-1
425,14,583.43,528.26,143.69000000000005,137.77999999999997,1,-1,-1,-1
426,0,755.1,597.48,84.36000000000001,80.02999999999997,1,-1,-1,-1
426,14,574.06,526.05,148.44000000000005,141.45000000000005,1,-1,-1,-1
427,0,751.09,597.52,85.95999999999992,81.47000000000003,1,-1,-1,-1
427,14,563.21,523.1,153.49,146.14,1,-1,-1,-1
428,0,747.09,597.55,87.54999999999995,82.92000000000007,1,-1,-1,-1
428,14,552.35,520.14,158.54999999999995,150.84000000000003,1,-1,-1,-1
429,0,743.08,597.59,89.13999999999999,84.35000000000002,1,-1,-1,-1
429,14,541.5,517.19,163.60000000000002,155.52999999999997,1,-1,-1,-1
430,0,739.08,597.62,90.7299999999999,85.79999999999995,1,-1,-1,-1
430,14,530.64,514.23,168.65999999999997,160.23000000000002,1,-1,-1,-1
431,0,735.07,597.66,92.32999999999993,87.24000000000001,1,-1,-1,-1
431,14,519.79,511.28,173.71000000000004,164.92000000000007,1,-1,-1,-1
432,0,730.04,598.22,94.88,88.88,1,-1,-1,-1
432,14,503.51,508.37,183.31000000000006,171.07000000000005,1,-1,-1,-1
433,0,725.01,598.78,97.43000000000006,90.51999999999998,1,-1,-1,-1
433,14,487.23,505.46,192.90999999999997,177.21999999999997,1,-1,-1,-1
433,16,666.6,556.34,57.45999999999992,94.17999999999995,1,-1,-1,-1
434,0,719.98,599.34,99.98000000000002,92.15999999999997,1,-1,-1,-1
434,14,470.95,502.55,202.51000000000005,183.36999999999995,1,-1,-1,-1
434,16,658.72,555.64,61.01999999999998,96.94000000000005,1,-1,-1,-1
435,0,714.95,599.9,102.52999999999997,93.80000000000007,1,-1,-1,-1
435,14,454.67,499.64,212.10999999999996,189.51999999999998,1,-1,-1,-1
435,16,650.83,554.95,64.58999999999992,99.69999999999993,1,-1,-1,-1
436,0,709.92,600.46,105.08000000000004,95.43999999999994,1,-1,-1,-1
436,14,438.39,496.73,221.71000000000004,195.66999999999996,1,-1,-1,-1
436,16,642.95,554.25,68.14999999999998,102.46000000000004,1,-1,-1,-1
437,0,704.12,601.28,108.13,98.34000000000003,1,-1,-1,-1
437,14,415.69,491.51,235.95,204.11,1,-1,-1,-1
437,15,687.98,573.37,64.84000000000003,77.84000000000003,1,-1,-1,-1
437,16,635.06,553.55,71.72000000000003,105.22000000000003,1,-1,-1,-1
438,0,698.31,602.1,111.18000000000006,101.24000000000001,1,-1,-1,-1
438,14,393.0,486.29,250.17999999999995,212.55,1,-1,-1,-1
438,15,684.02,573.82,67.01999999999998,79.75999999999999,1,-1,-1,-1
438,16,627.18,552.85,75.28000000000009,107.98000000000002,1,-1,-1,-1
439,0,692.2,601.69,114.2299999999999,104.13999999999999,1,-1,-1,-1
439,14,370.3,481.08,264.42,220.97999999999996,1,-1,-1,-1
439,15,680.05,573.21,69.21000000000004,81.67999999999995,1,-1,-1,-1
439,16,619.3,550.92,78.84000000000003,110.73000000000002,1,-1,-1,-1
440,0,686.09,601.27,117.26999999999998,107.03999999999996,1,-1,-1,-1
440,14,347.61,475.86,278.65,229.41999999999996,1,-1,-1,-1
440,15,676.09,572.6,71.38999999999999,83.59000000000003,1,-1,-1,-1
440,16,611.41,548.98,82.41000000000008,113.5,1,-1,-1,-1
441,0,679.98,600.86,120.31999999999994,109.93999999999994,1,-1,-1,-1
441,14,324.91,470.64,292.88999999999993,237.86,1,-1,-1,-1
441,15,672.12,571.99,73.58000000000004,85.50999999999999,1,-1,-1,-1
441,16,603.53,547.05,85.97000000000003,116.25,1,-1,-1,-1
442,0,672.99,599.98,123.97000000000003,112.72000000000003,1,-1,-1,-1
442,14,291.49,461.22,312.73,250.88,1,-1,-1,-1
442,15,669.42,571.23,75.34000000000003,85.99000000000001,1,-1,-1,-1
442,16,587.6,543.94,96.23000000000002,120.57999999999993,1,-1,-1,-1
443,0,666.01,599.1,127.61000000000001,115.5,1,-1,-1,-1
443,14,258.08,451.8,332.56,263.90000000000003,1,-1,-1,-1
443,15,666.72,570.47,77.11000000000001,86.47000000000003,1,-1,-1,-1
443,16,571.67,540.83,106.49000000000001,124.90999999999997,1,-1,-1,-1
444,0,659.02,598.23,131.26,118.26999999999998,1,-1,-1,-1
444,14,224.66,442.37,352.4,276.92999999999995,1,-1,-1,-1
444,15,664.01,569.72,78.88,86.92999999999995,1,-1,-1,-1
444,16,555.74,537.72,116.75,129.23000000000002,1,-1,-1,-1
445,0,652.04,597.35,134.9000000000001,121.04999999999995,1,-1,-1,-1
445,14,191.25,432.95,372.23,289.95,1,-1,-1,-1
445,15,661.31,568.96,80.65000000000009,87.40999999999997,1,-1,-1,-1
445,16,539.81,534.61,127.0100000000001,133.55999999999995,1,-1,-1,-1
446,0,645.05,596.47,138.55000000000007,123.82999999999993,1,-1,-1,-1
446,14,157.83,423.53,392.06999999999994,302.97,1,-1,-1,-1
446,15,658.61,568.2,82.40999999999997,87.88999999999999,1,-1,-1,-1
446,16,523.88,531.5,137.26999999999998,137.89,1,-1,-1,-1
447,0,635.67,594.39,143.93000000000006,127.13,1,-1,-1,-1
447,14,120.7,407.83,412.3,321.53000000000003,1,-1,-1,-1
447,15,655.54,565.96,84.18000000000006,88.37,1,-1,-1,-1
447,16,507.95,526.91,147.53000000000003,142.22000000000003,1,-1,-1,-1
448,0,626.29,592.32,149.31000000000006,130.41999999999996,1,-1,-1,-1
448,14,70.6,392.13,445.5,340.09000000000003,1,-1,-1,-1
448,15,652.47,563.73,85.93999999999994,88.84000000000003,1,-1,-1,-1
448,16,492.02,522.32,157.78999999999996,146.54999999999995,1,-1,-1,-1
449,0,616.9,590.24,154.70000000000005,133.72000000000003,1,-1,-1,-1
449,14,23.8,376.43,475.4,358.65000000000003,1,-1,-1,-1
449,15,649.4,561.49,87.71000000000004,89.33000000000004,1,-1,-1,-1
449,16,476.1,517.74,168.03999999999996,150.88,1,-1,-1,-1
450,0,607.52,588.17,160.08000000000004,137.01,1,-1,-1,-1
450,14,0.0,360.72,482.3,377.22,1,-1,-1,-1
450,15,646.33,559.26,89.46999999999991,89.79999999999995,1,-1,-1,-1
450,16,460.17,513.15,178.3,155.21000000000004,1,-1,-1,-1
451,0,598.14,586.09,165.46000000000004,140.30999999999995,1,-1,-1,-1
451,14,0.0,345.02,465.4,395.78,1,-1,-1,-1
451,15,643.26,557.02,91.24000000000001,90.27999999999997,1,-1,-1,-1
451,16,444.24,508.56,188.55999999999995,159.54000000000002,1,-1,-1,-1
452,0,585.63,586.25,172.66999999999996,146.01,1,-1,-1,-1
452,14,0.0,336.1,438.44,434.9,1,-1,-1,-1
452,15,639.15,556.96,93.36000000000001,91.04999999999995,1,-1,-1,-1
452,16,419.3,505.98,205.74999999999994,165.77999999999997,1,-1,-1,-1
453,0,573.11,586.41,179.89,151.71000000000004,1,-1,-1,-1
453,14,0.0,344.05,411.48,425.21999999999997,1,-1,-1,-1
453,15,635.05,556.89,95.47000000000003,91.83000000000004,1,-1,-1,-1
453,16,394.36,503.4,222.94999999999993,172.01999999999998,1,-1,-1,-1
454,0,560.6,586.56,187.10000000000002,157.42000000000007,1,-1,-1,-1
454,14,0.0,352.0,384.52,415.54999999999995,1,-1,-1,-1
454,15,630.95,556.83,97.57999999999993,92.59999999999991,1,-1,-1,-1
454,16,369.42,500.81,240.13999999999993,178.27000000000004,1,-1,-1,-1
455,0,548.08,586.72,194.31999999999994,163.12,1,-1,-1,-1
455,14,0.0,356.7,357.56,409.13000000000005,1,-1,-1,-1
455,15,626.84,556.76,99.69999999999993,93.38,1,-1,-1,-1
455,16,344.48,498.23,257.34000000000003,184.51,1,-1,-1,-1
456,0,535.57,586.88,201.52999999999997,168.82000000000005,1,-1,-1,-1
456,14,0.0,359.1,330.6,405.0,1,-1,-1,-1
456,15,622.74,556.7,101.80999999999995,94.14999999999998,1,-1,-1,-1
456,16,319.54,495.65,274.53000000000003,190.75,1,-1,-1,-1
457,0,516.35,586.72,213.04999999999995,176.91999999999996,1,-1,-1,-1
457,14,0.0,351.5,286.62,417.26,1,-1,-1,-1
457,15,618.63,556.64,103.92999999999995,94.91999999999996,1,-1,-1,-1
457,16,292.01,492.33,291.73,200.67000000000002,1,-1,-1,-1
458,0,497.13,586.56,224.57000000000005,185.0200000000001,1,-1,-1,-1
458,14,0.0,343.9,242.65,429.52,1,-1,-1,-1
458,15,614.52,556.57,106.05000000000007,95.69999999999993,1,-1,-1,-1
458,16,264.48,489.01,308.91999999999996,210.59000000000003,1,-1,-1,-1
459,0,477.91,586.41,236.08999999999997,193.11,1,-1,-1,-1
459,14,0.0,348.34,198.67,429.74000000000007,1,-1,-1,-1
459,15,610.42,556.51,108.16000000000008,96.47000000000003,1,-1,-1,-1
459,16,236.96,485.69,326.11,220.51000000000005,1,-1,-1,-1
460,0,458.69,586.25,247.60999999999996,201.21000000000004,1,-1,-1,-1
460,14,0.0,352.77,154.7,429.97,1,-1,-1,-1
460,15,606.32,556.44,110.26999999999998,97.25,1,-1,-1,-1
460,16,209.43,482.37,343.3,230.42999999999995,1,-1,-1,-1
461,0,439.47,586.09,259.13,209.30999999999995,1,-1,-1,-1
461,14,0.0,357.21,110.72,430.19,1,-1,-1,-1
461,15,602.21,556.38,112.38999999999999,98.01999999999998,1,-1,-1,-1
461,16,181.9,479.05,360.5,240.34999999999997,1,-1,-1,-1
462,0,411.28,585.02,276.26,219.5,1,-1,-1,-1
462,14,0.0,352.8,42.0,434.59999999999997,1,-1,-1,-1
462,15,596.18,555.03,115.73000000000002,98.25,1,-1,-1,-1
462,16,145.52,470.18,381.02,251.44,1,-1,-1,-1
463,0,383.09,583.95,293.39000000000004,229.68999999999994,1,-1,-1,-1
463,15,590.15,553.69,119.07000000000005,98.46999999999991,1,-1,-1,-1
463,16,109.14,461.31,401.54,262.53000000000003,1,-1,-1,-1
464,0,354.91,582.89,310.50999999999993,239.87,1,-1,-1,-1
464,15,584.12,552.34,122.40999999999997,98.69999999999993,1,-1,-1,-1
464,16,72.76,452.44,422.06,273.61999999999995,1,-1,-1,-1
465,0,326.72,581.82,327.64,250.05999999999995,1,-1,-1,-1
465,15,578.09,551.0,125.75,98.91999999999996,1,-1,-1,-1
465,16,36.38,443.57,442.58,284.71,1,-1,-1,-1
466,0,298.53,580.75,344.77,260.25,1,-1,-1,-1
466,15,572.06,549.65,129.09000000000003,99.14999999999998,1,-1,-1,-1
466,16,0.0,434.7,463.1,295.8,1,-1,-1,-1
467,0,255.39,577.84,371.35,281.26,1,-1,-1,-1
467,15,566.03,548.3,132.43000000000006,100.72000000000003,1,-1,-1,-1
467,16,0.0,429.38,440.16,314.41999999999996,1,-1,-1,-1
468,0,212.26,574.94,397.91999999999996,302.26,1,-1,-1,-1
468,15,560.0,546.95,135.76999999999998,102.28999999999996,1,-1,-1,-1
468,16,0.0,424.07,417.22,333.03000000000003,1,-1,-1,-1
469,0,169.12,572.03,424.5,323.27,1,-1,-1,-1
469,15,553.98,545.61,139.10000000000002,103.85000000000002,1,-1,-1,-1
469,16,0.0,418.75,394.28,351.65,1,-1,-1,-1
470,0,125.99,569.13,451.06999999999994,344.27,1,-1,-1,-1
470,15,547.95,544.26,142.43999999999994,105.41999999999996,1,-1,-1,-1
470,16,0.0,413.44,371.34,370.26000000000005,1,-1,-1,-1
471,0,82.85,566.22,477.65,365.28,1,-1,-1,-1
471,15,541.92,542.91,145.7800000000001,106.99000000000001,1,-1,-1,-1
471,16,0.0,408.12,348.4,388.88,1,-1,-1,-1
472,0,22.2,561.85,507.74000000000007,384.5,1,-1,-1,-1
472,15,534.67,541.88,149.17000000000007,108.91999999999996,1,-1,-1,-1
472,16,0.0,407.01,314.26,388.88,1,-1,-1,-1
473,0,0.0,557.49,510.1,403.71000000000004,1,-1,-1,-1
473,15,527.42,540.86,152.56000000000006,110.84000000000003,1,-1,-1,-1
473,16,0.0,405.9,280.12,388.88,1,-1,-1,-1
474,0,0.0,553.13,481.9,422.91999999999996,1,-1,-1,-1
474,15,520.17,539.83,155.95000000000005,112.76999999999998,1,-1,-1,-1
474,16,0.0,404.8,245.99,388.87999999999994,1,-1,-1,-1
475,0,0.0,548.76,444.8,442.14,1,-1,-1,-1
475,15,512.92,538.81,159.34000000000003,114.69000000000005,1,-1,-1,-1
475,16,0.0,403.69,211.85,388.88000000000005,1,-1,-1,-1
476,0,0.0,544.4,407.7,461.35,1,-1,-1,-1
476,15,505.67,537.78,162.72999999999996,116.62,1,-1,-1,-1
476,16,0.0,402.58,177.71,388.88000000000005,1,-1,-1,-1
477,0,0.0,539.2,367.2,481.4,1,-1,-1,-1
477,15,495.86,536.5,168.69999999999993,119.05999999999995,1,-1,-1,-1
477,16,0.0,394.82,129.83,388.88000000000005,1,-1,-1,-1
478,0,0.0,546.0,319.0,489.45000000000005,1,-1,-1,-1
478,15,486.05,535.22,174.67000000000002,121.5,1,-1,-1,-1
478,16,0.0,391.49,76.96,388.88,1,-1,-1,-1
479,0,0.0,565.1,261.6,485.19999999999993,1,-1,-1,-1
479,15,476.23,533.93,180.64999999999998,123.95000000000005,1,-1,-1,-1
479,16,0.0,389.28,28.89,388.88,1,-1,-1,-1
480,0,0.0,719.4,197.7,345.7500000000001,1,-1,-1,-1
480,15,466.42,532.65,186.61999999999995,126.38999999999999,1,-1,-1,-1
481,0,0.0,756.95,121.82,323.04999999999995,1,-1,-1,-1
481,15,456.61,531.37,192.59000000000003,128.83000000000004,1,-1,-1,-1
482,0,0.0,825.7,51.5,254.29999999999995,1,-1,-1,-1
482,15,444.61,529.45,198.30999999999995,132.56999999999994,1,-1,-1,-1
483,15,432.62,527.52,204.01999999999998,136.32000000000005,1,-1,-1,-1
484,15,420.62,525.6,209.74,140.05999999999995,1,-1,-1,-1
485,15,408.63,523.67,215.45000000000005,143.81000000000006,1,-1,-1,-1
486,15,396.63,521.75,221.16999999999996,147.54999999999995,1,-1,-1,-1
487,15,381.56,518.29,229.94,150.99,1,-1,-1,-1
488,15,366.49,514.82,238.71000000000004,154.43999999999994,1,-1,-1,-1
489,15,351.41,511.36,247.48999999999995,157.88,1,-1,-1,-1
490,15,336.34,507.89,256.26000000000005,161.33000000000004,1,-1,-1,-1
491,15,321.27,504.43,265.03,164.77000000000004,1,-1,-1,-1
492,15,301.51,499.93,275.93000000000006,170.57,1,-1,-1,-1
493,15,281.75,495.43,286.83000000000004,176.36999999999995,1,-1,-1,-1
494,15,261.99,490.94,297.73,182.16000000000003,1,-1,-1,-1
495,15,242.23,486.44,308.63,187.95999999999998,1,-1,-1,-1
496,15,222.47,481.94,319.53,193.76000000000005,1,-1,-1,-1
497,15,196.43,477.07,333.01000000000005,200.67000000000002,1,-1,-1,-1
498,15,170.39,472.2,346.49,207.57999999999998,1,-1,-1,-1
499,15,144.36,467.34,359.96,214.48000000000008,1,-1,-1,-1
500,15,118.32,462.47,373.44,221.39,1,-1,-1,-1
501,15,92.28,457.6,386.91999999999996,228.29999999999995,1,-1,-1,-1
502,15,63.29,450.28,417.71,239.54000000000008,1,-1,-1,-1
503,15,34.3,442.96,421.9,250.78000000000003,1,-1,-1,-1
504,15,4.0,435.64,450.7,262.02,1,-1,-1,-1
505,15,0.0,428.32,433.2,273.26000000000005,1,-1,-1,-1
506,15,0.0,421.0,421.7,284.5,1,-1,-1,-1
507,15,0.0,412.8,400.88,291.73999999999995,1,-1,-1,-1
508,15,0.0,412.91,385.04,294.2699999999999,1,-1,-1,-1
509,15,0.0,413.03,369.2,296.7900000000001,1,-1,-1,-1
510,15,0.0,413.15,348.95,299.31000000000006,1,-1,-1,-1
511,15,0.0,413.27,328.7,301.83000000000004,1,-1,-1,-1
512,15,0.0,413.94,305.2,300.28000000000003,1,-1,-1,-1
513,15,0.0,414.6,281.7,298.74,1,-1,-1,-1
514,15,0.0,415.27,258.2,297.19000000000005,1,-1,-1,-1
515,15,0.0,415.94,229.15,295.64000000000004,1,-1,-1,-1
516,15,0.0,416.6,200.1,294.1,1,-1,-1,-1
517,15,0.0,419.26,169.29,292.77,1,-1,-1,-1
518,15,0.0,421.92,138.48,291.43,1,-1,-1,-1
519,15,0.0,433.44,103.98,290.09999999999997,1,-1,-1,-1
520,15,0.0,434.44,72.24,288.76000000000005,1,-1,-1,-1
521,15,0.0,439.87,28.31,287.42999999999995,1,-1,-1,-1
715,1,940.6,566.13,63.51999999999998,79.76999999999998,1,-1,-1,-1
716,1,942.45,564.97,64.34999999999991,81.02999999999997,1,-1,-1,-1
717,1,944.76,563.58,64.48000000000002,81.59999999999991,1,-1,-1,-1
718,1,947.06,562.18,64.62,82.18000000000006,1,-1,-1,-1
719,1,949.37,560.79,64.75,82.75,1,-1,-1,-1
720,1,951.67,559.39,64.88999999999999,83.33000000000004,1,-1,-1,-1
721,1,953.98,558.0,65.01999999999998,83.89999999999998,1,-1,-1,-1
722,1,956.45,556.6,65.80999999999995,84.93999999999994,1,-1,-1,-1
723,1,958.91,555.2,66.61000000000001,85.96999999999991,1,-1,-1,-1
724,1,961.38,553.79,67.39999999999998,87.01999999999998,1,-1,-1,-1
725,1,963.84,552.39,68.19999999999993,88.05000000000007,1,-1,-1,-1
726,1,966.31,550.99,68.99000000000001,89.09000000000003,1,-1,-1,-1
727,1,968.32,551.2,69.77999999999986,90.12,1,-1,-1,-1
728,1,970.32,551.4,70.58000000000004,91.17000000000007,1,-1,-1,-1
729,1,972.33,551.61,71.37,92.19999999999993,1,-1,-1,-1
730,1,974.33,551.81,72.16999999999996,93.25,1,-1,-1,-1
731,1,976.34,552.02,72.95999999999992,94.27999999999997,1,-1,-1,-1
732,1,977.86,552.38,74.18999999999994,95.32000000000005,1,-1,-1,-1
733,1,979.37,552.74,75.42999999999995,96.36000000000001,1,-1,-1,-1
734,1,980.89,553.1,76.65999999999997,97.39999999999998,1,-1,-1,-1
735,1,982.41,553.46,77.88999999999999,98.43999999999994,1,-1,-1,-1
736,1,983.92,553.82,79.13,99.4799999999999,1,-1,-1,-1
737,1,985.44,554.17,80.3599999999999,100.53000000000009,1,-1,-1,-1
738,1,986.96,554.53,81.58999999999992,101.57000000000005,1,-1,-1,-1
739,1,988.48,554.89,82.81999999999994,102.61000000000001,1,-1,-1,-1
740,1,989.99,555.25,84.05999999999995,103.64999999999998,1,-1,-1,-1
741,1,991.51,555.61,85.28999999999996,104.68999999999994,1,-1,-1,-1
742,1,993.27,554.13,86.6400000000001,106.40999999999997,1,-1,-1,-1
743,1,995.02,552.66,88.0,108.12,1,-1,-1,-1
744,1,996.78,551.18,89.35000000000014,109.84000000000003,1,-1,-1,-1
745,1,998.53,549.7,90.71000000000004,111.55999999999995,1,-1,-1,-1
746,1,1000.29,548.23,92.05999999999995,113.26999999999998,1,-1,-1,-1
747,1,1002.05,546.75,93.41000000000008,114.99000000000001,1,-1,-1,-1
748,1,1003.8,545.27,94.76999999999998,116.71000000000004,1,-1,-1,-1
749,1,1005.56,543.79,96.12000000000012,118.43000000000006,1,-1,-1,-1
750,1,1007.31,542.32,97.48000000000002,120.13999999999999,1,-1,-1,-1
751,1,1009.07,540.84,98.83000000000004,121.86000000000001,1,-1,-1,-1
752,1,1010.8,539.69,100.84000000000015,123.86999999999989,1,-1,-1,-1
753,1,1012.52,538.54,102.86000000000013,125.88,1,-1,-1,-1
754,1,1014.25,537.39,104.86999999999989,127.88999999999999,1,-1,-1,-1
755,1,1015.97,536.24,106.88999999999987,129.89999999999998,1,-1,-1,-1
756,1,1017.7,535.09,108.89999999999986,131.90999999999997,1,-1,-1,-1
757,1,1018.5,533.71,112.98000000000002,135.52999999999997,1,-1,-1,-1
758,1,1019.31,532.33,117.04999999999995,139.14999999999998,1,-1,-1,-1
759,1,1020.11,530.95,121.13,142.76999999999998,1,-1,-1,-1
760,1,1020.92,529.57,125.19999999999993,146.39,1,-1,-1,-1
761,1,1021.72,528.19,129.27999999999997,150.01,1,-1,-1,-1
762,1,1023.79,526.64,131.87000000000012,153.68000000000006,1,-1,-1,-1
763,1,1025.86,525.09,134.46000000000004,157.35000000000002,1,-1,-1,-1
764,1,1027.93,523.53,137.04999999999995,161.02999999999997,1,-1,-1,-1
765,1,1030.0,521.98,139.6400000000001,164.69999999999993,1,-1,-1,-1
766,1,1032.07,520.43,142.23000000000002,168.37,1,-1,-1,-1
767,1,1034.14,517.73,146.65999999999985,172.04999999999995,1,-1,-1,-1
768,1,1036.21,515.03,151.08999999999992,175.73000000000002,1,-1,-1,-1
769,1,1038.28,512.32,155.51999999999998,179.41999999999996,1,-1,-1,-1
770,1,1040.35,509.62,159.95000000000005,183.10000000000002,1,-1,-1,-1
771,1,1042.42,506.92,164.37999999999988,186.78000000000003,1,-1,-1,-1
772,1,1044.6,504.39,170.60000000000014,192.93000000000006,1,-1,-1,-1
773,1,1046.79,501.86,176.80999999999995,199.08000000000004,1,-1,-1,-1
774,1,1048.97,499.33,183.02999999999997,205.22999999999996,1,-1,-1,-1
775,1,1051.16,496.8,189.24,211.37999999999994,1,-1,-1,-1
776,1,1053.34,494.27,195.46000000000004,217.52999999999997,1,-1,-1,-1
777,1,1055.52,490.36,204.42000000000007,223.67999999999995,1,-1,-1,-1
778,1,1057.71,486.45,213.3699999999999,229.82999999999998,1,-1,-1,-1
779,1,1059.89,482.55,222.32999999999993,235.96999999999997,1,-1,-1,-1
780,1,1062.08,478.64,231.27999999999997,242.12,1,-1,-1,-1
781,1,1064.26,474.73,240.24,248.26999999999998,1,-1,-1,-1
782,1,1067.71,469.16,252.25,257.73999999999995,1,-1,-1,-1
783,1,1071.16,463.6,264.26,267.19999999999993,1,-1,-1,-1
784,1,1074.61,458.03,276.2700000000002,276.6700000000001,1,-1,-1,-1
785,1,1078.06,452.47,288.28,286.13,1,-1,-1,-1
786,1,1081.51,446.9,300.28999999999996,295.6,1,-1,-1,-1
787,1,1084.96,439.02,319.89999999999986,310.38,1,-1,-1,-1
788,1,1088.41,431.14,339.51,325.15999999999997,1,-1,-1,-1
789,1,1091.85,423.26,359.1300000000001,339.94000000000005,1,-1,-1,-1
790,1,1095.3,415.38,378.74,354.72,1,-1,-1,-1
791,1,1098.75,407.5,398.3499999999999,369.5,1,-1,-1,-1
792,1,1104.0,392.6,428.6400000000001,392.69999999999993,1,-1,-1,-1
793,1,1109.24,377.71,458.94000000000005,415.89000000000004,1,-1,-1,-1
794,1,1114.49,362.81,489.23,439.09,1,-1,-1,-1
795,1,1119.73,347.92,519.53,462.28000000000003,1,-1,-1,-1
796,1,1124.98,333.02,549.8199999999999,485.48,1,-1,-1,-1
797,1,1132.61,309.12,591.23,526.82,1,-1,-1,-1
798,1,1140.24,285.21,632.6400000000001,568.1700000000001,1,-1,-1,-1
799,1,1147.87,261.31,674.0500000000002,609.51,1,-1,-1,-1
800,1,1155.5,237.4,715.46,650.86,1,-1,-1,-1
801,1,1163.12,204.9,756.8800000000001,700.8000000000001,1,-1,-1,-1
802,1,1177.1,170.6,742.9000000000001,743.4,1,-1,-1,-1
803,1,1183.8,131.2,736.2,791.0999999999999,1,-1,-1,-1
804,1,1199.1,85.5,720.9000000000001,845.1,1,-1,-1,-1
805,1,1210.1,35.5,709.9000000000001,903.4,1,-1,-1,-1
806,1,1224.5,102.3,695.5,844.9000000000001,1,-1,-1,-1
807,1,1241.4,103.1,678.5999999999999,852.4,1,-1,-1,-1
808,1,1258.3,103.9,661.7,859.9,1,-1,-1,-1
809,1,1282.36,104.67,637.6400000000001,867.4300000000001,1,-1,-1,-1
810,1,1306.43,105.43,613.5699999999999,874.97,1,-1,-1,-1
811,1,1330.49,106.2,589.51,882.5,1,-1,-1,-1
812,1,1358.0,107.3,562.0,881.4000000000001,1,-1,-1,-1
813,1,1396.2,95.9,523.8,892.8000000000001,1,-1,-1,-1
814,1,1437.2,86.2,482.79999999999995,902.5,1,-1,-1,-1
815,1,1484.3,34.5,435.70000000000005,954.2,1,-1,-1,-1
816,1,1545.1,0.0,374.9000000000001,988.7,1,-1,-1,-1
817,1,1613.4,0.0,306.5999999999999,988.7,1,-1,-1,-1
818,1,1695.1,0.0,224.9000000000001,988.7,1,-1,-1,-1
819,1,1796.0,0.0,124.0,988.7,1,-1,-1,-1
820,1,1901.1,0.0,18.90000000000009,988.7,1,-1,-1,-1
1125,5,764.45,573.37,70.37,73.78999999999996,1,-1,-1,-1
1126,5,758.69,572.3,72.6099999999999,75.90000000000009,1,-1,-1,-1
1127,5,751.09,572.15,74.85000000000002,78.00999999999999,1,-1,-1,-1
1128,5,743.49,572.0,77.09000000000003,80.12,1,-1,-1,-1
1129,5,735.89,571.85,79.33000000000004,82.23000000000002,1,-1,-1,-1
1130,5,728.29,571.7,81.57000000000005,84.33999999999992,1,-1,-1,-1
1131,5,720.69,571.55,83.80999999999995,86.45000000000005,1,-1,-1,-1
1132,5,709.91,570.18,87.88999999999999,90.38,1,-1,-1,-1
1133,5,699.13,568.81,91.97000000000003,94.31000000000006,1,-1,-1,-1
1134,5,688.35,567.44,96.04999999999995,98.2399999999999,1,-1,-1,-1
1135,5,677.57,566.07,100.13,102.16999999999996,1,-1,-1,-1
1136,5,666.79,564.7,104.21000000000004,106.09999999999991,1,-1,-1,-1
1137,5,652.74,563.43,109.89999999999998,110.70000000000005,1,-1,-1,-1
1138,5,638.68,562.16,115.61000000000001,115.30000000000007,1,-1,-1,-1
1139,5,624.63,560.89,121.29999999999995,119.89999999999998,1,-1,-1,-1
1140,5,607.26,558.8,127.0,124.49000000000001,1,-1,-1,-1
1141,5,589.9,556.7,132.70000000000005,129.0999999999999,1,-1,-1,-1
1142,5,569.19,553.39,141.27999999999997,137.25,1,-1,-1,-1
1143,5,548.49,550.08,149.84000000000003,145.39999999999998,1,-1,-1,-1
1144,5,527.78,546.77,158.42000000000007,153.55000000000007,1,-1,-1,-1
1145,5,498.79,543.46,171.10999999999996,161.69999999999993,1,-1,-1,-1
1146,5,469.81,540.15,183.79000000000002,169.85000000000002,1,-1,-1,-1
1147,5,437.68,536.17,196.17000000000002,181.2800000000001,1,-1,-1,-1
1148,5,405.55,532.2,208.55,192.69999999999993,1,-1,-1,-1
1149,5,363.98,526.57,226.73000000000002,204.15999999999997,1,-1,-1,-1
1150,5,317.94,520.94,244.92000000000002,215.63,1,-1,-1,-1
1151,5,271.9,515.31,263.1,227.09000000000003,1,-1,-1,-1
1152,5,210.69,505.77,291.7,252.49,1,-1,-1,-1
1153,5,149.48,496.24,320.29999999999995,277.89,1,-1,-1,-1
1154,5,75.4,486.7,348.9,303.3,1,-1,-1,-1
1155,5,0.0,474.6,371.5,344.15,1,-1,-1,-1
1156,5,0.0,457.63,318.7,389.87,1,-1,-1,-1
1157,5,0.0,442.95,254.67,400.25000000000006,1,-1,-1,-1
1158,5,0.0,423.49,173.96,398.71000000000004,1,-1,-1,-1
1159,5,0.0,423.1,83.71,375.6,1,-1,-1,-1
1451,7,936.62,552.76,60.27999999999997,83.24000000000001,1,-1,-1,-1
1452,7,937.1,553.28,60.860000000000014,83.94000000000005,1,-1,-1,-1
1453,7,937.58,553.79,61.43999999999994,84.66000000000008,1,-1,-1,-1
1454,7,938.06,554.31,62.020000000000095,85.36000000000001,1,-1,-1,-1
1455,7,938.54,554.82,62.60000000000002,86.07999999999993,1,-1,-1,-1
1456,7,939.02,555.34,63.180000000000064,86.77999999999997,1,-1,-1,-1
1457,7,939.5,554.75,63.75999999999999,87.49000000000001,1,-1,-1,-1
1458,7,939.98,554.16,64.34000000000003,88.19000000000005,1,-1,-1,-1
1459,7,940.47,553.56,64.90999999999997,88.91000000000008,1,-1,-1,-1
1460,7,940.95,552.97,65.49000000000001,89.61000000000001,1,-1,-1,-1
1461,7,941.43,552.38,66.07000000000005,90.32000000000005,1,-1,-1,-1
1462,7,942.82,551.09,66.40999999999997,90.98000000000002,1,-1,-1,-1
1463,7,944.2,549.79,66.75999999999999,91.65000000000009,1,-1,-1,-1
1464,7,945.59,548.5,67.10000000000002,92.32000000000005,1,-1,-1,-1
1465,7,946.97,547.2,67.44999999999993,92.99000000000001,1,-1,-1,-1
1466,7,948.36,545.91,67.78999999999996,93.64999999999998,1,-1,-1,-1
1467,7,949.75,545.17,68.13,94.32000000000005,1,-1,-1,-1
1468,7,951.13,544.43,68.48000000000002,94.99000000000001,1,-1,-1,-1
1469,7,952.52,543.69,68.82000000000005,95.64999999999998,1,-1,-1,-1
1470,7,953.9,542.95,69.17000000000007,96.31999999999994,1,-1,-1,-1
1471,7,955.29,542.21,69.50999999999999,96.99000000000001,1,-1,-1,-1
1472,7,956.15,541.38,70.48000000000013,97.89999999999998,1,-1,-1,-1
1473,7,957.01,540.55,71.45000000000005,98.81000000000006,1,-1,-1,-1
1474,7,957.87,539.71,72.40999999999997,99.74000000000001,1,-1,-1,-1
1475,7,958.73,538.88,73.37999999999988,100.64999999999998,1,-1,-1,-1
1476,7,959.59,538.05,74.35000000000002,101.56000000000006,1,-1,-1,-1
1477,7,959.89,538.0,75.32000000000005,102.47000000000003,1,-1,-1,-1
1478,7,960.2,537.94,76.27999999999997,103.38999999999999,1,-1,-1,-1
1479,7,960.5,537.89,77.25999999999999,104.28999999999996,1,-1,-1,-1
1480,7,960.81,537.83,78.22000000000003,105.20999999999992,1,-1,-1,-1
1481,7,961.11,537.78,79.18999999999994,106.12,1,-1,-1,-1
1482,7,961.76,537.16,80.05999999999995,107.04000000000008,1,-1,-1,-1
1483,7,962.4,536.53,80.93999999999994,107.97000000000003,1,-1,-1,-1
1484,7,963.05,535.91,81.80999999999995,108.88999999999999,1,-1,-1,-1
1485,7,963.7,535.28,82.68000000000006,109.82000000000005,1,-1,-1,-1
1486,7,964.35,534.66,83.55000000000007,110.74000000000001,1,-1,-1,-1
1487,7,964.99,534.04,84.43000000000006,111.66000000000008,1,-1,-1,-1
1488,7,965.64,533.41,85.30000000000007,112.59000000000003,1,-1,-1,-1
1489,7,966.29,532.79,86.17000000000007,113.50999999999999,1,-1,-1,-1
1490,7,966.93,532.16,87.05000000000007,114.44000000000005,1,-1,-1,-1
1491,7,967.58,531.54,87.91999999999996,115.36000000000001,1,-1,-1,-1
1492,7,968.19,530.85,89.20000000000005,116.76999999999998,1,-1,-1,-1
1493,7,968.8,530.15,90.48000000000002,118.19000000000005,1,-1,-1,-1
1494,7,969.41,529.46,91.7600000000001,119.59999999999991,1,-1,-1,-1
1495,7,970.02,528.77,93.03999999999996,121.00999999999999,1,-1,-1,-1
1496,7,970.63,528.08,94.32000000000005,122.41999999999996,1,-1,-1,-1
1497,7,971.24,527.38,95.59999999999991,123.84000000000003,1,-1,-1,-1
1498,7,971.85,526.69,96.88,125.25,1,-1,-1,-1
1499,7,972.46,526.0,98.15999999999985,126.65999999999997,1,-1,-1,-1
1500,7,973.07,525.3,99.43999999999994,128.08000000000004,1,-1,-1,-1
1501,7,973.68,524.61,100.72000000000014,129.49,1,-1,-1,-1
1502,7,974.74,524.23,101.8599999999999,130.89,1,-1,-1,-1
1503,7,975.81,523.85,102.99000000000001,132.28999999999996,1,-1,-1,-1
1504,7,976.87,523.47,104.13,133.68999999999994,1,-1,-1,-1
1505,7,977.94,523.09,105.25999999999999,135.08999999999992,1,-1,-1,-1
1506,7,979.0,522.71,106.40000000000009,136.49,1,-1,-1,-1
1507,7,980.07,521.69,107.52999999999986,137.89,1,-1,-1,-1
1508,7,981.13,520.67,108.66999999999996,139.29000000000008,1,-1,-1,-1
1509,7,982.2,519.66,109.79999999999995,140.68000000000006,1,-1,-1,-1
1510,7,983.26,518.64,110.94000000000005,142.08000000000004,1,-1,-1,-1
1511,7,984.33,517.62,112.07000000000005,143.48000000000002,1,-1,-1,-1
1512,7,984.97,515.9,113.91000000000008,145.24,1,-1,-1,-1
1513,7,985.61,514.19,115.74999999999989,146.9899999999999,1,-1,-1,-1
1514,7,986.24,512.47,117.59999999999991,148.75,1,-1,-1,-1
1515,7,986.88,510.76,119.43999999999994,150.5,1,-1,-1,-1
1516,7,987.52,509.04,121.27999999999997,152.25999999999993,1,-1,-1,-1
1517,7,988.16,507.32,123.12,154.02000000000004,1,-1,-1,-1
1518,7,988.8,505.61,124.96000000000004,155.76999999999998,1,-1,-1,-1
1519,7,989.43,503.89,126.81000000000006,157.52999999999997,1,-1,-1,-1
1520,7,990.07,502.18,128.64999999999998,159.28000000000003,1,-1,-1,-1
1521,7,990.71,500.46,130.49,161.04000000000002,1,-1,-1,-1
1522,7,991.84,498.33,132.62,163.3,1,-1,-1,-1
1523,7,992.97,496.2,134.75,165.56,1,-1,-1,-1
1524,7,994.1,494.07,136.88,167.82,1,-1,-1,-1
1525,7,995.23,491.94,139.01,170.07999999999998,1,-1,-1,-1
1526,7,996.37,489.81,141.13,172.33999999999997,1,-1,-1,-1
1527,7,997.5,487.68,143.26,174.59999999999997,1,-1,-1,-1
1528,7,998.63,485.55,145.39,176.85999999999996,1,-1,-1,-1
1529,7,999.76,483.42,147.51999999999998,179.11999999999995,1,-1,-1,-1
1530,7,1000.89,481.29,149.64999999999998,181.37999999999994,1,-1,-1,-1
1531,7,1002.02,479.16,151.77999999999997,183.63999999999993,1,-1,-1,-1
1532,7,1002.74,477.68,154.51,186.60999999999996,1,-1,-1,-1
1533,7,1003.46,476.19,157.24,189.58999999999997,1,-1,-1,-1
1534,7,1004.18,474.71,159.97000000000014,192.56,1,-1,-1,-1
1535,7,1004.9,473.22,162.69999999999993,195.53999999999996,1,-1,-1,-1
1536,7,1005.62,471.74,165.42999999999995,198.51,1,-1,-1,-1
1537,7,1006.33,470.25,168.16999999999996,201.49,1,-1,-1,-1
1538,7,1007.05,468.76,170.9000000000001,204.47000000000003,1,-1,-1,-1
1539,7,1007.77,467.28,173.6300000000001,207.44000000000005,1,-1,-1,-1
1540,7,1008.49,465.8,176.3599999999999,210.41000000000003,1,-1,-1,-1
1541,7,1009.21,464.31,179.08999999999992,213.39000000000004,1,-1,-1,-1
1542,7,1010.12,462.3,182.35000000000002,216.79000000000002,1,-1,-1,-1
1543,7,1011.03,460.29,185.61000000000013,220.19,1,-1,-1,-1
1544,7,1011.94,458.27,188.8699999999999,223.60000000000002,1,-1,-1,-1
1545,7,1012.85,456.26,192.13,227.0,1,-1,-1,-1
1546,7,1013.76,454.25,195.3900000000001,230.39999999999998,1,-1,-1,-1
1547,7,1014.67,452.24,198.64999999999998,233.79999999999995,1,-1,-1,-1
1548,7,1015.58,450.23,201.90999999999997,237.19999999999993,1,-1,-1,-1
1549,7,1016.49,448.21,205.17000000000007,240.61000000000007,1,-1,-1,-1
1550,7,1017.4,446.2,208.42999999999995,244.01000000000005,1,-1,-1,-1
1551,7,1018.31,444.19,211.69000000000005,247.41000000000003,1,-1,-1,-1
1552,7,1019.32,441.36,215.61,251.10000000000002,1,-1,-1,-1
1553,7,1020.32,438.54,219.53999999999985,254.78000000000003,1,-1,-1,-1
1554,7,1021.33,435.71,223.45999999999992,258.46999999999997,1,-1,-1,-1
1555,7,1022.33,432.89,227.39,262.15,1,-1,-1,-1
1556,7,1023.34,430.06,231.31000000000006,265.84,1,-1,-1,-1
1557,7,1024.35,427.23,235.23000000000002,269.53,1,-1,-1,-1
1558,7,1025.35,424.41,239.16000000000008,273.21,1,-1,-1,-1
1559,7,1026.36,421.58,243.08000000000015,276.90000000000003,1,-1,-1,-1
1560,7,1027.36,418.76,247.01,280.58000000000004,1,-1,-1,-1
1561,7,1028.37,415.93,250.93000000000006,284.27000000000004,1,-1,-1,-1
1562,7,1028.99,412.14,256.45000000000005,289.30000000000007,1,-1,-1,-1
1563,7,1029.61,408.34,261.97,294.34,1,-1,-1,-1
1564,7,1030.23,404.55,267.49,299.36999999999995,1,-1,-1,-1
1565,7,1030.85,400.75,273.01,304.40999999999997,1,-1,-1,-1
1566,7,1031.47,396.96,278.53,309.44,1,-1,-1,-1
1567,7,1032.1,393.17,284.0400000000002,314.46999999999997,1,-1,-1,-1
1568,7,1032.72,389.37,289.55999999999995,319.51,1,-1,-1,-1
1569,7,1033.34,385.58,295.08000000000015,324.54,1,-1,-1,-1
1570,7,1033.96,381.78,300.5999999999999,329.58000000000004,1,-1,-1,-1
1571,7,1034.58,377.99,306.1200000000001,334.61,1,-1,-1,-1
1572,7,1035.41,373.64,312.4599999999998,340.55000000000007,1,-1,-1,-1
1573,7,1036.24,369.3,318.79999999999995,346.47999999999996,1,-1,-1,-1
1574,7,1037.06,364.95,325.1500000000001,352.42,1,-1,-1,-1
1575,7,1037.89,360.6,331.49,358.36,1,-1,-1,-1
1576,7,1038.72,356.25,337.8299999999999,364.29999999999995,1,-1,-1,-1
1577,7,1039.55,351.91,344.1700000000001,370.22999999999996,1,-1,-1,-1
1578,7,1040.38,347.56,350.51,376.17,1,-1,-1,-1
1579,7,1041.2,343.21,356.8599999999999,382.11000000000007,1,-1,-1,-1
1580,7,1042.03,338.87,363.20000000000005,388.03999999999996,1,-1,-1,-1
1581,7,1042.86,334.52,369.5400000000002,393.98,1,-1,-1,-1
1582,7,1043.44,329.72,377.15999999999985,401.5899999999999,1,-1,-1,-1
1583,7,1044.02,324.92,384.78,409.2,1,-1,-1,-1
1584,7,1044.6,320.12,392.4000000000001,416.80999999999995,1,-1,-1,-1
1585,7,1045.18,315.32,400.02,424.42,1,-1,-1,-1
1586,7,1045.76,310.51,407.6400000000001,432.03999999999996,1,-1,-1,-1
1587,7,1046.33,305.71,415.27,439.65000000000003,1,-1,-1,-1
1588,7,1046.91,300.91,422.8899999999999,447.25999999999993,1,-1,-1,-1
1589,7,1047.49,296.11,430.51,454.87,1,-1,-1,-1
1590,7,1048.07,291.31,438.1300000000001,462.47999999999996,1,-1,-1,-1
1591,7,1048.65,286.51,445.75,470.09000000000003,1,-1,-1,-1
1592,7,1049.56,280.38,453.95000000000005,478.46000000000004,1,-1,-1,-1
1593,7,1050.47,274.26,462.14999999999986,486.82000000000005,1,-1,-1,-1
1594,7,1051.38,268.13,470.3499999999999,495.19000000000005,1,-1,-1,-1
1595,7,1052.29,262.01,478.54999999999995,503.54999999999995,1,-1,-1,-1
1596,7,1053.2,255.88,486.75,511.91999999999996,1,-1,-1,-1
1597,7,1054.12,249.75,494.94000000000005,520.29,1,-1,-1,-1
1598,7,1055.03,243.63,503.1400000000001,528.65,1,-1,-1,-1
1599,7,1055.94,237.5,511.3399999999999,537.02,1,-1,-1,-1
1600,7,1056.85,231.38,519.5400000000002,545.38,1,-1,-1,-1
1601,7,1057.76,225.25,527.74,553.75,1,-1,-1,-1
1602,7,1058.47,218.1,536.9200000000001,563.28,1,-1,-1,-1
1603,7,1059.19,210.95,546.0899999999999,572.81,1,-1,-1,-1
1604,7,1059.9,203.79,555.27,582.35,1,-1,-1,-1
1605,7,1060.62,196.64,564.44,591.88,1,-1,-1,-1
1606,7,1061.34,189.49,573.6100000000001,601.41,1,-1,-1,-1
1607,7,1062.05,182.34,582.79,610.9399999999999,1,-1,-1,-1
1608,7,1062.77,175.19,591.96,620.47,1,-1,-1,-1
1609,7,1063.48,168.03,601.1399999999999,630.01,1,-1,-1,-1
1610,7,1064.2,160.88,610.31,639.54,1,-1,-1,-1
1611,7,1064.91,153.73,619.49,649.0699999999999,1,-1,-1,-1
1612,7,1065.39,146.34,628.0699999999999,660.04,1,-1,-1,-1
1613,7,1065.86,138.95,636.6600000000001,671.01,1,-1,-1,-1
1614,7,1066.34,131.56,645.24,681.98,1,-1,-1,-1
1615,7,1066.82,124.17,653.8200000000002,692.95,1,-1,-1,-1
1616,7,1067.3,116.77,662.4000000000001,703.9300000000001,1,-1,-1,-1
1617,7,1067.77,109.38,670.99,714.9,1,-1,-1,-1
1618,7,1068.25,101.99,679.5699999999999,725.87,1,-1,-1,-1
1619,7,1068.73,94.6,688.1500000000001,736.84,1,-1,-1,-1
1620,7,1069.2,87.21,696.74,747.81,1,-1,-1,-1
1621,7,1069.68,79.82,705.3199999999999,758.78,1,-1,-1,-1
1622,7,1069.68,72.96,713.1899999999998,768.36,1,-1,-1,-1
1623,7,1069.68,66.1,721.06,777.9399999999999,1,-1,-1,-1
1624,7,1069.68,59.23,728.9299999999998,787.53,1,-1,-1,-1
1625,7,1069.68,52.37,736.8,797.11,1,-1,-1,-1
1626,7,1069.68,45.51,744.6699999999998,806.69,1,-1,-1,-1
1627,7,1069.68,38.65,752.54,816.27,1,-1,-1,-1
1628,7,1069.68,31.79,760.4099999999999,825.85,1,-1,-1,-1
1629,7,1069.68,24.92,768.28,835.44,1,-1,-1,-1
1630,7,1069.68,18.06,776.1499999999999,845.0200000000001,1,-1,-1,-1
1631,7,1069.68,11.2,784.02,854.5999999999999,1,-1,-1,-1
1632,7,1069.68,5.6,789.51,865.01,1,-1,-1,-1
1633,7,1069.68,0.0,795.0,875.42,1,-1,-1,-1
1634,7,1069.68,0.0,800.49,880.23,1,-1,-1,-1
1635,7,1069.69,0.0,805.97,885.04,1,-1,-1,-1
1636,7,1069.69,0.0,811.46,889.85,1,-1,-1,-1
1637,7,1069.69,0.0,816.95,894.66,1,-1,-1,-1
1638,7,1069.69,0.0,822.44,899.47,1,-1,-1,-1
1639,7,1069.7,0.0,827.9199999999998,904.28,1,-1,-1,-1
1640,7,1069.7,0.0,833.4099999999999,909.09,1,-1,-1,-1
1641,7,1069.7,0.0,838.8999999999999,913.9,1,-1,-1,-1
1642,7,1069.15,0.0,841.73,920.49,1,-1,-1,-1
1643,7,1068.6,0.0,844.5600000000002,927.08,1,-1,-1,-1
1644,7,1068.05,0.0,847.3900000000001,933.67,1,-1,-1,-1
1645,7,1067.5,0.0,850.22,940.26,1,-1,-1,-1
1646,7,1066.95,0.0,853.05,946.85,1,-1,-1,-1
1647,7,1066.4,0.0,853.5999999999999,953.44,1,-1,-1,-1
1648,7,1065.85,0.0,854.1500000000001,960.03,1,-1,-1,-1
1649,7,1065.3,0.0,854.7,966.62,1,-1,-1,-1
1650,7,1064.75,0.0,855.25,973.21,1,-1,-1,-1
1651,7,1064.2,0.0,855.8,979.8,1,-1,-1,-1
1652,7,1063.17,0.0,856.8299999999999,979.8,1,-1,-1,-1
1653,7,1062.14,0.0,857.8599999999999,979.8,1,-1,-1,-1
1654,7,1061.11,0.0,858.8900000000001,979.8,1,-1,-1,-1
1655,7,1060.08,0.0,859.9200000000001,979.8,1,-1,-1,-1
1656,7,1059.05,0.0,860.95,979.8,1,-1,-1,-1
1657,7,1058.02,0.0,861.98,979.8,1,-1,-1,-1
1658,7,1056.99,0.0,863.01,979.8,1,-1,-1,-1
1659,7,1055.96,0.0,864.04,979.8,1,-1,-1,-1
1660,7,1054.93,0.0,865.0699999999999,979.8,1,-1,-1,-1
1661,7,1053.9,0.0,866.0999999999999,979.8,1,-1,-1,-1
1662,7,1052.49,0.0,864.53,979.8,1,-1,-1,-1
1663,7,1051.08,0.0,862.96,979.8,1,-1,-1,-1
1664,7,1049.67,0.0,861.3899999999999,979.8,1,-1,-1,-1
1665,7,1048.26,0.0,859.8199999999999,979.8,1,-1,-1,-1
1666,7,1046.85,0.0,858.25,979.8,1,-1,-1,-1
1667,7,1045.44,0.0,856.6799999999998,979.8,1,-1,-1,-1
1668,7,1044.03,0.0,855.1100000000001,979.8,1,-1,-1,-1
1669,7,1042.62,0.0,853.5400000000002,979.8,1,-1,-1,-1
1670,7,1041.21,0.0,851.97,979.8,1,-1,-1,-1
1671,7,1039.8,0.0,850.4000000000001,979.8,1,-1,-1,-1
1672,7,1038.51,0.0,848.1099999999999,979.8,1,-1,-1,-1
1673,7,1037.22,0.0,845.8199999999999,979.8,1,-1,-1,-1
1674,7,1035.93,0.0,843.53,979.8,1,-1,-1,-1
1675,7,1034.64,0.0,841.24,979.8,1,-1,-1,-1
1676,7,1033.35,0.0,838.95,979.8,1,-1,-1,-1
1677,7,1032.06,0.0,836.6600000000001,979.8,1,-1,-1,-1
1678,7,1030.77,0.0,834.3700000000001,979.8,1,-1,-1,-1
1679,7,1029.48,0.0,832.0799999999999,979.8,1,-1,-1,-1
1680,7,1028.19,0.0,829.79,979.8,1,-1,-1,-1
1681,7,1026.9,0.0,827.5,979.8,1,-1,-1,-1
1682,7,1025.01,0.17,824.24,970.0200000000001,1,-1,-1,-1
1683,7,1023.12,0.34,820.9799999999999,960.24,1,-1,-1,-1
1684,7,1021.24,0.52,817.71,950.45,1,-1,-1,-1
1685,7,1019.35,0.69,814.4499999999999,940.67,1,-1,-1,-1
1686,7,1017.46,0.86,811.19,930.89,1,-1,-1,-1
1687,7,1015.57,1.03,807.93,921.11,1,-1,-1,-1
1688,7,1013.68,1.2,804.67,911.3299999999999,1,-1,-1,-1
1689,7,1011.8,1.38,801.4000000000001,901.54,1,-1,-1,-1
1690,7,1009.91,1.55,798.14,891.76,1,-1,-1,-1
1691,7,1008.02,1.72,794.8800000000001,881.98,1,-1,-1,-1
1692,7,1006.45,3.15,789.44,878.5500000000001,1,-1,-1,-1
1693,7,1004.88,4.58,784.0000000000001,875.12,1,-1,-1,-1
1694,7,1003.3,6.01,778.5699999999999,871.69,1,-1,-1,-1
1695,7,1001.73,7.44,773.1299999999999,868.26,1,-1,-1,-1
1696,7,1000.15,8.87,767.6999999999999,864.83,1,-1,-1,-1
1697,7,998.58,10.3,762.2599999999999,861.4000000000001,1,-1,-1,-1
1698,7,997.0,11.73,756.8299999999999,857.97,1,-1,-1,-1
1699,7,995.43,13.16,751.39,854.5400000000001,1,-1,-1,-1
1700,7,993.85,14.59,745.9599999999999,851.11,1,-1,-1,-1
1701,7,992.28,16.02,740.52,847.6800000000001,1,-1,-1,-1
1702,7,991.77,21.34,736.23,843.56,1,-1,-1,-1
1703,7,991.25,26.66,731.94,839.44,1,-1,-1,-1
1704,7,990.74,31.99,727.6500000000001,835.31,1,-1,-1,-1
1705,7,990.22,37.31,723.3599999999999,831.19,1,-1,-1,-1
1706,7,989.71,42.63,719.0699999999999,827.07,1,-1,-1,-1
1707,7,989.88,45.89,714.7800000000001,822.95,1,-1,-1,-1
1708,7,990.05,49.15,710.5,818.83,1,-1,-1,-1
1709,7,990.22,52.41,706.21,814.71,1,-1,-1,-1
1710,7,990.39,55.67,701.93,810.59,1,-1,-1,-1
1711,7,990.56,58.93,697.6400000000001,806.47,1,-1,-1,-1
1712,7,992.11,61.2,693.35,801.3399999999999,1,-1,-1,-1
1713,7,993.66,63.46,689.0600000000001,796.2199999999999,1,-1,-1,-1
1714,7,995.21,65.72,684.77,791.1,1,-1,-1,-1
1715,7,996.76,67.99,680.48,785.97,1,-1,-1,-1
1716,7,998.31,70.25,676.19,780.85,1,-1,-1,-1
1717,7,999.86,72.52,671.9,775.72,1,-1,-1,-1
1718,7,1001.41,74.78,667.61,770.6,1,-1,-1,-1
1719,7,1002.96,77.05,663.3199999999999,765.47,1,-1,-1,-1
1720,7,1004.51,79.31,659.03,760.3499999999999,1,-1,-1,-1
1721,7,1006.06,81.58,654.74,755.2199999999999,1,-1,-1,-1
1722,7,1007.85,85.16,651.64,751.1600000000001,1,-1,-1,-1
1723,7,1009.64,88.73,648.5400000000001,747.11,1,-1,-1,-1
1724,7,1011.42,92.31,645.4499999999999,743.05,1,-1,-1,-1
1725,7,1013.21,95.88,642.3499999999999,739.0,1,-1,-1,-1
1726,7,1015.0,99.46,639.25,734.9399999999999,1,-1,-1,-1
1727,7,1016.79,103.04,636.1500000000001,730.88,1,-1,-1,-1
1728,7,1018.58,106.61,633.0500000000001,726.83,1,-1,-1,-1
1729,7,1020.36,110.19,629.9599999999999,722.77,1,-1,-1,-1
1730,7,1022.15,113.76,626.86,718.72,1,-1,-1,-1
1731,7,1023.94,117.34,623.76,714.66,1,-1,-1,-1
1732,7,1025.83,119.53,621.47,711.38,1,-1,-1,-1
1733,7,1027.72,121.71,619.1800000000001,708.11,1,-1,-1,-1
1734,7,1029.6,123.9,616.9000000000001,704.83,1,-1,-1,-1
1735,7,1031.49,126.08,614.6099999999999,701.56,1,-1,-1,-1
1736,7,1033.38,128.27,612.3199999999999,698.28,1,-1,-1,-1
1737,7,1035.27,130.46,610.03,695.0,1,-1,-1,-1
1738,7,1037.16,132.64,607.74,691.73,1,-1,-1,-1
1739,7,1039.04,134.83,605.46,688.4499999999999,1,-1,-1,-1
1740,7,1040.93,137.01,603.1699999999998,685.1800000000001,1,-1,-1,-1
1741,7,1042.82,139.2,600.8800000000001,681.9000000000001,1,-1,-1,-1
1742,7,1043.98,141.44,599.69,679.3900000000001,1,-1,-1,-1
1743,7,1045.14,143.67,598.5,676.89,1,-1,-1,-1
1744,7,1046.3,145.91,597.31,674.38,1,-1,-1,-1
1745,7,1047.46,148.14,596.1199999999999,671.88,1,-1,-1,-1
1746,7,1048.62,150.38,594.9300000000001,669.37,1,-1,-1,-1
1747,7,1049.77,152.61,593.75,666.87,1,-1,-1,-1
1748,7,1050.93,154.84,592.56,664.37,1,-1,-1,-1
1749,7,1052.09,157.08,591.3700000000001,661.86,1,-1,-1,-1
1750,7,1053.25,159.31,590.1800000000001,659.3599999999999,1,-1,-1,-1
1751,7,1054.41,161.55,588.99,656.8499999999999,1,-1,-1,-1
1752,7,1054.58,162.79,588.5900000000001,655.26,1,-1,-1,-1
1753,7,1054.74,164.03,588.2,653.6700000000001,1,-1,-1,-1
1754,7,1054.9,165.28,587.81,652.07,1,-1,-1,-1
1755,7,1055.07,166.52,587.4100000000001,650.48,1,-1,-1,-1
1756,7,1055.24,167.76,587.01,648.89,1,-1,-1,-1
1757,7,1055.4,169.0,586.6199999999999,647.3,1,-1,-1,-1
1758,7,1055.57,170.24,586.22,645.71,1,-1,-1,-1
1759,7,1055.73,171.49,585.8299999999999,644.11,1,-1,-1,-1
1760,7,1055.89,172.73,585.4399999999998,642.52,1,-1,-1,-1
1761,7,1056.06,173.97,585.04,640.93,1,-1,-1,-1
1762,7,1056.09,173.34,585.8400000000001,641.99,1,-1,-1,-1
1763,7,1056.13,172.71,586.6199999999999,643.05,1,-1,-1,-1
1764,7,1056.16,172.08,587.4199999999998,644.11,1,-1,-1,-1
1765,7,1056.2,171.45,588.21,645.1700000000001,1,-1,-1,-1
1766,7,1056.23,170.82,589.0,646.23,1,-1,-1,-1
1767,7,1056.27,170.2,589.79,647.28,1,-1,-1,-1
1768,7,1056.3,169.57,590.5900000000001,648.3399999999999,1,-1,-1,-1
1769,7,1056.34,168.94,591.3700000000001,649.4000000000001,1,-1,-1,-1
1770,7,1056.37,168.31,592.1700000000001,650.46,1,-1,-1,-1
1771,7,1056.41,167.68,592.9599999999998,651.52,1,-1,-1,-1
1772,7,1056.44,167.05,593.75,652.5799999999999,1,-1,-1,-1
1773,7,1056.48,166.42,594.54,653.64,1,-1,-1,-1
1774,7,1056.51,165.79,595.3399999999999,654.7,1,-1,-1,-1
1775,7,1056.55,165.16,596.1200000000001,655.76,1,-1,-1,-1
1776,7,1056.58,164.53,596.9200000000001,656.82,1,-1,-1,-1
1777,7,1056.61,163.91,597.72,657.87,1,-1,-1,-1
1778,7,1056.65,163.28,598.5,658.9300000000001,1,-1,-1,-1
1779,7,1056.68,162.65,599.3,659.99,1,-1,-1,-1
1780,7,1056.72,162.02,600.0899999999999,661.0500000000001,1,-1,-1,-1
1781,7,1056.75,161.39,600.8800000000001,662.11,1,-1,-1,-1
1782,7,1056.79,160.76,601.6700000000001,663.17,1,-1,-1,-1
1783,7,1056.82,160.13,602.47,664.23,1,-1,-1,-1
1784,7,1056.86,159.5,603.25,665.29,1,-1,-1,-1
1785,7,1056.89,158.87,604.05,666.35,1,-1,-1,-1
1786,7,1056.93,158.25,604.8399999999999,667.4,1,-1,-1,-1
1787,7,1056.96,157.62,605.6299999999999,668.46,1,-1,-1,-1
1788,7,1057.0,156.99,606.4200000000001,669.52,1,-1,-1,-1
1789,7,1057.03,156.36,607.22,670.58,1,-1,-1,-1
1790,7,1057.07,155.73,608.0,671.64,1,-1,-1,-1
1791,7,1057.1,155.1,608.8000000000002,672.6999999999999,1,-1,-1,-1
1792,7,1056.84,153.38,612.5,674.95,1,-1,-1,-1
1793,7,1056.57,151.66,616.22,677.21,1,-1,-1,-1
1794,7,1056.31,149.93,619.9200000000001,679.47,1,-1,-1,-1
1795,7,1056.04,148.21,623.6400000000001,681.7199999999999,1,-1,-1,-1
1796,7,1055.78,146.49,627.3399999999999,683.98,1,-1,-1,-1
1797,7,1055.51,144.77,631.06,686.23,1,-1,-1,-1
1798,7,1055.25,143.04,634.76,688.49,1,-1,-1,-1
1799,7,1054.98,141.32,638.48,690.75,1,-1,-1,-1
1800,7,1054.72,139.6,642.1800000000001,693.0,1,-1,-1,-1
