224,0,719.06,553.17,68.84000000000003,74.31000000000006,1,-1,-1,-1
225,0,716.41,553.33,70.55000000000007,75.00999999999999,1,-1,-1,-1
226,0,713.76,553.49,72.26999999999998,75.71000000000004,1,-1,-1,-1
227,0,710.18,553.65,73.98000000000002,77.09000000000003,1,-1,-1,-1
228,0,706.6,553.81,75.69999999999993,78.47000000000003,1,-1,-1,-1
229,0,703.02,553.97,77.40999999999997,79.85000000000002,1,-1,-1,-1
230,0,699.44,554.13,79.13,81.23000000000002,1,-1,-1,-1
231,0,695.86,554.29,80.84000000000003,82.61000000000001,1,-1,-1,-1
232,0,692.61,553.32,82.50999999999999,83.77999999999997,1,-1,-1,-1
233,0,689.37,552.35,84.16999999999996,84.94999999999993,1,-1,-1,-1
234,0,686.12,551.37,85.84000000000003,86.13,1,-1,-1,-1
235,0,682.88,550.4,87.5,87.30000000000007,1,-1,-1,-1
236,0,679.63,549.43,89.16999999999996,88.47000000000003,1,-1,-1,-1
237,0,675.45,548.33,91.49000000000001,90.56999999999994,1,-1,-1,-1
238,0,671.27,547.22,93.81000000000006,92.67999999999995,1,-1,-1,-1
239,0,667.1,546.12,96.12,94.77999999999997,1,-1,-1,-1
240,0,662.92,545.01,98.44000000000005,96.88999999999999,1,-1,-1,-1
241,0,658.74,543.91,100.75999999999999,98.99000000000001,1,-1,-1,-1
242,0,653.98,543.02,104.0,100.48000000000002,1,-1,-1,-1
243,0,649.22,542.12,107.24000000000001,101.98000000000002,1,-1,-1,-1
244,0,644.46,541.23,110.48000000000002,103.47000000000003,1,-1,-1,-1
245,0,639.7,540.33,113.71999999999991,104.96999999999991,1,-1,-1,-1
246,0,634.94,539.44,116.95999999999992,106.45999999999992,1,-1,-1,-1
247,0,629.06,537.27,120.04000000000008,109.09000000000003,1,-1,-1,-1
248,0,623.19,535.1,123.1099999999999,111.72000000000003,1,-1,-1,-1
249,0,617.31,532.92,126.19000000000005,114.36000000000001,1,-1,-1,-1
250,0,611.44,530.75,129.26,116.99000000000001,1,-1,-1,-1
251,0,605.56,528.58,132.34000000000003,119.62,1,-1,-1,-1
251,3,715.04,548.72,58.960000000000036,84.98000000000002,1,-1,-1,-1
252,0,597.65,527.12,137.51,122.22000000000003,1,-1,-1,-1
252,3,711.64,547.93,60.74000000000001,86.53000000000009,1,-1,-1,-1
253,0,589.73,525.66,142.68999999999994,124.82000000000005,1,-1,-1,-1
253,3,708.24,547.14,62.51999999999998,88.08000000000004,1,-1,-1,-1
254,0,581.82,524.21,147.8599999999999,127.40999999999997,1,-1,-1,-1
254,3,704.83,546.36,64.30999999999995,89.62,1,-1,-1,-1
255,0,573.9,522.75,153.04000000000008,130.01,1,-1,-1,-1
255,3,701.43,545.57,66.09000000000003,91.16999999999996,1,-1,-1,-1
256,0,565.99,521.29,158.21000000000004,132.61,1,-1,-1,-1
256,3,698.03,544.78,67.87,92.72000000000003,1,-1,-1,-1
257,0,555.41,519.3,164.73000000000002,136.5200000000001,1,-1,-1,-1
257,3,694.63,543.46,69.25,94.51999999999998,1,-1,-1,-1
258,0,544.83,517.31,171.25,140.43000000000006,1,-1,-1,-1
258,3,691.23,542.14,70.63,96.32000000000005,1,-1,-1,-1
259,0,534.26,515.31,177.76,144.35000000000002,1,-1,-1,-1
259,3,687.83,540.82,72.00999999999999,98.12,1,-1,-1,-1
260,0,523.68,513.32,184.2800000000001,148.26,1,-1,-1,-1
260,3,684.43,539.5,73.3900000000001,99.91999999999996,1,-1,-1,-1
261,0,513.1,511.33,190.79999999999995,152.17000000000002,1,-1,-1,-1
261,3,681.03,538.18,74.76999999999998,101.72000000000003,1,-1,-1,-1
262,0,499.58,508.11,200.16000000000003,156.78999999999996,1,-1,-1,-1
262,3,672.97,536.41,80.80999999999995,104.38999999999999,1,-1,-1,-1
262,4,730.52,557.42,67.60000000000002,74.25999999999999,1,-1,-1,-1
263,0,486.06,504.89,209.52000000000004,161.40999999999997,1,-1,-1,-1
263,3,664.92,534.65,86.84000000000003,107.05000000000007,1,-1,-1,-1
263,4,727.07,557.33,70.16999999999996,74.63,1,-1,-1,-1
264,0,472.54,501.68,218.87999999999994,166.02000000000004,1,-1,-1,-1
264,3,656.86,532.88,92.88,109.72000000000003,1,-1,-1,-1
264,4,723.62,557.23,72.74000000000001,75.00999999999999,1,-1,-1,-1
265,0,459.02,498.46,228.24,170.64000000000004,1,-1,-1,-1
265,3,648.81,531.12,98.91000000000008,112.38,1,-1,-1,-1
265,4,720.17,557.14,75.31000000000006,75.38,1,-1,-1,-1
266,0,445.5,495.24,237.60000000000002,175.26,1,-1,-1,-1
266,3,640.75,529.35,104.95000000000005,115.04999999999995,1,-1,-1,-1
266,4,716.72,557.05,77.88,75.75,1,-1,-1,-1
267,0,426.46,491.56,250.86000000000007,181.95999999999998,1,-1,-1,-1
267,3,633.08,527.39,110.21999999999991,117.90999999999997,1,-1,-1,-1
267,4,713.27,554.66,80.26999999999998,78.42000000000007,1,-1,-1,-1
268,0,407.42,487.88,264.11999999999995,188.65999999999997,1,-1,-1,-1
268,3,625.4,525.43,115.5,120.7700000000001,1,-1,-1,-1
268,4,709.82,552.27,82.65999999999997,81.09000000000003,1,-1,-1,-1
269,0,388.38,484.2,277.38,195.35999999999996,1,-1,-1,-1
269,3,617.73,523.48,120.76999999999998,123.62,1,-1,-1,-1
269,4,706.38,549.87,85.03999999999996,83.76999999999998,1,-1,-1,-1
270,0,369.34,480.52,290.64000000000004,202.06000000000006,1,-1,-1,-1
270,3,610.05,521.52,126.05000000000007,126.48000000000002,1,-1,-1,-1
270,4,702.93,547.48,87.43000000000006,86.43999999999994,1,-1,-1,-1
271,0,350.3,476.84,303.90000000000003,208.76000000000005,1,-1,-1,-1
271,3,602.38,519.56,131.32000000000005,129.34000000000003,1,-1,-1,-1
271,4,699.48,545.09,89.81999999999994,89.11000000000001,1,-1,-1,-1
272,0,325.19,471.31,322.01000000000005,217.7,1,-1,-1,-1
272,3,593.39,518.66,137.03999999999996,131.76999999999998,1,-1,-1,-1
272,4,693.74,544.57,94.03999999999996,90.46999999999991,1,-1,-1,-1
273,0,300.09,465.79,340.11000000000007,226.62999999999994,1,-1,-1,-1
273,3,584.4,517.77,142.76999999999998,134.20000000000005,1,-1,-1,-1
273,4,688.01,544.05,98.25,91.83000000000004,1,-1,-1,-1
274,0,274.98,460.26,358.22,235.57000000000005,1,-1,-1,-1
274,3,575.41,516.87,148.49,136.63,1,-1,-1,-1
274,4,682.27,543.54,102.47000000000003,93.18000000000006,1,-1,-1,-1
275,0,248.72,454.16,376.3299999999999,244.49999999999994,1,-1,-1,-1
275,3,565.27,514.25,154.22000000000003,140.75,1,-1,-1,-1
275,4,676.54,543.02,106.68000000000006,94.53999999999996,1,-1,-1,-1
276,0,222.46,448.06,394.43999999999994,253.44,1,-1,-1,-1
276,3,555.13,511.62,159.94000000000005,144.88,1,-1,-1,-1
276,4,670.8,542.5,110.90000000000009,95.89999999999998,1,-1,-1,-1
277,0,187.23,438.72,419.44999999999993,265.9599999999999,1,-1,-1,-1
277,3,546.23,508.93,165.66999999999996,149.36999999999995,1,-1,-1,-1
277,4,671.03,541.98,109.14999999999998,97.25999999999999,1,-1,-1,-1
278,0,152.01,429.38,444.45000000000005,278.48,1,-1,-1,-1
278,3,537.33,506.24,171.39,153.86,1,-1,-1,-1
278,4,671.25,541.46,107.40999999999997,98.62,1,-1,-1,-1
279,0,116.78,420.03,469.46000000000004,291.01,1,-1,-1,-1
279,3,528.43,503.55,177.12,158.34999999999997,1,-1,-1,-1
279,4,671.48,540.94,105.65999999999997,99.9799999999999,1,-1,-1,-1
280,0,81.56,410.69,494.46,303.53000000000003,1,-1,-1,-1
280,3,519.53,500.86,182.84000000000003,162.84000000000003,1,-1,-1,-1
280,4,671.7,540.42,103.91999999999996,101.34000000000003,1,-1,-1,-1
281,0,46.33,401.35,519.4699999999999,316.04999999999995,1,-1,-1,-1
281,3,510.63,498.17,188.57000000000005,167.32999999999998,1,-1,-1,-1
281,4,671.93,539.9,102.17000000000007,102.70000000000005,1,-1,-1,-1
282,0,0.0,387.62,550.98,340.64,1,-1,-1,-1
282,3,498.14,494.42,195.44000000000005,172.83999999999997,1,-1,-1,-1
282,4,665.89,537.91,106.83000000000004,105.37,1,-1,-1,-1
283,0,0.0,373.89,536.16,375.90999999999997,1,-1,-1,-1
283,3,485.66,490.67,202.3,178.34999999999997,1,-1,-1,-1
283,4,659.84,535.92,111.5,108.04000000000008,1,-1,-1,-1
284,0,0.0,360.16,521.34,396.94,1,-1,-1,-1
284,3,473.17,486.93,209.17000000000002,183.84999999999997,1,-1,-1,-1
284,4,653.8,533.93,116.16000000000008,110.71000000000004,1,-1,-1,-1
285,0,0.0,346.43,506.52,417.96999999999997,1,-1,-1,-1
285,3,460.69,483.18,216.03000000000003,189.35999999999996,1,-1,-1,-1
285,4,647.75,531.94,120.83000000000004,113.38,1,-1,-1,-1
286,0,0.0,332.7,491.7,439.00000000000006,1,-1,-1,-1
286,3,448.2,479.43,222.90000000000003,194.86999999999995,1,-1,-1,-1
286,4,641.71,529.95,125.49000000000001,116.04999999999995,1,-1,-1,-1
287,0,0.0,327.57,472.93,437.83,1,-1,-1,-1
287,3,431.58,474.07,234.38000000000005,201.65000000000003,1,-1,-1,-1
287,4,636.3,527.8,129.5200000000001,119.04000000000008,1,-1,-1,-1
288,0,0.0,322.43,454.17,436.67,1,-1,-1,-1
288,3,414.95,468.71,245.87000000000006,208.43,1,-1,-1,-1
288,4,630.89,525.65,133.55000000000007,122.02999999999997,1,-1,-1,-1
289,0,0.0,317.3,435.4,435.49999999999994,1,-1,-1,-1
289,3,398.33,463.36,257.34999999999997,215.19999999999993,1,-1,-1,-1
289,4,625.49,523.51,137.56999999999994,125.00999999999999,1,-1,-1,-1
290,0,0.0,318.1,412.69,428.4,1,-1,-1,-1
290,3,381.7,458.0,268.84,221.98000000000002,1,-1,-1,-1
290,4,620.08,521.36,141.5999999999999,128.0,1,-1,-1,-1
291,0,0.0,318.9,389.97,421.30000000000007,1,-1,-1,-1
291,3,365.08,452.64,280.32,228.76,1,-1,-1,-1
291,4,614.67,519.21,145.63,130.99,1,-1,-1,-1
292,0,0.0,319.9,360.18,427.65,1,-1,-1,-1
292,3,339.9,445.86,296.4,240.01999999999998,1,-1,-1,-1
292,4,607.32,517.52,149.88,133.80000000000007,1,-1,-1,-1
293,0,0.0,320.9,330.39,434.0,1,-1,-1,-1
293,3,314.73,439.08,312.47,251.28000000000003,1,-1,-1,-1
293,4,599.97,515.82,154.13,136.62,1,-1,-1,-1
294,0,0.0,321.9,300.6,440.35,1,-1,-1,-1
294,3,289.55,432.3,328.55,262.54,1,-1,-1,-1
294,4,592.63,514.13,158.37,139.42999999999995,1,-1,-1,-1
295,0,0.0,328.0,271.0,441.6,1,-1,-1,-1
295,3,264.38,425.52,344.62,273.80000000000007,1,-1,-1,-1
295,4,585.28,512.43,162.62,142.25,1,-1,-1,-1
296,0,0.0,355.65,227.06,421.30000000000007,1,-1,-1,-1
296,3,239.2,418.74,360.7,285.05999999999995,1,-1,-1,-1
296,4,577.93,510.74,166.87,145.05999999999995,1,-1,-1,-1
297,0,0.0,370.53,181.37,404.24,1,-1,-1,-1
297,3,208.08,407.17,380.2199999999999,300.15000000000003,1,-1,-1,-1
297,4,568.58,507.05,172.9799999999999,149.60999999999996,1,-1,-1,-1
298,0,0.0,385.42,135.69,387.16,1,-1,-1,-1
298,3,176.97,395.6,399.73,315.24,1,-1,-1,-1
298,4,559.24,503.36,179.08000000000004,154.15999999999997,1,-1,-1,-1
299,0,0.0,400.3,90.0,370.09999999999997,1,-1,-1,-1
299,3,145.85,384.03,419.25,330.33000000000004,1,-1,-1,-1
299,4,549.89,499.68,185.19000000000005,158.7,1,-1,-1,-1
300,0,0.0,389.4,27.8,395.70000000000005,1,-1,-1,-1
300,3,114.74,372.46,438.76,345.42,1,-1,-1,-1
300,4,540.55,495.99,191.29000000000008,163.25,1,-1,-1,-1
301,3,83.62,360.89,458.28,360.51,1,-1,-1,-1
301,4,531.2,492.3,197.39999999999998,167.8,1,-1,-1,-1
302,3,45.4,345.9,479.86,384.44000000000005,1,-1,-1,-1
302,4,519.23,487.17,205.14999999999998,173.69,1,-1,-1,-1
303,3,0.0,330.5,508.62,408.78,1,-1,-1,-1
303,4,507.25,482.04,212.90999999999997,179.57999999999998,1,-1,-1,-1
304,3,0.0,311.8,491.98,436.42,1,-1,-1,-1
304,4,495.28,476.91,220.66000000000008,185.46999999999997,1,-1,-1,-1
305,3,0.0,293.1,475.34,464.05999999999995,1,-1,-1,-1
305,4,483.3,471.78,228.42000000000002,191.36,1,-1,-1,-1
306,3,0.0,279.73,458.7,486.37,1,-1,-1,-1
306,4,471.33,466.65,236.17000000000002,197.25,1,-1,-1,-1
307,3,0.0,276.41,433.85,488.36999999999995,1,-1,-1,-1
307,4,454.17,460.85,247.10999999999996,205.26999999999998,1,-1,-1,-1
308,3,0.0,273.09,409.0,490.37000000000006,1,-1,-1,-1
308,4,437.0,455.06,258.05999999999995,213.28000000000003,1,-1,-1,-1
309,3,0.0,269.78,385.0,492.36,1,-1,-1,-1
309,4,419.84,449.26,269.00000000000006,221.29999999999995,1,-1,-1,-1
310,3,0.0,266.46,353.8,494.36000000000007,1,-1,-1,-1
310,4,402.67,443.47,279.95,229.30999999999995,1,-1,-1,-1
311,3,0.0,263.14,322.6,496.36,1,-1,-1,-1
311,4,385.51,437.67,290.89,237.32999999999998,1,-1,-1,-1
312,3,0.0,261.1,294.0,500.17999999999995,1,-1,-1,-1
312,4,362.1,431.42,306.28,248.56,1,-1,-1,-1
313,3,0.0,388.2,257.9,374.85999999999996,1,-1,-1,-1
313,4,338.69,425.17,321.67,259.79,1,-1,-1,-1
314,3,0.0,379.4,217.5,385.44000000000005,1,-1,-1,-1
314,4,315.29,418.93,337.05,271.01000000000005,1,-1,-1,-1
315,3,0.0,366.95,171.7,399.67,1,-1,-1,-1
315,4,291.88,412.68,352.44000000000005,282.23999999999995,1,-1,-1,-1
316,3,0.0,354.5,125.9,413.9,1,-1,-1,-1
316,4,268.47,406.43,367.8299999999999,293.46999999999997,1,-1,-1,-1
317,3,0.0,356.5,80.6,410.12,1,-1,-1,-1
317,4,238.18,396.49,387.42,308.56999999999994,1,-1,-1,-1
318,3,0.0,355.8,19.5,409.04,1,-1,-1,-1
318,4,207.89,386.54,407.01,323.68,1,-1,-1,-1
319,4,177.6,376.6,426.6,338.78,1,-1,-1,-1
320,4,142.48,363.92,449.62,356.61999999999995,1,-1,-1,-1
321,4,107.36,351.24,472.64,374.46000000000004,1,-1,-1,-1
322,4,71.57,336.29,493.41,397.43,1,-1,-1,-1
323,4,35.79,321.35,514.1700000000001,420.39,1,-1,-1,-1
324,4,0.0,306.4,534.94,443.36,1,-1,-1,-1
325,4,0.0,286.7,519.92,471.08,1,-1,-1,-1
326,4,0.0,267.0,504.9,498.79999999999995,1,-1,-1,-1
327,4,0.0,263.75,486.15,502.13,1,-1,-1,-1
328,4,0.0,260.5,467.4,505.46000000000004,1,-1,-1,-1
329,4,0.0,255.78,442.93,510.26,1,-1,-1,-1
330,4,0.0,251.06,418.47,515.06,1,-1,-1,-1
331,4,0.0,246.34,394.0,519.86,1,-1,-1,-1
332,4,0.0,243.49,362.8,522.26,1,-1,-1,-1
333,4,0.0,240.63,331.6,524.67,1,-1,-1,-1
334,4,0.0,230.9,299.0,545.4300000000001,1,-1,-1,-1
335,4,0.0,374.8,253.5,412.57,1,-1,-1,-1
336,4,0.0,360.8,208.0,437.59999999999997,1,-1,-1,-1
337,4,0.0,337.91,168.0,454.05,1,-1,-1,-1
338,4,0.0,335.6,111.2,472.19999999999993,1,-1,-1,-1
339,4,0.0,338.46,56.13,488.09,1,-1,-1,-1
449,16,932.56,545.22,66.12,75.88,1,-1,-1,-1
450,16,931.98,544.64,66.25999999999999,76.46000000000004,1,-1,-1,-1
451,16,931.4,544.06,66.39999999999998,77.04000000000008,1,-1,-1,-1
452,16,930.73,544.86,66.88999999999999,77.31999999999994,1,-1,-1,-1
453,16,930.06,545.66,67.38000000000011,77.60000000000002,1,-1,-1,-1
454,16,929.39,546.46,67.87,77.88,1,-1,-1,-1
455,16,928.72,547.26,68.36000000000001,78.15999999999997,1,-1,-1,-1
456,16,928.05,548.06,68.85000000000002,78.44000000000005,1,-1,-1,-1
457,16,927.92,549.94,68.88,78.65999999999997,1,-1,-1,-1
458,16,927.8,551.82,68.90000000000009,78.88,1,-1,-1,-1
459,16,927.4,553.7,69.20000000000005,79.09999999999991,1,-1,-1,-1
460,16,927.5,555.58,69.0,79.31999999999994,1,-1,-1,-1
461,16,927.0,557.46,69.39999999999998,79.53999999999996,1,-1,-1,-1
462,16,924.8,557.46,71.88,80.05999999999995,1,-1,-1,-1
463,16,924.73,557.46,72.23000000000002,80.57999999999993,1,-1,-1,-1
464,16,924.67,557.46,72.57000000000005,81.09999999999991,1,-1,-1,-1
465,16,924.6,557.46,72.91999999999996,81.62,1,-1,-1,-1
466,16,924.7,557.46,73.09999999999991,82.13999999999999,1,-1,-1,-1
467,16,923.8,555.98,74.18000000000006,82.91999999999996,1,-1,-1,-1
468,16,924.95,554.5,74.03999999999996,83.70000000000005,1,-1,-1,-1
469,16,926.1,553.02,73.89999999999998,84.48000000000002,1,-1,-1,-1
470,16,926.6,551.54,72.75,85.25999999999999,1,-1,-1,-1
471,16,926.4,550.06,74.0,86.04000000000008,1,-1,-1,-1
472,16,926.04,549.51,75.08000000000004,86.23000000000002,1,-1,-1,-1
473,16,925.68,548.96,76.17000000000007,86.41999999999996,1,-1,-1,-1
474,16,925.33,548.41,77.24000000000001,86.61000000000001,1,-1,-1,-1
475,16,924.97,547.86,78.32999999999993,86.79999999999995,1,-1,-1,-1
476,16,924.61,547.31,78.59000000000003,86.99000000000001,1,-1,-1,-1
477,16,923.84,547.54,79.28999999999996,87.72000000000003,1,-1,-1,-1
478,16,923.07,547.76,80.0,88.46000000000004,1,-1,-1,-1
479,16,922.3,547.99,80.70000000000005,89.18999999999994,1,-1,-1,-1
480,16,923.5,548.22,79.60000000000002,89.91999999999996,1,-1,-1,-1
481,16,924.7,548.45,76.5,90.64999999999998,1,-1,-1,-1
482,16,924.31,549.24,77.83000000000004,91.03999999999996,1,-1,-1,-1
483,16,923.91,550.04,79.17000000000007,91.42000000000007,1,-1,-1,-1
484,16,923.52,550.83,80.5,91.80999999999995,1,-1,-1,-1
485,16,923.12,551.63,81.84000000000003,92.19000000000005,1,-1,-1,-1
486,16,922.73,552.42,83.16999999999996,92.58000000000004,1,-1,-1,-1
487,16,923.72,550.9,83.67999999999995,93.25999999999999,1,-1,-1,-1
488,16,924.72,549.39,84.17999999999995,93.93000000000006,1,-1,-1,-1
489,16,925.71,547.87,84.68999999999994,94.61000000000001,1,-1,-1,-1
490,16,926.71,546.36,85.18999999999994,95.27999999999997,1,-1,-1,-1
491,16,927.7,544.84,85.69999999999993,95.95999999999992,1,-1,-1,-1
492,16,928.59,544.18,85.76999999999998,96.54000000000008,1,-1,-1,-1
493,16,929.48,543.51,85.84000000000003,97.13,1,-1,-1,-1
494,16,930.36,542.85,85.91999999999996,97.70999999999992,1,-1,-1,-1
495,16,931.25,542.18,85.99000000000001,98.30000000000007,1,-1,-1,-1
496,16,932.14,541.52,86.06000000000006,98.88,1,-1,-1,-1
497,16,931.7,542.51,89.89999999999998,99.47000000000003,1,-1,-1,-1
498,16,932.92,543.51,89.60000000000002,100.04999999999995,1,-1,-1,-1
499,16,934.13,544.51,89.32000000000005,100.63,1,-1,-1,-1
500,16,935.35,545.51,89.03000000000009,101.21000000000004,1,-1,-1,-1
501,16,936.57,546.51,88.7299999999999,101.78999999999996,1,-1,-1,-1
502,16,937.05,547.71,92.15000000000009,102.75,1,-1,-1,-1
503,16,936.2,548.91,94.84999999999991,103.71000000000004,1,-1,-1,-1
504,16,937.13,550.11,95.7700000000001,104.66999999999996,1,-1,-1,-1
505,16,938.05,551.32,96.70000000000005,105.62,1,-1,-1,-1
506,16,938.98,552.52,97.61999999999989,106.58000000000004,1,-1,-1,-1
507,16,939.33,552.71,98.07000000000005,106.54999999999995,1,-1,-1,-1
508,16,939.68,552.91,98.5200000000001,106.51999999999998,1,-1,-1,-1
509,16,940.03,553.1,98.97000000000003,106.49000000000001,1,-1,-1,-1
510,16,940.38,552.16,99.41999999999996,107.59000000000003,1,-1,-1,-1
511,16,940.73,551.22,99.86999999999989,108.69999999999993,1,-1,-1,-1
512,16,941.01,550.64,101.04999999999995,109.39999999999998,1,-1,-1,-1
513,16,941.29,550.06,102.23000000000002,110.09000000000003,1,-1,-1,-1
514,16,941.56,549.47,103.42000000000007,110.79999999999995,1,-1,-1,-1
515,16,941.84,548.89,104.60000000000002,111.49000000000001,1,-1,-1,-1
516,16,942.12,548.31,105.78000000000009,112.19000000000005,1,-1,-1,-1
517,16,942.29,548.39,107.09000000000015,112.88999999999999,1,-1,-1,-1
518,16,942.45,548.47,108.40999999999985,113.58999999999992,1,-1,-1,-1
519,16,942.62,548.56,109.71999999999991,114.28000000000009,1,-1,-1,-1
520,16,942.78,548.64,111.03999999999996,114.98000000000002,1,-1,-1,-1
521,16,942.95,548.72,112.34999999999991,115.67999999999995,1,-1,-1,-1
522,16,943.48,547.79,113.59999999999991,116.59000000000003,1,-1,-1,-1
523,16,944.01,546.85,114.84999999999991,117.50999999999999,1,-1,-1,-1
524,16,944.53,545.92,116.11000000000013,118.42000000000007,1,-1,-1,-1
525,16,945.06,544.98,117.36000000000013,119.34000000000003,1,-1,-1,-1
526,16,945.59,544.05,118.61000000000001,120.25,1,-1,-1,-1
527,16,945.2,543.43,121.25999999999999,121.17000000000007,1,-1,-1,-1
528,16,948.0,542.81,120.72000000000003,122.09000000000003,1,-1,-1,-1
529,16,949.6,542.2,121.38,123.0,1,-1,-1,-1
530,16,951.4,541.58,121.84000000000003,123.91999999999996,1,-1,-1,-1
531,16,951.8,540.96,123.70000000000005,124.83999999999992,1,-1,-1,-1
532,16,953.22,540.2,124.59999999999991,125.88,1,-1,-1,-1
533,16,954.65,539.44,125.49000000000012,126.91999999999996,1,-1,-1,-1
534,16,956.08,538.69,126.38,127.94999999999993,1,-1,-1,-1
535,16,957.5,537.93,127.27999999999997,128.99,1,-1,-1,-1
536,16,964.8,537.17,122.29999999999995,130.0300000000001,1,-1,-1,-1
537,16,966.68,536.73,122.89999999999998,130.75,1,-1,-1,-1
538,16,968.55,536.29,123.50999999999999,131.47000000000003,1,-1,-1,-1
539,16,970.43,535.85,124.11000000000001,132.18999999999994,1,-1,-1,-1
540,16,972.3,535.41,124.72000000000003,132.91000000000008,1,-1,-1,-1
541,16,974.18,534.97,125.32000000000005,133.63,1,-1,-1,-1
542,16,975.02,534.61,127.33999999999992,134.92999999999995,1,-1,-1,-1
543,16,975.86,534.25,129.36,136.23000000000002,1,-1,-1,-1
544,16,976.71,533.89,131.3699999999999,137.52999999999997,1,-1,-1,-1
545,16,977.55,533.53,133.3900000000001,138.83000000000004,1,-1,-1,-1
546,16,978.39,533.17,135.40999999999997,140.13,1,-1,-1,-1
547,16,979.1,532.14,137.93999999999994,141.44000000000005,1,-1,-1,-1
548,16,979.81,531.12,140.47000000000003,142.74,1,-1,-1,-1
549,16,980.52,530.09,143.0,144.04999999999995,1,-1,-1,-1
550,16,981.23,529.07,145.52999999999997,145.3499999999999,1,-1,-1,-1
551,16,981.94,528.04,148.05999999999995,146.66000000000008,1,-1,-1,-1
552,16,981.46,527.28,151.8599999999999,148.16000000000008,1,-1,-1,-1
553,16,980.98,526.51,155.66000000000008,149.66999999999996,1,-1,-1,-1
554,16,980.5,525.75,159.46000000000004,151.16999999999996,1,-1,-1,-1
555,16,981.72,524.99,161.55999999999995,152.66999999999996,1,-1,-1,-1
556,16,982.94,524.22,163.65999999999985,154.17999999999995,1,-1,-1,-1
557,16,984.45,523.72,165.75,155.53999999999996,1,-1,-1,-1
558,16,985.96,523.22,167.83999999999992,156.89999999999998,1,-1,-1,-1
559,16,987.48,522.72,169.92000000000007,158.26,1,-1,-1,-1
560,16,988.99,522.22,172.01,159.62,1,-1,-1,-1
561,16,990.5,521.72,174.0999999999999,160.98000000000002,1,-1,-1,-1
562,16,992.21,520.72,176.14999999999986,162.74,1,-1,-1,-1
563,16,993.93,519.71,178.18999999999994,164.51,1,-1,-1,-1
564,16,995.64,518.71,180.24000000000012,166.26999999999998,1,-1,-1,-1
565,16,997.36,517.7,182.2800000000001,168.03999999999996,1,-1,-1,-1
566,16,999.07,516.7,184.33000000000004,169.79999999999995,1,-1,-1,-1
567,16,1001.03,515.38,186.93000000000006,171.56000000000006,1,-1,-1,-1
568,16,1003.0,514.05,189.51999999999998,173.33000000000004,1,-1,-1,-1
569,16,1004.96,512.73,192.1199999999999,175.09000000000003,1,-1,-1,-1
570,16,1006.93,511.4,194.71000000000015,176.86,1,-1,-1,-1
571,16,1008.89,510.08,197.31000000000006,178.62000000000006,1,-1,-1,-1
572,16,1008.5,509.31,202.44000000000005,180.60999999999996,1,-1,-1,-1
573,16,1008.1,508.55,207.58000000000004,182.58999999999997,1,-1,-1,-1
574,16,1006.3,507.78,214.12000000000012,184.58000000000004,1,-1,-1,-1
575,16,1008.62,507.01,216.54000000000008,186.57000000000005,1,-1,-1,-1
576,16,1010.95,506.25,218.95000000000005,188.54999999999995,1,-1,-1,-1
577,16,1014.4,505.49,221.34000000000003,190.68999999999994,1,-1,-1,-1
578,16,1017.84,504.72,223.7399999999999,192.83999999999992,1,-1,-1,-1
579,16,1021.29,503.96,226.1300000000001,194.98000000000008,1,-1,-1,-1
580,16,1024.73,503.19,228.52999999999997,197.13000000000005,1,-1,-1,-1
581,1,929.82,550.7,58.979999999999905,85.0,1,-1,-1,-1
581,16,1028.18,502.43,230.91999999999985,199.27000000000004,1,-1,-1,-1
582,1,929.92,550.73,59.35000000000002,85.53999999999996,1,-1,-1,-1
582,16,1025.39,501.62,240.55999999999995,201.89999999999998,1,-1,-1,-1
583,1,930.02,550.77,59.72000000000003,86.07000000000005,1,-1,-1,-1
583,16,1022.6,500.8,250.19999999999993,204.54000000000002,1,-1,-1,-1
584,1,930.12,550.8,60.09000000000003,86.61000000000001,1,-1,-1,-1
584,16,1024.14,499.99,255.51,207.16999999999996,1,-1,-1,-1
585,1,930.22,550.83,60.45999999999992,87.14999999999998,1,-1,-1,-1
585,16,1025.67,499.17,260.8299999999999,209.81,1,-1,-1,-1
586,1,930.32,550.87,60.82999999999993,87.67999999999995,1,-1,-1,-1
586,16,1027.21,498.36,266.1399999999999,212.43999999999994,1,-1,-1,-1
587,1,930.42,550.9,61.200000000000045,88.22000000000003,1,-1,-1,-1
587,16,1028.75,497.54,271.45000000000005,215.07999999999998,1,-1,-1,-1
588,1,930.52,550.93,61.57000000000005,88.7600000000001,1,-1,-1,-1
588,16,1030.28,496.72,276.77,217.72000000000003,1,-1,-1,-1
589,1,930.62,550.96,61.93999999999994,89.29999999999995,1,-1,-1,-1
589,16,1031.82,495.91,282.08000000000015,220.34999999999997,1,-1,-1,-1
590,1,930.72,551.0,62.309999999999945,89.83000000000004,1,-1,-1,-1
590,16,1033.35,495.09,287.4000000000001,222.99000000000007,1,-1,-1,-1
591,1,930.82,551.03,62.67999999999995,90.37,1,-1,-1,-1
591,16,1034.89,494.28,292.7099999999998,225.62,1,-1,-1,-1
592,1,930.98,550.47,63.0,91.16999999999996,1,-1,-1,-1
592,16,1035.1,492.77,301.3600000000001,229.34000000000003,1,-1,-1,-1
593,1,931.14,549.91,63.32000000000005,91.97000000000003,1,-1,-1,-1
593,16,1038.32,491.25,307.0,233.07000000000005,1,-1,-1,-1
594,1,931.3,549.35,63.6400000000001,92.76999999999998,1,-1,-1,-1
594,16,1041.55,489.74,312.6300000000001,236.78999999999996,1,-1,-1,-1
595,1,931.46,548.79,63.95999999999992,93.57000000000005,1,-1,-1,-1
595,16,1044.78,488.22,318.26,240.51999999999998,1,-1,-1,-1
596,1,931.62,548.24,64.27999999999997,94.36000000000001,1,-1,-1,-1
596,16,1048.0,486.7,323.9000000000001,244.25000000000006,1,-1,-1,-1
597,1,931.77,547.68,64.61000000000001,95.16000000000008,1,-1,-1,-1
597,16,1049.47,485.18,332.8899999999999,247.97999999999996,1,-1,-1,-1
598,1,931.93,547.12,64.93000000000006,95.96000000000004,1,-1,-1,-1
598,16,1050.93,483.66,341.8899999999999,251.70999999999998,1,-1,-1,-1
599,1,932.09,546.56,65.25,96.7600000000001,1,-1,-1,-1
599,16,1052.4,482.14,350.8799999999999,255.44000000000005,1,-1,-1,-1
600,1,932.25,546.0,65.57000000000005,97.55999999999995,1,-1,-1,-1
600,16,1056.75,480.62,356.99,259.16999999999996,1,-1,-1,-1
601,1,932.41,545.44,65.88999999999999,98.3599999999999,1,-1,-1,-1
601,16,1061.1,479.11,363.10000000000014,262.89,1,-1,-1,-1
602,1,932.65,545.34,66.37,99.62,1,-1,-1,-1
602,16,1062.24,477.79,374.44000000000005,267.95,1,-1,-1,-1
603,1,932.89,545.25,66.85000000000002,100.87,1,-1,-1,-1
603,16,1063.38,476.47,385.78,273.01,1,-1,-1,-1
604,1,933.13,545.15,67.33000000000004,102.13,1,-1,-1,-1
604,16,1064.52,475.14,397.1200000000001,278.08000000000004,1,-1,-1,-1
605,1,933.37,545.06,67.80999999999995,103.38000000000011,1,-1,-1,-1
605,16,1065.66,473.82,408.4599999999998,283.14000000000004,1,-1,-1,-1
606,1,933.61,544.96,68.28999999999996,104.63999999999999,1,-1,-1,-1
606,16,1066.8,472.5,419.79999999999995,288.20000000000005,1,-1,-1,-1
607,1,934.04,544.1,68.38,105.29999999999995,1,-1,-1,-1
607,16,1067.2,468.88,434.8599999999999,295.56000000000006,1,-1,-1,-1
608,1,934.47,543.24,68.47000000000003,105.96000000000004,1,-1,-1,-1
608,16,1067.6,465.25,449.9200000000001,302.92999999999995,1,-1,-1,-1
609,1,934.91,542.37,68.55000000000007,106.63,1,-1,-1,-1
609,16,1072.33,461.63,460.6500000000001,310.28999999999996,1,-1,-1,-1
610,1,935.34,541.51,68.63999999999999,107.28999999999996,1,-1,-1,-1
610,16,1077.07,458.01,471.3700000000001,317.65,1,-1,-1,-1
611,1,935.77,540.65,68.73000000000002,107.95000000000005,1,-1,-1,-1
611,16,1081.8,454.39,482.10000000000014,325.01,1,-1,-1,-1
612,1,935.9,539.68,69.36000000000001,108.18000000000006,1,-1,-1,-1
612,16,1080.5,448.26,502.1400000000001,335.06000000000006,1,-1,-1,-1
613,1,936.04,538.71,69.98000000000002,108.40999999999997,1,-1,-1,-1
613,16,1083.48,442.13,517.9000000000001,345.11,1,-1,-1,-1
614,1,936.17,537.74,70.61000000000001,108.63999999999999,1,-1,-1,-1
614,16,1086.46,436.01,533.6599999999999,355.15,1,-1,-1,-1
615,1,936.31,536.77,71.23000000000002,108.87,1,-1,-1,-1
615,16,1089.44,429.88,549.4199999999998,365.20000000000005,1,-1,-1,-1
616,1,936.44,535.8,71.8599999999999,109.10000000000002,1,-1,-1,-1
616,16,1092.42,423.76,565.1799999999998,375.24,1,-1,-1,-1
617,1,936.19,534.82,73.06999999999994,109.89999999999998,1,-1,-1,-1
617,16,1097.58,415.98,582.3400000000001,388.03999999999996,1,-1,-1,-1
618,1,935.94,533.83,74.27999999999997,110.70999999999992,1,-1,-1,-1
618,16,1102.74,408.2,599.5,400.84,1,-1,-1,-1
619,1,935.69,532.85,75.4899999999999,111.50999999999999,1,-1,-1,-1
619,16,1107.9,400.41,616.6599999999999,413.6499999999999,1,-1,-1,-1
620,1,935.44,531.86,76.69999999999993,112.31999999999994,1,-1,-1,-1
620,16,1113.06,392.63,633.8200000000002,426.45000000000005,1,-1,-1,-1
621,1,935.19,530.88,77.90999999999997,113.12,1,-1,-1,-1
621,16,1118.22,384.85,650.98,439.25,1,-1,-1,-1
622,1,934.9,531.05,78.88,114.21000000000004,1,-1,-1,-1
622,16,1118.6,376.58,676.2,456.06,1,-1,-1,-1
623,1,934.62,531.22,79.84000000000003,115.29999999999995,1,-1,-1,-1
623,16,1122.02,368.31,698.3800000000001,472.86999999999995,1,-1,-1,-1
624,1,934.33,531.4,80.80999999999995,116.38,1,-1,-1,-1
624,16,1125.45,360.04,720.55,489.68,1,-1,-1,-1
625,1,934.05,531.57,81.7700000000001,117.46999999999991,1,-1,-1,-1
625,16,1128.88,351.77,742.7199999999998,506.49,1,-1,-1,-1
626,1,933.76,531.74,82.74000000000001,118.55999999999995,1,-1,-1,-1
626,16,1132.3,343.5,764.9000000000001,523.3,1,-1,-1,-1
627,1,934.39,531.68,82.81000000000006,118.5,1,-1,-1,-1
627,16,1141.11,331.27,778.8900000000001,547.25,1,-1,-1,-1
628,1,935.02,531.63,82.88,118.42999999999995,1,-1,-1,-1
628,16,1137.8,319.03,782.2,571.21,1,-1,-1,-1
629,1,935.66,531.57,82.94000000000005,118.37,1,-1,-1,-1
629,16,1143.99,306.8,776.01,595.1600000000001,1,-1,-1,-1
630,1,936.29,531.52,83.00999999999999,118.30000000000007,1,-1,-1,-1
630,16,1150.18,294.56,769.8199999999999,619.1199999999999,1,-1,-1,-1
631,1,936.92,531.46,83.08000000000004,118.24000000000001,1,-1,-1,-1
631,16,1156.37,282.33,763.6300000000001,643.0699999999999,1,-1,-1,-1
632,1,937.4,529.88,83.46000000000004,119.44000000000005,1,-1,-1,-1
632,16,1162.09,264.96,757.9100000000001,660.44,1,-1,-1,-1
633,1,937.88,528.3,83.84000000000003,120.6400000000001,1,-1,-1,-1
633,16,1167.81,247.6,752.19,677.8,1,-1,-1,-1
634,1,938.36,526.72,84.22000000000003,121.83999999999992,1,-1,-1,-1
634,16,1173.54,230.23,746.46,695.17,1,-1,-1,-1
635,1,938.84,525.14,84.60000000000002,123.03999999999996,1,-1,-1,-1
635,16,1179.26,212.87,740.74,712.53,1,-1,-1,-1
636,1,939.32,523.56,84.9799999999999,124.24000000000001,1,-1,-1,-1
636,16,1184.98,195.5,735.02,729.9,1,-1,-1,-1
637,1,939.79,521.97,85.37000000000012,125.44999999999993,1,-1,-1,-1
637,16,1190.71,178.1,729.29,747.3,1,-1,-1,-1
638,1,940.27,520.39,85.75,126.64999999999998,1,-1,-1,-1
638,16,1196.43,181.5,723.5699999999999,743.9,1,-1,-1,-1
639,1,940.75,518.81,86.13000000000011,127.85000000000002,1,-1,-1,-1
639,16,1202.15,184.9,717.8499999999999,740.5,1,-1,-1,-1
640,1,941.23,517.23,86.50999999999999,129.04999999999995,1,-1,-1,-1
640,16,1207.88,188.3,712.1199999999999,737.0999999999999,1,-1,-1,-1
641,1,941.71,515.65,86.88999999999987,130.25,1,-1,-1,-1
641,16,1213.6,191.7,706.4000000000001,733.7,1,-1,-1,-1
642,1,942.04,515.22,87.38000000000011,130.81999999999994,1,-1,-1,-1
642,16,1220.36,192.8,699.6400000000001,747.8799999999999,1,-1,-1,-1
643,1,942.38,514.79,87.86000000000001,131.39,1,-1,-1,-1
643,16,1227.12,193.9,692.8800000000001,762.0600000000001,1,-1,-1,-1
644,1,942.71,514.35,88.34999999999991,131.97000000000003,1,-1,-1,-1
644,16,1233.88,195.0,686.1199999999999,776.24,1,-1,-1,-1
645,1,943.05,513.92,88.83000000000015,132.54000000000008,1,-1,-1,-1
645,16,1240.64,196.1,679.3599999999999,790.42,1,-1,-1,-1
646,1,943.38,513.49,89.32000000000005,133.11,1,-1,-1,-1
646,16,1247.4,197.2,672.5999999999999,804.5999999999999,1,-1,-1,-1
647,1,943.72,513.06,90.18000000000006,134.46000000000004,1,-1,-1,-1
647,16,1255.74,202.26,664.26,814.82,1,-1,-1,-1
648,1,944.05,512.63,91.04999999999995,135.81000000000006,1,-1,-1,-1
648,16,1264.08,207.32,655.9200000000001,825.04,1,-1,-1,-1
649,1,944.39,512.2,91.90999999999997,137.15999999999997,1,-1,-1,-1
649,16,1272.42,212.38,647.5799999999999,835.2600000000001,1,-1,-1,-1
650,1,944.72,511.77,92.77999999999997,138.51,1,-1,-1,-1
650,16,1280.76,217.44,639.24,845.48,1,-1,-1,-1
651,1,945.06,511.34,93.6400000000001,139.86000000000007,1,-1,-1,-1
651,16,1289.1,222.5,630.9000000000001,855.7,1,-1,-1,-1
652,1,945.35,511.34,94.39999999999998,140.82,1,-1,-1,-1
652,16,1299.47,226.32,620.53,851.8800000000001,1,-1,-1,-1
653,1,945.64,511.34,95.15999999999997,141.78000000000003,1,-1,-1,-1
653,16,1309.84,230.14,610.1600000000001,848.0600000000001,1,-1,-1,-1
654,1,945.92,511.34,95.92999999999995,142.74000000000007,1,-1,-1,-1
654,16,1320.21,233.96,599.79,844.24,1,-1,-1,-1
655,1,946.21,511.34,96.69000000000005,143.7,1,-1,-1,-1
655,16,1330.58,237.78,589.4200000000001,840.4200000000001,1,-1,-1,-1
656,1,946.5,511.34,97.45000000000005,144.66000000000003,1,-1,-1,-1
656,16,1340.95,241.6,579.05,836.6,1,-1,-1,-1
657,1,946.79,511.34,98.21000000000004,145.62000000000006,1,-1,-1,-1
657,16,1351.32,243.03,568.6800000000001,835.1700000000001,1,-1,-1,-1
658,1,947.08,511.34,98.96999999999991,146.57999999999998,1,-1,-1,-1
658,16,1361.69,244.47,558.31,833.73,1,-1,-1,-1
659,1,947.36,511.34,99.7399999999999,147.54000000000002,1,-1,-1,-1
659,16,1372.06,245.9,547.94,832.3000000000001,1,-1,-1,-1
660,1,947.65,511.34,100.50000000000011,148.50000000000006,1,-1,-1,-1
660,16,1382.43,235.4,537.5699999999999,842.8000000000001,1,-1,-1,-1
661,1,947.94,511.34,101.25999999999999,149.45999999999998,1,-1,-1,-1
661,16,1392.8,224.9,527.2,853.3000000000001,1,-1,-1,-1
662,1,947.74,511.07,102.34999999999991,150.44,1,-1,-1,-1
662,16,1405.28,214.98,514.72,863.22,1,-1,-1,-1
663,1,947.54,510.8,103.44000000000005,151.41000000000003,1,-1,-1,-1
663,16,1417.76,205.06,502.24,873.1400000000001,1,-1,-1,-1
664,1,947.34,510.54,104.54000000000008,152.37999999999994,1,-1,-1,-1
664,6,859.77,563.47,66.84000000000003,74.92999999999995,1,-1,-1,-1
664,16,1430.24,195.14,489.76,883.0600000000001,1,-1,-1,-1
665,1,947.14,510.27,105.63,153.35000000000002,1,-1,-1,-1
665,6,858.54,562.77,68.04000000000008,75.93000000000006,1,-1,-1,-1
665,16,1442.72,185.22,477.28,892.98,1,-1,-1,-1
666,1,946.94,510.0,106.72000000000003,154.33000000000004,1,-1,-1,-1
666,6,857.31,562.08,69.24000000000001,76.91999999999996,1,-1,-1,-1
666,16,1455.2,175.3,464.79999999999995,902.9000000000001,1,-1,-1,-1
667,1,947.14,508.54,107.81000000000006,155.3,1,-1,-1,-1
667,6,856.07,561.38,70.44999999999993,77.91999999999996,1,-1,-1,-1
667,16,1471.1,164.24,448.9000000000001,913.96,1,-1,-1,-1
668,1,947.34,507.08,108.89999999999998,156.28000000000003,1,-1,-1,-1
668,6,854.84,560.68,71.64999999999998,78.92000000000007,1,-1,-1,-1
668,16,1487.0,153.18,433.0,925.02,1,-1,-1,-1
669,1,947.54,505.63,109.98000000000002,157.24,1,-1,-1,-1
669,6,853.61,559.98,72.85000000000002,79.91999999999996,1,-1,-1,-1
669,16,1502.9,142.12,417.0999999999999,936.08,1,-1,-1,-1
670,1,947.74,504.17,111.06999999999994,158.21999999999997,1,-1,-1,-1
670,6,852.38,559.28,74.04999999999995,80.92000000000007,1,-1,-1,-1
670,16,1518.8,131.06,401.20000000000005,947.1400000000001,1,-1,-1,-1
671,1,947.94,502.71,112.15999999999985,159.19,1,-1,-1,-1
671,6,851.15,558.58,75.25,81.91999999999996,1,-1,-1,-1
671,16,1534.7,120.0,385.29999999999995,958.2,1,-1,-1,-1
672,1,947.83,502.25,113.08000000000004,160.86,1,-1,-1,-1
672,6,848.72,558.41,76.72000000000003,82.82000000000005,1,-1,-1,-1
672,16,1553.72,108.7,366.28,966.78,1,-1,-1,-1
673,1,947.71,501.79,114.00999999999999,162.53000000000003,1,-1,-1,-1
673,6,846.29,558.25,78.19000000000005,83.71000000000004,1,-1,-1,-1
673,16,1572.74,97.4,347.26,975.37,1,-1,-1,-1
674,1,947.6,501.33,114.92999999999995,164.2,1,-1,-1,-1
674,6,843.86,558.08,79.65999999999997,84.61000000000001,1,-1,-1,-1
674,16,1591.76,86.1,328.24,983.9499999999999,1,-1,-1,-1
675,1,947.48,500.87,115.8599999999999,165.87,1,-1,-1,-1
675,6,841.43,557.92,81.13,85.5,1,-1,-1,-1
675,16,1610.78,81.95,309.22,985.3799999999999,1,-1,-1,-1
676,1,947.37,500.41,116.78000000000009,167.54000000000002,1,-1,-1,-1
676,6,839.0,557.75,82.60000000000002,86.39999999999998,1,-1,-1,-1
676,16,1629.8,77.8,290.20000000000005,986.81,1,-1,-1,-1
677,1,947.25,499.95,117.71000000000004,169.20999999999998,1,-1,-1,-1
677,6,836.58,557.58,84.05999999999995,87.29999999999995,1,-1,-1,-1
677,16,1652.26,67.1,267.74,994.7900000000001,1,-1,-1,-1
678,1,947.13,499.49,118.63999999999999,170.88,1,-1,-1,-1
678,6,834.15,557.42,85.52999999999997,88.19000000000005,1,-1,-1,-1
678,16,1671.28,73.53,248.72000000000003,985.6500000000001,1,-1,-1,-1
679,1,947.02,499.03,119.55999999999995,172.55000000000007,1,-1,-1,-1
679,6,831.72,557.25,87.0,89.09000000000003,1,-1,-1,-1
679,16,1690.3,79.96,229.70000000000005,976.5,1,-1,-1,-1
680,1,946.9,498.57,120.49000000000012,174.21999999999997,1,-1,-1,-1
680,6,829.29,557.09,88.47000000000003,89.98000000000002,1,-1,-1,-1
680,16,1716.21,86.39,203.78999999999996,967.35,1,-1,-1,-1
681,1,946.79,498.11,121.41000000000008,175.89,1,-1,-1,-1
681,6,826.86,556.92,89.93999999999994,90.88,1,-1,-1,-1
681,16,1742.12,92.82,177.8800000000001,958.2,1,-1,-1,-1
682,1,945.06,497.16,122.55999999999995,176.73999999999995,1,-1,-1,-1
682,6,822.85,555.95,90.87,92.2299999999999,1,-1,-1,-1
682,16,1762.56,85.36,157.44000000000005,965.66,1,-1,-1,-1
683,1,943.33,496.21,123.70999999999992,177.58999999999997,1,-1,-1,-1
683,6,818.83,554.98,91.80999999999995,93.57999999999993,1,-1,-1,-1
683,16,1783.0,77.9,137.0,973.12,1,-1,-1,-1
684,1,941.6,495.26,124.85000000000002,178.44000000000005,1,-1,-1,-1
684,6,814.82,554.02,92.7399999999999,94.92000000000007,1,-1,-1,-1
684,16,1809.43,82.4,110.56999999999994,968.62,1,-1,-1,-1
685,1,939.87,494.31,125.99999999999989,179.29000000000002,1,-1,-1,-1
685,6,810.8,553.05,93.68000000000006,96.2700000000001,1,-1,-1,-1
685,16,1835.87,86.9,84.13000000000011,964.12,1,-1,-1,-1
686,1,938.14,493.36,127.14999999999998,180.14,1,-1,-1,-1
686,6,806.79,552.08,94.61000000000001,97.62,1,-1,-1,-1
686,16,1862.3,91.4,57.700000000000045,959.62,1,-1,-1,-1
687,1,935.62,492.01,128.29000000000008,181.47000000000003,1,-1,-1,-1
687,6,802.3,550.63,96.32000000000005,98.81000000000006,1,-1,-1,-1
687,16,1885.5,97.4,34.5,953.62,1,-1,-1,-1
688,1,933.09,490.66,129.43999999999994,182.8,1,-1,-1,-1
688,6,797.8,549.19,98.04000000000008,99.9899999999999,1,-1,-1,-1
688,16,1909.73,100.55,10.269999999999982,954.76,1,-1,-1,-1
689,1,930.57,489.32,130.59000000000003,184.12000000000006,1,-1,-1,-1
689,6,793.31,547.74,99.75,101.17999999999995,1,-1,-1,-1
690,1,928.04,487.97,131.74,185.44999999999993,1,-1,-1,-1
690,6,788.81,546.3,101.47000000000003,102.36000000000001,1,-1,-1,-1
691,1,925.52,486.62,132.8800000000001,186.77999999999997,1,-1,-1,-1
691,6,784.32,544.85,103.17999999999995,103.54999999999995,1,-1,-1,-1
692,1,922.88,485.61,134.08000000000004,187.73000000000002,1,-1,-1,-1
692,6,778.24,543.84,106.0,105.89999999999998,1,-1,-1,-1
693,1,920.25,484.61,135.26999999999998,188.66999999999996,1,-1,-1,-1
693,6,772.15,542.84,108.83000000000004,108.24000000000001,1,-1,-1,-1
694,1,917.61,483.6,136.4699999999999,189.62,1,-1,-1,-1
694,6,766.07,541.83,111.64999999999998,110.58999999999992,1,-1,-1,-1
695,1,914.98,482.6,137.66000000000008,190.55999999999995,1,-1,-1,-1
695,6,759.98,540.83,114.48000000000002,112.92999999999995,1,-1,-1,-1
696,1,912.34,481.59,138.86,191.51000000000005,1,-1,-1,-1
696,6,753.9,539.82,117.30000000000007,115.27999999999997,1,-1,-1,-1
697,1,909.71,480.58,139.49,193.82,1,-1,-1,-1
697,6,747.82,538.81,120.12,117.63000000000011,1,-1,-1,-1
698,1,907.07,479.58,140.13,196.12000000000006,1,-1,-1,-1
698,6,741.73,537.81,122.94999999999993,119.97000000000003,1,-1,-1,-1
699,1,904.44,478.57,140.76,198.43,1,-1,-1,-1
699,6,735.65,536.8,125.76999999999998,122.32000000000005,1,-1,-1,-1
700,1,901.8,477.57,141.4000000000001,200.72999999999996,1,-1,-1,-1
700,6,729.56,535.8,128.60000000000002,124.66000000000008,1,-1,-1,-1
701,1,899.17,476.56,142.0300000000001,203.04000000000002,1,-1,-1,-1
701,6,723.48,534.79,131.41999999999996,127.00999999999999,1,-1,-1,-1
702,1,896.57,475.83,143.44999999999993,204.05,1,-1,-1,-1
702,6,716.59,534.06,134.75,129.7800000000001,1,-1,-1,-1
703,1,893.96,475.1,144.87999999999988,205.04999999999995,1,-1,-1,-1
703,6,709.71,533.33,138.06999999999994,132.54999999999995,1,-1,-1,-1
704,1,891.36,474.37,146.30000000000007,206.05999999999995,1,-1,-1,-1
704,6,702.82,532.6,141.39999999999998,135.31999999999994,1,-1,-1,-1
705,1,888.75,473.64,147.73000000000002,207.06000000000006,1,-1,-1,-1
705,6,695.94,531.87,144.7199999999999,138.09000000000003,1,-1,-1,-1
706,1,886.15,472.91,149.14999999999998,208.07,1,-1,-1,-1
706,6,689.05,531.14,148.05000000000007,140.86,1,-1,-1,-1
707,1,882.72,471.63,150.01999999999998,209.07000000000005,1,-1,-1,-1
707,6,680.51,529.86,152.49,143.64,1,-1,-1,-1
708,1,879.29,470.35,150.8900000000001,210.07999999999993,1,-1,-1,-1
708,6,671.97,528.58,156.92999999999995,146.41999999999996,1,-1,-1,-1
709,1,875.85,469.06,151.76999999999987,211.08999999999997,1,-1,-1,-1
709,6,663.43,527.29,161.37,149.21000000000004,1,-1,-1,-1
710,1,872.42,467.78,152.64,212.10000000000002,1,-1,-1,-1
710,6,654.89,526.01,165.81000000000006,151.99,1,-1,-1,-1
711,1,868.99,466.5,153.51,213.10000000000002,1,-1,-1,-1
711,6,646.35,524.73,170.25,154.76999999999998,1,-1,-1,-1
712,1,865.8,464.62,155.44000000000005,215.55999999999995,1,-1,-1,-1
712,6,635.86,522.11,176.58000000000004,158.55999999999995,1,-1,-1,-1
713,1,862.62,462.75,157.36,218.01,1,-1,-1,-1
713,6,625.38,519.49,182.89999999999998,162.35000000000002,1,-1,-1,-1
714,1,859.43,460.87,159.29000000000008,220.47000000000003,1,-1,-1,-1
714,6,614.89,516.86,189.24,166.14,1,-1,-1,-1
715,1,856.25,459.0,161.21000000000004,222.91999999999996,1,-1,-1,-1
715,6,604.41,514.24,195.56000000000006,169.92999999999995,1,-1,-1,-1
716,1,853.06,457.12,163.1400000000001,225.38,1,-1,-1,-1
716,6,593.92,511.62,201.89,173.72000000000003,1,-1,-1,-1
717,1,848.77,456.35,162.59000000000003,225.90999999999997,1,-1,-1,-1
717,6,579.57,510.1,208.2199999999999,177.51,1,-1,-1,-1
718,1,844.48,455.58,162.03999999999996,226.44,1,-1,-1,-1
718,6,565.22,508.58,214.54999999999995,181.3,1,-1,-1,-1
719,1,840.2,454.81,161.4799999999999,226.96999999999997,1,-1,-1,-1
719,6,550.88,507.07,220.86,185.08999999999997,1,-1,-1,-1
720,1,835.91,454.04,160.93000000000006,227.49999999999994,1,-1,-1,-1
720,6,536.53,505.55,227.19000000000005,188.87999999999994,1,-1,-1,-1
721,1,831.62,453.27,160.38,228.02999999999997,1,-1,-1,-1
721,6,522.18,504.03,233.5200000000001,192.67000000000007,1,-1,-1,-1
722,1,826.65,451.82,161.69000000000005,230.71999999999997,1,-1,-1,-1
722,6,504.85,501.25,243.35000000000002,198.21000000000004,1,-1,-1,-1
723,1,821.69,450.37,162.9899999999999,233.40999999999997,1,-1,-1,-1
723,6,487.51,498.46,253.19000000000005,203.76000000000005,1,-1,-1,-1
724,1,816.72,448.93,164.29999999999995,236.08999999999997,1,-1,-1,-1
724,6,470.18,495.68,263.02000000000004,209.3,1,-1,-1,-1
725,1,811.76,447.48,165.60000000000002,238.77999999999997,1,-1,-1,-1
725,6,452.84,492.89,272.86000000000007,214.85000000000002,1,-1,-1,-1
726,1,806.79,446.03,166.91000000000008,241.47000000000003,1,-1,-1,-1
726,6,435.51,490.11,282.69000000000005,220.39,1,-1,-1,-1
727,1,801.82,444.58,168.2199999999999,244.16000000000003,1,-1,-1,-1
727,6,410.63,486.13,300.85,229.89,1,-1,-1,-1
728,1,796.85,443.13,169.52999999999997,246.85000000000002,1,-1,-1,-1
728,6,385.74,482.16,319.02,239.37999999999994,1,-1,-1,-1
729,1,791.89,441.69,170.83000000000004,249.53000000000003,1,-1,-1,-1
729,6,360.86,478.18,337.17999999999995,248.87999999999994,1,-1,-1,-1
730,1,786.92,440.24,172.14,252.22000000000003,1,-1,-1,-1
730,6,335.97,474.21,355.35,258.37000000000006,1,-1,-1,-1
731,1,781.95,438.79,173.44999999999993,254.91000000000003,1,-1,-1,-1
731,6,311.09,470.23,373.51000000000005,267.87,1,-1,-1,-1
732,1,776.98,437.9,174.93999999999994,256.99,1,-1,-1,-1
732,6,279.98,463.41,394.61,286.04,1,-1,-1,-1
733,1,772.02,437.0,176.42000000000007,259.08000000000004,1,-1,-1,-1
733,6,248.87,456.59,415.71000000000004,304.21,1,-1,-1,-1
734,1,767.05,436.11,177.91000000000008,261.15999999999997,1,-1,-1,-1
734,6,217.76,449.78,436.81000000000006,322.38,1,-1,-1,-1
735,1,762.09,435.21,179.39,263.25000000000006,1,-1,-1,-1
735,6,186.65,442.96,457.90999999999997,340.55,1,-1,-1,-1
736,1,757.12,434.32,180.88,265.33,1,-1,-1,-1
736,6,155.54,436.14,479.01,358.72,1,-1,-1,-1
737,1,752.15,433.43,182.37,267.41,1,-1,-1,-1
737,6,107.3,424.07,517.24,376.90000000000003,1,-1,-1,-1
738,1,747.19,432.53,183.8499999999999,269.5,1,-1,-1,-1
738,6,62.6,412.01,551.93,395.07000000000005,1,-1,-1,-1
739,1,742.22,431.64,185.33999999999992,271.58000000000004,1,-1,-1,-1
739,6,17.9,399.95,586.62,413.22999999999996,1,-1,-1,-1
740,1,737.26,430.74,186.82000000000005,273.66999999999996,1,-1,-1,-1
740,6,0.0,387.88,594.51,431.40999999999997,1,-1,-1,-1
741,1,732.29,429.85,188.31000000000006,275.75,1,-1,-1,-1
741,6,0.0,375.82,584.5,449.58,1,-1,-1,-1
742,1,725.83,427.62,190.54999999999995,278.97,1,-1,-1,-1
742,6,0.0,368.38,563.76,487.82000000000005,1,-1,-1,-1
743,1,719.38,425.38,192.77999999999997,282.20000000000005,1,-1,-1,-1
743,6,0.0,360.93,543.02,508.46999999999997,1,-1,-1,-1
744,1,712.92,423.15,195.0200000000001,285.4200000000001,1,-1,-1,-1
744,6,0.0,353.49,522.27,549.21,1,-1,-1,-1
745,1,706.46,420.91,197.26,288.6499999999999,1,-1,-1,-1
745,6,0.0,346.04,501.53,561.26,1,-1,-1,-1
746,1,700.0,418.68,199.5,291.86999999999995,1,-1,-1,-1
746,6,0.0,338.6,480.79,566.1999999999999,1,-1,-1,-1
747,1,693.55,416.44,201.73000000000002,295.09999999999997,1,-1,-1,-1
747,6,0.0,338.61,460.05,616.84,1,-1,-1,-1
748,1,687.09,414.2,203.9699999999999,298.33,1,-1,-1,-1
748,6,0.0,338.61,439.31,667.49,1,-1,-1,-1
749,1,680.63,411.97,206.21000000000004,301.54999999999995,1,-1,-1,-1
749,6,0.0,338.62,418.57,628.71,1,-1,-1,-1
750,1,674.18,409.74,208.44000000000005,304.77,1,-1,-1,-1
750,6,0.0,338.62,397.82,589.95,1,-1,-1,-1
751,1,667.72,407.5,210.67999999999995,308.0,1,-1,-1,-1
751,6,0.0,338.63,377.08,551.17,1,-1,-1,-1
752,1,659.94,404.85,214.06999999999994,311.89,1,-1,-1,-1
752,6,0.0,326.04,336.46,563.76,1,-1,-1,-1
753,1,652.16,402.2,217.46000000000004,315.78000000000003,1,-1,-1,-1
753,6,0.0,313.46,295.85,576.3399999999999,1,-1,-1,-1
754,1,644.37,399.55,220.86,319.67,1,-1,-1,-1
754,6,0.0,300.87,255.23,588.93,1,-1,-1,-1
755,1,636.59,396.9,224.25,323.56000000000006,1,-1,-1,-1
755,6,0.0,288.29,214.62,601.51,1,-1,-1,-1
756,1,628.81,394.25,227.6400000000001,327.45000000000005,1,-1,-1,-1
756,6,0.0,275.7,174.0,614.0999999999999,1,-1,-1,-1
757,1,621.03,391.6,231.02999999999997,331.34000000000003,1,-1,-1,-1
757,6,0.0,242.5,121.6,647.3,1,-1,-1,-1
758,1,613.25,388.95,234.41999999999996,335.22999999999996,1,-1,-1,-1
758,6,0.0,272.25,71.03,623.27,1,-1,-1,-1
759,1,605.46,386.3,237.81999999999994,339.11999999999995,1,-1,-1,-1
759,6,0.0,300.1,19.99,599.24,1,-1,-1,-1
760,1,597.68,383.65,241.21000000000004,343.01,1,-1,-1,-1
760,8,821.61,541.42,51.19999999999993,99.63999999999999,1,-1,-1,-1
761,1,589.9,381.0,244.60000000000002,346.9,1,-1,-1,-1
761,8,817.47,540.5,54.129999999999995,100.5,1,-1,-1,-1
762,1,581.29,377.94,250.06000000000006,350.95,1,-1,-1,-1
762,8,813.88,540.07,57.0,100.9799999999999,1,-1,-1,-1
763,1,572.68,374.87,255.5200000000001,355.01,1,-1,-1,-1
763,8,810.28,539.64,59.879999999999995,101.46000000000004,1,-1,-1,-1
764,1,564.07,371.81,260.9799999999999,359.06,1,-1,-1,-1
764,8,806.69,539.21,62.75,101.93999999999994,1,-1,-1,-1
765,1,555.46,368.75,266.43999999999994,363.11,1,-1,-1,-1
765,8,803.1,538.78,65.62,102.42000000000007,1,-1,-1,-1
766,1,546.86,365.69,271.89,367.16,1,-1,-1,-1
766,8,799.5,538.35,68.5,102.89999999999998,1,-1,-1,-1
767,1,538.25,362.62,277.35,371.22,1,-1,-1,-1
767,8,795.91,537.91,71.37,103.38999999999999,1,-1,-1,-1
768,1,529.64,359.56,282.81000000000006,375.27000000000004,1,-1,-1,-1
768,8,792.32,537.48,74.2399999999999,103.87,1,-1,-1,-1
769,1,521.03,356.5,288.27,379.32000000000005,1,-1,-1,-1
769,8,788.73,537.05,77.11000000000001,104.35000000000002,1,-1,-1,-1
770,1,512.42,353.43,293.73,383.37999999999994,1,-1,-1,-1
770,8,785.13,536.62,79.99000000000001,104.83000000000004,1,-1,-1,-1
771,1,503.81,350.37,299.19,387.42999999999995,1,-1,-1,-1
771,8,781.54,536.19,82.86000000000001,105.30999999999995,1,-1,-1,-1
772,1,493.45,346.35,307.05,393.39,1,-1,-1,-1
772,8,781.13,536.12,83.13,105.92999999999995,1,-1,-1,-1
773,1,483.08,342.32,314.92,399.35999999999996,1,-1,-1,-1
773,8,780.71,536.05,83.40999999999997,106.55000000000007,1,-1,-1,-1
774,1,472.72,338.3,322.77,405.31,1,-1,-1,-1
774,8,780.3,535.98,83.68000000000006,107.16999999999996,1,-1,-1,-1
775,1,462.35,334.27,330.64,411.28,1,-1,-1,-1
775,8,779.88,535.91,83.96000000000004,107.79000000000008,1,-1,-1,-1
776,1,451.99,330.25,338.5,417.24,1,-1,-1,-1
776,8,779.47,535.85,84.23000000000002,108.39999999999998,1,-1,-1,-1
777,1,440.83,325.83,346.36000000000007,423.2,1,-1,-1,-1
777,8,779.06,535.78,84.5,109.01999999999998,1,-1,-1,-1
778,1,429.67,321.41,354.21999999999997,429.16,1,-1,-1,-1
778,8,778.64,535.71,84.77999999999997,109.63999999999999,1,-1,-1,-1
779,1,418.51,316.99,362.09000000000003,435.13,1,-1,-1,-1
779,8,778.23,535.64,85.04999999999995,110.25999999999999,1,-1,-1,-1
780,1,407.35,312.57,369.94999999999993,441.09,1,-1,-1,-1
780,8,777.81,535.57,85.33000000000004,110.88,1,-1,-1,-1
781,1,396.19,308.15,377.81,447.05000000000007,1,-1,-1,-1
781,8,777.4,535.5,85.60000000000002,111.5,1,-1,-1,-1
782,1,383.97,301.89,388.03999999999996,456.49,1,-1,-1,-1
782,8,777.81,535.43,86.29000000000008,111.71000000000004,1,-1,-1,-1
783,1,371.75,295.63,398.27,465.92999999999995,1,-1,-1,-1
783,8,778.23,535.36,86.97000000000003,111.91999999999996,1,-1,-1,-1
784,1,359.54,289.38,408.48999999999995,475.36,1,-1,-1,-1
784,8,778.64,535.29,87.65999999999997,112.13,1,-1,-1,-1
785,1,347.32,283.12,418.71999999999997,484.79999999999995,1,-1,-1,-1
785,8,779.06,535.22,88.34000000000003,112.33999999999992,1,-1,-1,-1
786,1,335.1,276.86,428.94999999999993,494.24,1,-1,-1,-1
786,8,779.47,535.15,89.02999999999997,112.55000000000007,1,-1,-1,-1
787,1,322.88,270.6,439.17999999999995,503.67999999999995,1,-1,-1,-1
787,8,779.88,535.09,89.72000000000003,112.75,1,-1,-1,-1
788,1,310.66,264.34,449.41,513.1200000000001,1,-1,-1,-1
788,8,780.3,535.02,90.40000000000009,112.96000000000004,1,-1,-1,-1
789,1,298.45,258.09,459.63000000000005,522.55,1,-1,-1,-1
789,8,780.71,534.95,91.08999999999992,113.16999999999996,1,-1,-1,-1
790,1,286.23,251.83,469.86,531.99,1,-1,-1,-1
790,8,781.13,534.88,91.76999999999998,113.38,1,-1,-1,-1
791,1,274.01,245.57,480.09000000000003,541.4300000000001,1,-1,-1,-1
791,8,781.54,534.81,92.46000000000004,113.59000000000003,1,-1,-1,-1
792,1,258.39,236.99,494.15,552.51,1,-1,-1,-1
792,8,782.57,534.12,93.00999999999999,114.48000000000002,1,-1,-1,-1
793,1,242.78,228.41,508.20000000000005,563.59,1,-1,-1,-1
793,8,783.61,533.43,93.54999999999995,115.37,1,-1,-1,-1
794,1,227.16,219.82,522.26,574.6800000000001,1,-1,-1,-1
794,8,784.64,532.74,94.10000000000002,116.25999999999999,1,-1,-1,-1
795,1,211.55,211.24,536.31,585.76,1,-1,-1,-1
795,8,785.68,532.05,94.6400000000001,117.15000000000009,1,-1,-1,-1
796,1,195.93,202.66,550.3699999999999,596.84,1,-1,-1,-1
796,8,786.71,531.36,95.18999999999994,118.03999999999996,1,-1,-1,-1
797,1,179.36,192.65,564.92,613.1700000000001,1,-1,-1,-1
797,8,786.92,531.22,96.0200000000001,118.93999999999994,1,-1,-1,-1
798,1,162.79,182.63,579.47,629.51,1,-1,-1,-1
798,8,787.13,531.08,96.85000000000002,119.83999999999992,1,-1,-1,-1
799,1,146.22,172.62,594.02,645.84,1,-1,-1,-1
799,8,787.33,530.95,97.68999999999994,120.7299999999999,1,-1,-1,-1
800,1,129.65,162.6,608.57,662.18,1,-1,-1,-1
800,8,787.54,530.81,98.51999999999998,121.63000000000011,1,-1,-1,-1
801,1,113.08,152.59,623.12,678.51,1,-1,-1,-1
801,8,787.75,530.67,99.35000000000002,122.53000000000009,1,-1,-1,-1
802,1,93.76,138.75,639.29,696.21,1,-1,-1,-1
802,8,787.73,529.76,100.06999999999994,123.15999999999997,1,-1,-1,-1
803,1,74.45,124.91,655.4499999999999,713.9100000000001,1,-1,-1,-1
803,8,787.71,528.85,100.78999999999996,123.78999999999996,1,-1,-1,-1
804,1,55.13,111.08,671.62,731.5999999999999,1,-1,-1,-1
804,8,787.7,527.94,101.5,124.41999999999996,1,-1,-1,-1
805,1,35.82,97.24,687.78,749.3,1,-1,-1,-1
805,8,787.68,527.03,102.22000000000003,125.05000000000007,1,-1,-1,-1
806,1,16.5,83.4,703.95,767.0,1,-1,-1,-1
806,8,787.66,526.12,102.94000000000005,125.67999999999995,1,-1,-1,-1
807,1,0.0,66.72,717.3,787.54,1,-1,-1,-1
807,8,786.85,525.21,104.04999999999995,126.70999999999992,1,-1,-1,-1
808,1,0.0,50.04,714.15,808.08,1,-1,-1,-1
808,8,786.04,524.3,105.16000000000008,127.74000000000001,1,-1,-1,-1
809,1,0.0,33.36,711.0,828.62,1,-1,-1,-1
809,8,785.23,523.38,106.26999999999998,128.77999999999997,1,-1,-1,-1
810,1,0.0,16.68,707.85,849.1600000000001,1,-1,-1,-1
810,8,784.42,522.47,107.38,129.80999999999995,1,-1,-1,-1
811,1,0.0,0.0,704.7,869.7,1,-1,-1,-1
811,8,783.61,521.56,108.49000000000001,130.84000000000003,1,-1,-1,-1
812,1,0.0,0.0,700.27,883.43,1,-1,-1,-1
812,8,782.96,520.96,109.25999999999999,130.88,1,-1,-1,-1
813,1,0.0,0.0,695.84,897.16,1,-1,-1,-1
813,8,782.32,520.37,110.01999999999998,130.90999999999997,1,-1,-1,-1
814,1,0.0,0.0,691.41,910.89,1,-1,-1,-1
814,8,781.67,519.77,110.79000000000008,130.95000000000005,1,-1,-1,-1
815,1,0.0,0.0,686.98,924.62,1,-1,-1,-1
815,8,781.03,519.18,111.55000000000007,130.98000000000002,1,-1,-1,-1
816,1,0.0,0.0,682.55,938.35,1,-1,-1,-1
816,8,780.38,518.58,112.32000000000005,131.01999999999998,1,-1,-1,-1
817,1,0.0,0.0,678.12,952.08,1,-1,-1,-1
817,8,779.73,517.98,113.09000000000003,132.22000000000003,1,-1,-1,-1
818,1,0.0,0.0,673.69,965.81,1,-1,-1,-1
818,8,779.08,517.39,113.86000000000001,133.40999999999997,1,-1,-1,-1
819,1,0.0,0.0,669.26,979.54,1,-1,-1,-1
819,8,778.44,516.79,114.61999999999989,134.61,1,-1,-1,-1
820,1,0.0,0.0,664.83,993.27,1,-1,-1,-1
820,8,777.79,516.2,115.38999999999999,135.79999999999995,1,-1,-1,-1
821,1,0.0,0.0,660.4,1007.0,1,-1,-1,-1
821,8,777.14,515.6,116.15999999999997,137.0,1,-1,-1,-1
822,1,0.0,0.0,654.25,1007.0,1,-1,-1,-1
822,8,776.98,515.78,117.35000000000002,137.74,1,-1,-1,-1
823,1,0.0,0.0,648.1,1007.0,1,-1,-1,-1
823,8,776.82,515.96,118.53999999999996,138.48000000000002,1,-1,-1,-1
824,1,0.0,0.0,641.95,1007.0,1,-1,-1,-1
824,8,776.66,516.13,119.72000000000003,139.23000000000002,1,-1,-1,-1
825,1,0.0,0.0,635.8,1007.0,1,-1,-1,-1
825,8,776.5,516.31,120.90999999999997,139.97000000000003,1,-1,-1,-1
826,1,0.0,0.0,629.65,1007.0,1,-1,-1,-1
826,8,776.34,516.49,122.10000000000002,140.71000000000004,1,-1,-1,-1
827,1,0.0,0.0,623.5,1007.0,1,-1,-1,-1
827,8,775.9,516.11,123.29000000000008,141.94999999999993,1,-1,-1,-1
828,1,0.0,0.0,617.35,1007.0,1,-1,-1,-1
828,8,775.47,515.74,124.47000000000003,143.17999999999995,1,-1,-1,-1
829,1,0.0,0.0,611.2,1007.0,1,-1,-1,-1
829,8,775.03,515.36,125.67000000000007,144.41999999999996,1,-1,-1,-1
830,1,0.0,0.0,605.05,1007.0,1,-1,-1,-1
830,8,774.6,514.99,126.85000000000002,145.64999999999998,1,-1,-1,-1
831,1,0.0,0.0,598.9,1007.0,1,-1,-1,-1
831,8,774.16,514.61,128.04000000000008,146.89,1,-1,-1,-1
832,1,0.0,0.0,590.48,1007.0,1,-1,-1,-1
832,8,773.81,513.95,128.84000000000003,147.7299999999999,1,-1,-1,-1
833,1,0.0,0.0,582.06,1007.0,1,-1,-1,-1
833,8,773.46,513.28,129.63,148.58000000000004,1,-1,-1,-1
834,1,0.0,0.0,573.64,1007.0,1,-1,-1,-1
834,8,773.11,512.62,130.42999999999995,149.41999999999996,1,-1,-1,-1
835,1,0.0,0.0,565.22,1007.0,1,-1,-1,-1
835,8,772.76,511.95,131.22000000000003,150.27000000000004,1,-1,-1,-1
836,1,0.0,0.0,556.8,1007.0,1,-1,-1,-1
836,8,772.41,511.29,132.01999999999998,151.10999999999996,1,-1,-1,-1
837,1,0.0,0.0,546.68,1007.0,1,-1,-1,-1
837,8,771.37,510.17,132.80999999999995,152.65000000000003,1,-1,-1,-1
838,1,0.0,0.0,536.56,1007.0,1,-1,-1,-1
838,8,770.33,509.04,133.61,154.2,1,-1,-1,-1
839,1,0.0,0.0,526.44,1007.0,1,-1,-1,-1
839,8,769.29,507.92,134.4000000000001,155.73999999999995,1,-1,-1,-1
840,1,0.0,0.0,516.32,1007.0,1,-1,-1,-1
840,8,768.25,506.79,135.20000000000005,157.29000000000002,1,-1,-1,-1
841,1,0.0,0.0,506.2,1007.0,1,-1,-1,-1
841,8,767.21,505.67,135.99,158.82999999999998,1,-1,-1,-1
842,1,0.0,0.0,490.48,1007.0,1,-1,-1,-1
842,8,766.28,504.92,136.84000000000003,159.57999999999998,1,-1,-1,-1
843,1,0.0,0.0,474.76,1007.0,1,-1,-1,-1
843,8,765.34,504.17,137.69999999999993,160.32999999999998,1,-1,-1,-1
844,1,0.0,0.0,459.04,1007.0,1,-1,-1,-1
844,8,764.41,503.42,138.55000000000007,161.07999999999998,1,-1,-1,-1
845,1,0.0,0.0,443.32,1007.0,1,-1,-1,-1
845,8,763.47,502.67,139.40999999999997,161.82999999999998,1,-1,-1,-1
846,1,0.0,0.0,427.6,1007.0,1,-1,-1,-1
846,8,762.54,501.92,140.26,162.57999999999998,1,-1,-1,-1
847,1,0.0,0.0,407.08,1007.0,1,-1,-1,-1
847,8,760.0,500.02,142.72000000000003,164.48000000000002,1,-1,-1,-1
848,1,0.0,0.0,386.56,1007.0,1,-1,-1,-1
848,8,757.46,498.12,145.17999999999995,166.38,1,-1,-1,-1
849,1,0.0,0.0,366.04,1007.0,1,-1,-1,-1
849,8,754.91,496.23,147.64999999999998,168.26999999999998,1,-1,-1,-1
850,1,0.0,0.0,345.52,1007.0,1,-1,-1,-1
850,8,752.37,494.33,150.11,170.17000000000002,1,-1,-1,-1
851,1,0.0,0.0,325.0,1007.0,1,-1,-1,-1
851,8,749.83,492.43,152.56999999999994,172.07,1,-1,-1,-1
852,1,0.0,0.0,296.96,1007.0,1,-1,-1,-1
852,8,748.31,491.81,153.75,172.77000000000004,1,-1,-1,-1
853,1,0.0,0.0,268.92,1007.0,1,-1,-1,-1
853,8,746.79,491.19,154.93000000000006,173.46999999999997,1,-1,-1,-1
854,1,0.0,0.0,240.88,1007.0,1,-1,-1,-1
854,8,745.28,490.56,156.10000000000002,174.18,1,-1,-1,-1
855,1,0.0,0.0,212.84,1007.0,1,-1,-1,-1
855,8,743.76,489.94,157.27999999999997,174.88000000000005,1,-1,-1,-1
856,1,0.0,0.0,184.8,1007.0,1,-1,-1,-1
856,8,742.24,489.32,158.46000000000004,175.57999999999998,1,-1,-1,-1
857,1,0.0,10.3,149.0,996.7,1,-1,-1,-1
857,8,740.72,488.7,159.62,177.92000000000002,1,-1,-1,-1
858,1,0.0,20.6,113.2,986.4,1,-1,-1,-1
858,8,739.2,488.08,160.77999999999997,180.26000000000005,1,-1,-1,-1
859,1,0.0,13.7,78.7,993.3,1,-1,-1,-1
859,8,737.69,487.46,161.92999999999995,182.59999999999997,1,-1,-1,-1
860,1,0.0,33.6,43.2,973.4,1,-1,-1,-1
860,8,736.17,486.84,163.09000000000003,184.94,1,-1,-1,-1
861,8,734.65,486.22,164.25,187.27999999999997,1,-1,-1,-1
862,8,732.83,485.12,165.78999999999996,189.20000000000005,1,-1,-1,-1
863,8,731.01,484.02,167.33000000000004,191.12,1,-1,-1,-1
864,8,729.19,482.91,168.8699999999999,193.05,1,-1,-1,-1
865,8,727.37,481.81,170.40999999999997,194.96999999999997,1,-1,-1,-1
866,8,725.55,480.71,171.95000000000005,196.89000000000004,1,-1,-1,-1
867,8,723.15,479.03,174.25,198.81000000000006,1,-1,-1,-1
868,8,720.76,477.35,176.53999999999996,200.73000000000002,1,-1,-1,-1
869,8,718.36,475.68,178.84000000000003,202.64000000000004,1,-1,-1,-1
870,8,715.97,474.0,181.13,204.55999999999995,1,-1,-1,-1
871,8,713.57,472.32,183.42999999999995,206.47999999999996,1,-1,-1,-1
872,8,711.22,470.26,185.73000000000002,208.91999999999996,1,-1,-1,-1
873,8,708.88,468.2,188.01999999999998,211.35999999999996,1,-1,-1,-1
874,8,706.53,466.14,190.32000000000005,213.80000000000007,1,-1,-1,-1
875,8,704.18,464.08,192.62,216.24000000000007,1,-1,-1,-1
876,8,701.84,462.02,194.90999999999997,218.68000000000006,1,-1,-1,-1
877,8,699.49,459.96,197.21000000000004,221.12000000000006,1,-1,-1,-1
878,8,697.14,457.9,199.51,223.56000000000006,1,-1,-1,-1
879,8,694.79,455.84,201.81000000000006,226.00000000000006,1,-1,-1,-1
880,8,692.45,453.78,204.0999999999999,228.44000000000005,1,-1,-1,-1
881,8,690.1,451.72,206.39999999999998,230.88,1,-1,-1,-1
882,8,686.59,449.75,209.37,233.63,1,-1,-1,-1
883,8,683.08,447.78,212.33999999999992,236.38,1,-1,-1,-1
884,8,679.57,445.82,215.30999999999995,239.12000000000006,1,-1,-1,-1
885,8,676.06,443.85,218.2800000000001,241.87,1,-1,-1,-1
886,8,672.55,441.88,221.25,244.62,1,-1,-1,-1
887,8,668.49,439.63,224.51,247.90999999999997,1,-1,-1,-1
888,8,664.43,437.39,227.7700000000001,251.19000000000005,1,-1,-1,-1
889,8,660.37,435.14,231.02999999999997,254.48000000000002,1,-1,-1,-1
890,8,656.31,432.9,234.29000000000008,257.76,1,-1,-1,-1
891,8,652.25,430.65,237.54999999999995,261.05000000000007,1,-1,-1,-1
892,8,647.02,427.76,241.81000000000006,265.64,1,-1,-1,-1
893,8,641.79,424.87,246.06000000000006,270.24,1,-1,-1,-1
894,8,636.55,421.97,250.33000000000004,274.8399999999999,1,-1,-1,-1
895,8,631.32,419.08,254.57999999999993,279.44,1,-1,-1,-1
896,8,626.09,416.19,258.8399999999999,284.03000000000003,1,-1,-1,-1
897,8,620.3,412.47,263.1,288.63,1,-1,-1,-1
898,8,614.52,408.75,267.36,293.22,1,-1,-1,-1
899,8,608.73,405.03,271.62,297.82000000000005,1,-1,-1,-1
900,8,602.95,401.31,275.88,302.41,1,-1,-1,-1
901,8,597.16,397.59,280.14,307.01000000000005,1,-1,-1,-1
902,8,589.5,393.52,286.22,312.38,1,-1,-1,-1
903,8,581.84,389.45,292.29999999999995,317.75000000000006,1,-1,-1,-1
904,8,574.19,385.38,298.3699999999999,323.12,1,-1,-1,-1
905,8,566.53,381.31,304.45000000000005,328.48999999999995,1,-1,-1,-1
906,8,558.87,377.24,310.53,333.86,1,-1,-1,-1
907,8,549.83,372.07,317.42999999999995,341.45,1,-1,-1,-1
908,8,540.8,366.89,324.32000000000005,349.05000000000007,1,-1,-1,-1
909,8,531.76,361.72,331.22,356.64,1,-1,-1,-1
910,8,522.73,356.54,338.11,364.23999999999995,1,-1,-1,-1
911,8,513.69,351.37,345.01,371.83000000000004,1,-1,-1,-1
912,8,502.86,345.02,353.55999999999995,379.48,1,-1,-1,-1
913,8,492.03,338.68,362.11,387.11999999999995,1,-1,-1,-1
914,8,481.2,332.33,370.66,394.77000000000004,1,-1,-1,-1
915,8,470.37,325.99,379.21000000000004,402.40999999999997,1,-1,-1,-1
916,8,459.54,319.64,387.75999999999993,410.06000000000006,1,-1,-1,-1
917,8,445.95,312.19,398.81,422.69,1,-1,-1,-1
918,8,432.36,304.74,409.86,435.31999999999994,1,-1,-1,-1
919,8,418.77,297.29,420.90999999999997,447.95,1,-1,-1,-1
920,8,405.18,289.84,431.96,460.58,1,-1,-1,-1
921,8,391.59,282.39,443.01000000000005,473.21000000000004,1,-1,-1,-1
922,8,374.9,272.75,456.9200000000001,487.61,1,-1,-1,-1
923,8,358.21,263.12,470.83,502.0,1,-1,-1,-1
924,8,341.52,253.48,484.74,516.4,1,-1,-1,-1
925,8,324.83,243.85,498.65000000000003,530.79,1,-1,-1,-1
926,8,308.14,234.21,512.5600000000001,545.1899999999999,1,-1,-1,-1
927,8,288.27,221.0,529.65,562.38,1,-1,-1,-1
928,8,268.4,207.79,546.74,579.57,1,-1,-1,-1
929,8,248.54,194.57,563.82,596.77,1,-1,-1,-1
930,8,228.67,181.36,580.9100000000001,613.96,1,-1,-1,-1
931,8,208.8,168.15,598.0,631.15,1,-1,-1,-1
932,8,182.48,149.34,621.46,659.4,1,-1,-1,-1
933,8,156.16,130.53,644.9200000000001,687.65,1,-1,-1,-1
934,8,129.84,111.72,668.38,715.9,1,-1,-1,-1
935,8,103.52,92.91,691.84,744.15,1,-1,-1,-1
936,8,77.2,74.1,715.3,772.4,1,-1,-1,-1
937,8,47.15,49.85,742.49,806.09,1,-1,-1,-1
938,8,17.1,25.6,769.68,839.78,1,-1,-1,-1
939,8,0.0,0.0,783.92,874.82,1,-1,-1,-1
940,8,0.0,0.0,781.06,884.26,1,-1,-1,-1
941,8,0.0,0.0,778.2,893.7,1,-1,-1,-1
942,8,0.0,0.0,774.03,905.2,1,-1,-1,-1
943,8,0.0,0.0,769.86,916.7,1,-1,-1,-1
944,8,0.0,0.0,765.69,928.2,1,-1,-1,-1
945,8,0.0,0.0,761.52,939.7,1,-1,-1,-1
946,8,0.0,0.0,757.35,951.2,1,-1,-1,-1
947,8,0.0,0.0,753.18,962.7,1,-1,-1,-1
948,8,0.0,0.0,749.01,974.2,1,-1,-1,-1
949,8,0.0,0.0,744.84,985.7,1,-1,-1,-1
950,8,0.0,0.0,740.67,997.2,1,-1,-1,-1
951,8,0.0,0.0,736.5,1008.7,1,-1,-1,-1
952,8,0.0,0.0,730.94,1008.7,1,-1,-1,-1
953,8,0.0,0.0,725.38,1008.7,1,-1,-1,-1
954,8,0.0,0.0,719.82,1008.7,1,-1,-1,-1
955,8,0.0,0.0,714.26,1008.7,1,-1,-1,-1
956,8,0.0,0.0,708.7,1008.7,1,-1,-1,-1
957,8,0.0,0.0,701.96,1008.7,1,-1,-1,-1
958,8,0.0,0.0,695.22,1008.7,1,-1,-1,-1
959,8,0.0,0.0,688.48,1008.7,1,-1,-1,-1
960,8,0.0,0.0,681.74,1008.7,1,-1,-1,-1
961,8,0.0,0.0,675.0,1008.7,1,-1,-1,-1
962,8,0.0,0.0,666.06,1008.7,1,-1,-1,-1
963,8,0.0,0.0,657.12,1008.7,1,-1,-1,-1
964,8,0.0,0.0,648.18,1008.7,1,-1,-1,-1
965,8,0.0,0.0,639.24,1008.7,1,-1,-1,-1
966,8,0.0,0.0,630.3,1008.7,1,-1,-1,-1
967,8,0.0,0.0,618.5,1008.7,1,-1,-1,-1
968,8,0.0,0.0,606.7,1008.7,1,-1,-1,-1
969,8,0.0,0.0,594.9,1008.7,1,-1,-1,-1
970,8,0.0,0.0,583.1,1008.7,1,-1,-1,-1
971,8,0.0,0.0,571.3,1008.7,1,-1,-1,-1
972,8,0.0,0.0,554.28,1008.7,1,-1,-1,-1
973,8,0.0,0.0,537.26,1008.7,1,-1,-1,-1
974,8,0.0,0.0,520.24,1008.7,1,-1,-1,-1
975,8,0.0,0.0,503.22,1008.7,1,-1,-1,-1
976,8,0.0,0.0,486.2,1008.7,1,-1,-1,-1
977,8,0.0,0.0,461.62,1008.7,1,-1,-1,-1
978,8,0.0,0.0,437.04,1008.7,1,-1,-1,-1
979,8,0.0,0.0,412.46,1008.7,1,-1,-1,-1
980,8,0.0,0.0,387.88,1008.7,1,-1,-1,-1
981,8,0.0,0.0,363.3,1008.7,1,-1,-1,-1
982,8,0.0,184.1,328.17,824.6,1,-1,-1,-1
983,8,0.0,164.85,293.03,843.85,1,-1,-1,-1
984,8,0.0,145.6,257.9,863.1,1,-1,-1,-1
985,8,0.0,135.45,212.75,873.25,1,-1,-1,-1
986,8,0.0,125.3,167.6,883.4000000000001,1,-1,-1,-1
987,8,0.0,131.1,120.9,877.6,1,-1,-1,-1
988,8,0.0,110.3,69.9,898.4000000000001,1,-1,-1,-1
989,8,0.0,149.1,14.9,859.6,1,-1,-1,-1
1574,9,943.02,545.38,58.90999999999997,86.51999999999998,1,-1,-1,-1
1575,9,943.96,545.07,59.57999999999993,87.32999999999993,1,-1,-1,-1
1576,9,944.9,544.76,60.25,88.13999999999999,1,-1,-1,-1
1577,9,945.84,544.46,60.91999999999996,88.93999999999994,1,-1,-1,-1
1578,9,946.78,544.15,61.59000000000003,89.75,1,-1,-1,-1
1579,9,947.72,543.85,62.25999999999999,90.54999999999995,1,-1,-1,-1
1580,9,948.66,543.54,62.930000000000064,91.36000000000001,1,-1,-1,-1
1581,9,949.6,543.24,63.60000000000002,92.15999999999997,1,-1,-1,-1
1582,9,950.78,542.7,64.16000000000008,93.0,1,-1,-1,-1
1583,9,951.96,542.15,64.71999999999991,93.85000000000002,1,-1,-1,-1
1584,9,953.14,541.61,65.27999999999997,94.68999999999994,1,-1,-1,-1
1585,9,954.32,541.06,65.83999999999992,95.54000000000008,1,-1,-1,-1
1586,9,955.5,540.52,66.39999999999998,96.38,1,-1,-1,-1
1587,9,956.54,539.84,67.5,97.48000000000002,1,-1,-1,-1
1588,9,957.58,539.17,68.60000000000002,98.57000000000005,1,-1,-1,-1
1589,9,958.62,538.49,69.69999999999993,99.66999999999996,1,-1,-1,-1
1590,9,959.66,537.82,70.80000000000007,100.75999999999999,1,-1,-1,-1
1591,9,960.7,537.14,71.89999999999986,101.86000000000001,1,-1,-1,-1
1592,9,961.9,536.24,72.24000000000012,102.86000000000001,1,-1,-1,-1
1593,9,963.1,535.34,72.59000000000003,103.86000000000001,1,-1,-1,-1
1594,9,964.3,534.45,72.93000000000006,104.84999999999991,1,-1,-1,-1
1595,9,965.5,533.55,73.27999999999997,105.85000000000002,1,-1,-1,-1
1596,9,966.7,532.65,73.61999999999989,106.85000000000002,1,-1,-1,-1
1597,9,967.5,531.88,74.5,107.58000000000004,1,-1,-1,-1
1598,9,968.29,531.12,75.38000000000011,108.29999999999995,1,-1,-1,-1
1599,9,969.09,530.35,76.25999999999988,109.02999999999997,1,-1,-1,-1
1600,9,969.88,529.59,77.13999999999999,109.75,1,-1,-1,-1
1601,9,970.68,528.82,78.0200000000001,110.4799999999999,1,-1,-1,-1
1602,9,971.32,527.98,79.17999999999995,112.12,1,-1,-1,-1
1603,9,971.97,527.14,80.32999999999993,113.75999999999999,1,-1,-1,-1
1604,9,972.61,526.31,81.4899999999999,115.3900000000001,1,-1,-1,-1
1605,9,973.26,525.47,82.6400000000001,117.02999999999997,1,-1,-1,-1
1606,9,973.9,524.63,83.80000000000007,118.66999999999996,1,-1,-1,-1
1607,9,974.53,523.95,84.97000000000003,119.99000000000001,1,-1,-1,-1
1608,9,975.17,523.27,86.13,121.31000000000006,1,-1,-1,-1
1609,9,975.8,522.6,87.29999999999995,122.62,1,-1,-1,-1
1610,9,976.44,521.92,88.46000000000004,123.94000000000005,1,-1,-1,-1
1611,9,977.07,521.24,89.63,125.25999999999999,1,-1,-1,-1
1612,9,977.8,520.27,90.99000000000001,126.93000000000006,1,-1,-1,-1
1613,9,978.52,519.29,92.36000000000013,128.61,1,-1,-1,-1
1614,9,979.25,518.32,93.72000000000003,130.27999999999997,1,-1,-1,-1
1615,9,979.97,517.34,95.08999999999992,131.95999999999992,1,-1,-1,-1
1616,9,980.7,516.37,96.45000000000005,133.63,1,-1,-1,-1
1617,9,981.41,514.28,98.14999999999998,135.77999999999997,1,-1,-1,-1
1618,9,982.12,512.19,99.85000000000002,137.92999999999995,1,-1,-1,-1
1619,9,982.83,510.09,101.55000000000007,140.08999999999997,1,-1,-1,-1
1620,9,983.54,508.0,103.25,142.24,1,-1,-1,-1
1621,9,984.25,505.91,104.95000000000005,144.38999999999993,1,-1,-1,-1
1622,9,984.82,503.61,107.2399999999999,146.66999999999996,1,-1,-1,-1
1623,9,985.39,501.31,109.53000000000009,148.95,1,-1,-1,-1
1624,9,985.96,499.01,111.81999999999994,151.23000000000002,1,-1,-1,-1
1625,9,986.53,496.71,114.11000000000013,153.51000000000005,1,-1,-1,-1
1626,9,987.1,494.41,116.39999999999998,155.79000000000002,1,-1,-1,-1
1627,9,987.97,492.59,118.71000000000004,158.20999999999998,1,-1,-1,-1
1628,9,988.84,490.77,121.01999999999987,160.63,1,-1,-1,-1
1629,9,989.7,488.95,123.33999999999992,163.05,1,-1,-1,-1
1630,9,990.57,487.13,125.64999999999998,165.47000000000003,1,-1,-1,-1
1631,9,991.44,485.31,127.96000000000004,167.89000000000004,1,-1,-1,-1
1632,9,992.07,484.13,131.2399999999999,171.01,1,-1,-1,-1
1633,9,992.7,482.95,134.51999999999998,174.13000000000005,1,-1,-1,-1
1634,9,993.34,481.76,137.79000000000008,177.26,1,-1,-1,-1
1635,9,993.97,480.58,141.06999999999994,180.38000000000005,1,-1,-1,-1
1636,9,994.6,479.4,144.35000000000002,183.5,1,-1,-1,-1
1637,9,995.69,476.94,147.49,187.28000000000003,1,-1,-1,-1
1638,9,996.78,474.48,150.6300000000001,191.05999999999995,1,-1,-1,-1
1639,9,997.88,472.02,153.7600000000001,194.84000000000003,1,-1,-1,-1
1640,9,998.97,469.56,156.89999999999986,198.61999999999995,1,-1,-1,-1
1641,9,1000.06,467.1,160.03999999999996,202.39999999999998,1,-1,-1,-1
1642,9,1001.05,463.71,164.56999999999994,206.82999999999998,1,-1,-1,-1
1643,9,1002.04,460.32,169.10000000000014,211.26000000000005,1,-1,-1,-1
1644,9,1003.02,456.92,173.6300000000001,215.7,1,-1,-1,-1
1645,9,1004.01,453.53,178.16000000000008,220.13,1,-1,-1,-1
1646,9,1005.0,450.14,182.69000000000005,224.56000000000006,1,-1,-1,-1
1647,9,1006.2,445.6,188.73000000000002,230.12,1,-1,-1,-1
1648,9,1007.39,441.06,194.7800000000001,235.68,1,-1,-1,-1
1649,9,1008.59,436.52,200.83000000000004,241.24,1,-1,-1,-1
1650,9,1009.78,431.98,206.8800000000001,246.79999999999995,1,-1,-1,-1
1651,9,1010.98,427.44,212.92000000000007,252.35999999999996,1,-1,-1,-1
1652,9,1012.28,421.74,220.51999999999998,260.28,1,-1,-1,-1
1653,9,1013.59,416.03,228.11,268.21000000000004,1,-1,-1,-1
1654,9,1014.89,410.33,235.70999999999992,276.13000000000005,1,-1,-1,-1
1655,9,1016.2,404.62,243.29999999999995,284.05999999999995,1,-1,-1,-1
1656,9,1017.5,398.92,250.9000000000001,291.97999999999996,1,-1,-1,-1
1657,9,1018.82,391.38,261.2399999999999,301.72,1,-1,-1,-1
1658,9,1020.14,383.84,271.58000000000004,311.46,1,-1,-1,-1
1659,9,1021.45,376.29,281.93000000000006,321.21,1,-1,-1,-1
1660,9,1022.77,368.75,292.27,330.95000000000005,1,-1,-1,-1
1661,9,1024.09,361.21,302.6100000000001,340.69,1,-1,-1,-1
1662,9,1025.93,350.62,317.40999999999985,353.78,1,-1,-1,-1
1663,9,1027.77,340.03,332.20000000000005,366.87,1,-1,-1,-1
1664,9,1029.62,329.43,346.99,379.96999999999997,1,-1,-1,-1
1665,9,1031.46,318.84,361.78,393.06,1,-1,-1,-1
1666,9,1033.3,308.25,376.58000000000015,406.15,1,-1,-1,-1
1667,9,1036.22,294.23,398.02,424.59000000000003,1,-1,-1,-1
1668,9,1039.15,280.2,419.4599999999998,443.04,1,-1,-1,-1
1669,9,1042.08,262.7,440.8900000000001,464.96,1,-1,-1,-1
1670,9,1045.0,245.2,462.3399999999999,486.88000000000005,1,-1,-1,-1
1671,9,1047.93,227.7,483.77,508.8,1,-1,-1,-1
1672,9,1050.28,204.8,516.95,538.3799999999999,1,-1,-1,-1
1673,9,1052.64,181.9,550.1299999999999,567.96,1,-1,-1,-1
1674,9,1054.99,159.0,583.31,597.54,1,-1,-1,-1
1675,9,1057.35,129.47,624.72,633.75,1,-1,-1,-1
1676,9,1059.7,99.94,666.1499999999999,669.96,1,-1,-1,-1
1677,9,1063.64,66.63,714.9599999999998,717.5,1,-1,-1,-1
1678,9,1067.58,33.31,763.77,765.06,1,-1,-1,-1
1679,9,1071.52,0.0,812.5799999999999,812.6,1,-1,-1,-1
1680,9,1075.46,0.0,844.54,821.5,1,-1,-1,-1
1681,9,1079.4,0.0,840.5999999999999,839.0,1,-1,-1,-1
1682,9,1084.38,0.0,835.6199999999999,867.8,1,-1,-1,-1
1683,9,1089.36,0.0,830.6400000000001,938.4,1,-1,-1,-1
1684,9,1094.34,0.0,825.6600000000001,936.53,1,-1,-1,-1
1685,9,1099.32,0.0,820.6800000000001,934.67,1,-1,-1,-1
1686,9,1104.3,0.0,815.7,932.8,1,-1,-1,-1
1687,9,1110.64,0.0,809.3599999999999,946.08,1,-1,-1,-1
1688,9,1116.98,0.0,803.02,959.36,1,-1,-1,-1
1689,9,1123.32,0.0,796.6800000000001,972.64,1,-1,-1,-1
1690,9,1129.66,0.0,790.3399999999999,985.92,1,-1,-1,-1
1691,9,1136.0,0.0,784.0,999.2,1,-1,-1,-1
1692,9,1145.1,0.0,774.9000000000001,999.2,1,-1,-1,-1
1693,9,1154.2,0.0,765.8,999.2,1,-1,-1,-1
1694,9,1163.3,0.0,756.7,999.2,1,-1,-1,-1
1695,9,1175.35,0.0,744.6500000000001,999.2,1,-1,-1,-1
1696,9,1187.4,0.0,732.5999999999999,999.2,1,-1,-1,-1
1697,9,1201.98,0.0,718.02,999.2,1,-1,-1,-1
1698,9,1216.55,0.0,703.45,999.2,1,-1,-1,-1
1699,9,1231.12,0.0,688.8800000000001,999.2,1,-1,-1,-1
1700,9,1245.7,0.0,674.3,999.2,1,-1,-1,-1
1701,9,1264.7,0.0,655.3,999.2,1,-1,-1,-1
1702,9,1286.55,0.0,633.45,999.2,1,-1,-1,-1
1703,9,1308.4,0.0,611.5999999999999,999.2,1,-1,-1,-1
1704,9,1338.87,0.0,581.1300000000001,999.2,1,-1,-1,-1
1705,9,1369.33,0.0,550.6700000000001,999.2,1,-1,-1,-1
1706,9,1399.8,0.0,520.2,999.2,1,-1,-1,-1
1707,9,1437.1,0.0,482.9000000000001,999.2,1,-1,-1,-1
1708,9,1487.3,0.0,432.70000000000005,999.2,1,-1,-1,-1
1709,9,1537.5,0.0,382.5,999.2,1,-1,-1,-1
1710,9,1598.8,188.7,321.20000000000005,810.5,1,-1,-1,-1
1711,9,1673.9,157.6,246.0999999999999,841.6,1,-1,-1,-1
1712,9,1757.7,157.6,162.29999999999995,841.6,1,-1,-1,-1
1713,9,1851.8,167.9,68.20000000000005,831.3000000000001,1,-1,-1,-1
