169,26,773.06,574.88,78.54000000000008,64.10000000000002,1,-1,-1,-1
170,26,771.38,574.69,79.72000000000003,64.75,1,-1,-1,-1
171,26,769.7,574.5,80.89999999999998,65.39999999999998,1,-1,-1,-1
172,26,768.36,574.66,81.63,66.08000000000004,1,-1,-1,-1
173,26,767.02,574.82,82.36000000000001,66.75999999999999,1,-1,-1,-1
174,26,765.68,574.97,83.09000000000003,67.43999999999994,1,-1,-1,-1
175,26,764.34,575.13,83.81999999999994,68.12,1,-1,-1,-1
176,26,763.0,575.29,84.54999999999995,68.80000000000007,1,-1,-1,-1
177,26,761.66,574.07,85.28000000000009,69.4799999999999,1,-1,-1,-1
178,26,760.32,572.85,86.00999999999999,70.15999999999997,1,-1,-1,-1
179,26,758.98,571.64,86.74000000000001,70.84000000000003,1,-1,-1,-1
180,26,757.64,570.42,87.47000000000003,71.5200000000001,1,-1,-1,-1
181,26,756.3,569.2,88.20000000000005,72.19999999999993,1,-1,-1,-1
182,26,753.55,568.05,90.68000000000006,73.05000000000007,1,-1,-1,-1
183,26,750.8,566.9,93.16000000000008,73.89999999999998,1,-1,-1,-1
184,26,748.05,565.75,95.6400000000001,74.75,1,-1,-1,-1
185,26,745.3,564.6,98.12,75.60000000000002,1,-1,-1,-1
186,26,742.55,563.45,100.60000000000002,76.44999999999993,1,-1,-1,-1
187,26,739.8,563.98,103.08000000000004,77.60000000000002,1,-1,-1,-1
188,26,737.05,564.51,105.56000000000006,78.75,1,-1,-1,-1
189,26,734.3,565.04,108.04000000000008,79.90000000000009,1,-1,-1,-1
190,26,731.55,565.57,110.5200000000001,81.04999999999995,1,-1,-1,-1
191,26,728.8,566.1,113.0,82.19999999999993,1,-1,-1,-1
192,26,725.29,566.25,114.75,83.26999999999998,1,-1,-1,-1
193,26,721.78,566.41,116.5,84.33000000000004,1,-1,-1,-1
194,26,718.26,566.56,118.25999999999999,85.40000000000009,1,-1,-1,-1
195,26,714.75,566.72,120.00999999999999,86.45999999999992,1,-1,-1,-1
196,26,711.24,566.87,121.75999999999999,87.52999999999997,1,-1,-1,-1
197,26,706.35,565.5,125.04999999999995,88.74000000000001,1,-1,-1,-1
198,26,701.46,564.12,128.33999999999992,89.96000000000004,1,-1,-1,-1
199,26,696.58,562.75,131.62,91.16999999999996,1,-1,-1,-1
200,26,691.69,561.37,134.90999999999997,92.38999999999999,1,-1,-1,-1
201,26,686.8,560.0,138.20000000000005,93.60000000000002,1,-1,-1,-1
202,26,683.32,558.74,140.53999999999996,95.15999999999997,1,-1,-1,-1
203,26,679.84,557.48,142.88,96.72000000000003,1,-1,-1,-1
204,26,676.37,556.22,145.21000000000004,98.28999999999996,1,-1,-1,-1
205,26,672.89,554.96,147.55000000000007,99.84999999999991,1,-1,-1,-1
206,26,669.41,553.7,149.89,101.40999999999997,1,-1,-1,-1
207,26,663.03,553.2,154.35000000000002,103.58999999999992,1,-1,-1,-1
208,26,656.65,552.7,158.81000000000006,105.76999999999998,1,-1,-1,-1
209,26,650.26,552.2,163.27999999999997,107.93999999999994,1,-1,-1,-1
210,26,643.88,551.7,167.74,110.12,1,-1,-1,-1
211,26,637.5,551.2,172.20000000000005,112.29999999999995,1,-1,-1,-1
212,26,629.78,551.07,178.82000000000005,113.95999999999992,1,-1,-1,-1
213,26,622.06,550.93,185.44000000000005,115.6400000000001,1,-1,-1,-1
214,26,614.34,550.8,192.05999999999995,117.30000000000007,1,-1,-1,-1
215,26,606.62,549.1,196.76,120.14999999999998,1,-1,-1,-1
216,26,598.9,547.4,201.45000000000005,123.0,1,-1,-1,-1
217,26,590.42,548.5,208.06000000000006,123.88,1,-1,-1,-1
218,26,581.94,547.27,214.66999999999996,127.09000000000003,1,-1,-1,-1
219,26,573.46,546.05,221.27999999999997,130.29000000000008,1,-1,-1,-1
220,26,564.98,544.83,227.89,133.49,1,-1,-1,-1
221,26,556.5,543.6,234.5,136.69999999999993,1,-1,-1,-1
222,26,544.3,542.6,244.66000000000008,139.55999999999995,1,-1,-1,-1
223,26,532.1,541.6,254.81999999999994,142.41999999999996,1,-1,-1,-1
224,26,519.9,540.6,264.98,145.27999999999997,1,-1,-1,-1
225,26,507.7,539.6,275.14000000000004,148.14,1,-1,-1,-1
226,26,495.5,538.6,285.29999999999995,151.0,1,-1,-1,-1
227,26,480.86,537.3,297.14,154.62,1,-1,-1,-1
228,26,466.22,536.0,308.98,158.24,1,-1,-1,-1
229,26,451.58,534.7,320.82,161.8599999999999,1,-1,-1,-1
230,26,436.94,533.4,332.66,165.48000000000002,1,-1,-1,-1
231,26,422.3,532.1,344.49999999999994,169.10000000000002,1,-1,-1,-1
232,26,402.63,530.77,361.59000000000003,174.57000000000005,1,-1,-1,-1
233,26,382.97,529.44,378.66999999999996,180.03999999999996,1,-1,-1,-1
234,26,363.3,528.11,395.75999999999993,185.51,1,-1,-1,-1
235,26,339.8,526.78,416.68,190.98000000000002,1,-1,-1,-1
236,26,316.3,525.45,437.59999999999997,196.44999999999993,1,-1,-1,-1
237,26,294.1,524.12,456.1,203.51999999999998,1,-1,-1,-1
238,26,265.95,523.26,480.55,210.12,1,-1,-1,-1
239,26,237.8,522.4,504.99999999999994,216.72000000000003,1,-1,-1,-1
240,26,206.55,523.4,532.55,221.46000000000004,1,-1,-1,-1
241,26,175.3,522.6,560.0999999999999,228.0,1,-1,-1,-1
242,26,139.8,519.39,590.9000000000001,237.33000000000004,1,-1,-1,-1
243,0,808.62,557.0,62.299999999999955,80.67999999999995,1,-1,-1,-1
243,26,103.3,516.18,622.7,246.66000000000008,1,-1,-1,-1
244,0,807.68,556.45,63.35000000000002,81.66999999999996,1,-1,-1,-1
244,26,62.6,516.7,658.6999999999999,252.26,1,-1,-1,-1
245,0,806.74,555.9,64.39999999999998,82.65999999999997,1,-1,-1,-1
245,26,21.9,514.4,694.7,260.68000000000006,1,-1,-1,-1
246,0,805.8,555.35,65.45000000000005,83.64999999999998,1,-1,-1,-1
246,26,0.0,508.5,711.9,272.70000000000005,1,-1,-1,-1
247,0,804.64,554.46,66.5,84.31999999999994,1,-1,-1,-1
247,26,0.0,501.25,705.2,282.27,1,-1,-1,-1
248,0,803.48,553.57,67.54999999999995,84.9899999999999,1,-1,-1,-1
248,26,0.0,494.0,698.5,291.84000000000003,1,-1,-1,-1
249,0,802.32,552.68,68.59999999999991,85.66000000000008,1,-1,-1,-1
249,26,0.0,485.35,691.8,302.80999999999995,1,-1,-1,-1
250,0,801.16,551.79,69.64999999999998,86.33000000000004,1,-1,-1,-1
250,26,0.0,476.7,685.1,313.78000000000003,1,-1,-1,-1
251,0,800.0,550.9,70.70000000000005,87.0,1,-1,-1,-1
251,26,0.0,470.0,678.4,322.79999999999995,1,-1,-1,-1
252,0,798.9,549.75,71.69000000000005,88.14999999999998,1,-1,-1,-1
252,26,0.0,460.3,669.94,336.68,1,-1,-1,-1
253,0,797.8,548.6,72.68000000000006,89.29999999999995,1,-1,-1,-1
253,26,0.0,446.43,661.48,354.72999999999996,1,-1,-1,-1
254,0,796.7,547.45,73.66999999999996,90.44999999999993,1,-1,-1,-1
254,26,0.0,432.55,653.02,372.79,1,-1,-1,-1
255,0,795.6,546.3,74.65999999999997,91.60000000000002,1,-1,-1,-1
255,26,0.0,418.68,644.56,390.84,1,-1,-1,-1
256,0,794.5,545.15,75.64999999999998,92.75,1,-1,-1,-1
256,26,0.0,404.8,636.1,408.90000000000003,1,-1,-1,-1
257,0,793.4,544.0,76.63999999999999,93.89999999999998,1,-1,-1,-1
257,26,0.0,433.0,622.7,384.88,1,-1,-1,-1
258,0,792.3,542.85,77.63,95.04999999999995,1,-1,-1,-1
258,26,0.0,417.53,609.3,404.53,1,-1,-1,-1
259,0,791.2,541.7,78.62,96.19999999999993,1,-1,-1,-1
259,26,0.0,402.07,595.9,424.17,1,-1,-1,-1
260,0,790.1,540.55,79.61000000000001,97.35000000000002,1,-1,-1,-1
260,26,0.0,386.6,582.5,443.81999999999994,1,-1,-1,-1
261,0,789.0,539.4,80.60000000000002,98.5,1,-1,-1,-1
261,26,0.0,441.44,569.1,393.16,1,-1,-1,-1
262,0,787.17,538.97,82.10000000000002,100.0,1,-1,-1,-1
262,26,0.0,427.94,552.7,413.31,1,-1,-1,-1
263,0,785.34,538.53,83.58999999999992,101.5,1,-1,-1,-1
263,26,0.0,420.52,531.87,427.38,1,-1,-1,-1
264,0,783.5,538.1,85.10000000000002,103.0,1,-1,-1,-1
264,26,0.0,413.1,511.03,441.44999999999993,1,-1,-1,-1
265,0,781.67,537.67,86.60000000000002,104.5,1,-1,-1,-1
265,26,0.0,406.2,490.2,455.00000000000006,1,-1,-1,-1
266,0,779.84,537.23,88.08999999999992,106.0,1,-1,-1,-1
266,26,0.0,394.9,462.8,472.95000000000005,1,-1,-1,-1
267,0,778.01,536.8,89.59000000000003,107.5,1,-1,-1,-1
267,26,0.0,379.4,435.4,495.1,1,-1,-1,-1
268,0,776.17,536.37,91.10000000000002,109.0,1,-1,-1,-1
268,26,0.0,365.7,408.0,515.45,1,-1,-1,-1
269,0,774.34,535.93,92.58999999999992,110.5,1,-1,-1,-1
269,26,0.0,351.3,370.13,536.5,1,-1,-1,-1
270,0,772.51,535.5,94.09000000000003,112.0,1,-1,-1,-1
270,26,0.0,331.26,332.26,563.19,1,-1,-1,-1
271,0,770.68,533.86,97.12,113.13999999999999,1,-1,-1,-1
271,26,0.0,311.22,294.4,589.88,1,-1,-1,-1
272,0,768.92,533.11,98.38,114.62,1,-1,-1,-1
272,26,0.0,286.51,249.3,626.19,1,-1,-1,-1
273,0,767.16,532.35,99.63999999999999,116.11000000000001,1,-1,-1,-1
273,26,0.0,261.8,195.0,662.5,1,-1,-1,-1
274,0,765.4,531.6,100.89999999999998,117.59000000000003,1,-1,-1,-1
274,26,0.0,262.7,135.0,673.2,1,-1,-1,-1
275,0,762.76,530.32,103.18000000000006,119.59999999999991,1,-1,-1,-1
275,26,0.0,254.19,69.7,589.8800000000001,1,-1,-1,-1
276,0,760.11,529.05,105.48000000000002,121.60000000000002,1,-1,-1,-1
277,0,757.47,527.77,107.75999999999999,123.61000000000001,1,-1,-1,-1
278,0,754.83,526.49,110.03999999999996,125.62,1,-1,-1,-1
279,0,752.19,525.21,112.31999999999994,127.63,1,-1,-1,-1
280,0,749.54,523.94,114.62,129.63,1,-1,-1,-1
281,0,746.9,522.66,116.89999999999998,131.64,1,-1,-1,-1
282,0,744.09,521.84,118.67999999999995,133.51999999999998,1,-1,-1,-1
283,0,741.29,521.02,120.44000000000005,135.39999999999998,1,-1,-1,-1
284,0,738.48,520.2,122.22000000000003,137.27999999999997,1,-1,-1,-1
285,0,732.97,518.1,127.63,140.43999999999994,1,-1,-1,-1
286,0,727.45,516.0,133.04999999999995,143.60000000000002,1,-1,-1,-1
287,0,724.67,514.97,135.33000000000004,146.0,1,-1,-1,-1
288,0,721.88,513.93,137.62,148.4000000000001,1,-1,-1,-1
289,0,719.1,512.9,139.89999999999998,150.80000000000007,1,-1,-1,-1
290,0,713.55,509.85,144.55000000000007,154.44999999999993,1,-1,-1,-1
291,0,708.0,506.8,149.20000000000005,158.09999999999997,1,-1,-1,-1
292,0,703.43,504.47,152.6500000000001,160.89999999999998,1,-1,-1,-1
293,0,698.87,502.13,156.09000000000003,163.70000000000005,1,-1,-1,-1
294,0,694.3,499.8,159.54000000000008,166.49999999999994,1,-1,-1,-1
295,0,688.6,495.88,164.12,170.51999999999998,1,-1,-1,-1
296,0,682.9,491.95,168.70000000000005,174.55,1,-1,-1,-1
297,0,678.9,489.4,171.58000000000004,178.76,1,-1,-1,-1
298,0,671.98,486.32,177.38,183.50000000000006,1,-1,-1,-1
299,0,665.05,483.25,183.19000000000005,188.23000000000002,1,-1,-1,-1
300,0,658.12,480.18,189.0,192.95999999999998,1,-1,-1,-1
301,0,651.2,477.1,194.79999999999995,197.69999999999993,1,-1,-1,-1
302,0,642.4,474.1,201.75,202.22000000000003,1,-1,-1,-1
303,0,633.6,471.1,208.69999999999993,206.74,1,-1,-1,-1
304,0,624.39,466.5,215.27999999999997,212.86,1,-1,-1,-1
305,0,615.18,461.9,221.85000000000002,218.98000000000002,1,-1,-1,-1
306,0,605.97,457.3,228.42999999999995,225.09999999999997,1,-1,-1,-1
307,0,598.4,454.4,233.70000000000005,229.70000000000005,1,-1,-1,-1
308,0,588.23,449.0,241.56999999999994,236.5,1,-1,-1,-1
309,0,578.07,443.6,249.42999999999995,243.29999999999995,1,-1,-1,-1
310,0,567.9,438.2,257.30000000000007,250.09999999999997,1,-1,-1,-1
311,0,551.5,430.9,271.4,255.10000000000002,1,-1,-1,-1
312,0,541.15,425.05,279.37,265.45,1,-1,-1,-1
313,0,530.8,419.2,287.34000000000003,275.8,1,-1,-1,-1
314,0,516.7,413.1,299.05999999999995,284.43999999999994,1,-1,-1,-1
315,0,502.6,407.0,310.78,293.07000000000005,1,-1,-1,-1
316,0,482.17,398.04,328.83,304.56,1,-1,-1,-1
317,0,468.6,391.8,339.0799999999999,315.08,1,-1,-1,-1
318,0,449.65,383.55,355.0400000000001,328.64000000000004,1,-1,-1,-1
319,0,430.7,375.3,371.00000000000006,342.2,1,-1,-1,-1
320,0,410.45,365.4,387.25000000000006,355.35,1,-1,-1,-1
321,0,390.2,355.5,403.50000000000006,368.5,1,-1,-1,-1
322,0,362.0,342.4,429.07000000000005,386.1,1,-1,-1,-1
323,0,338.5,330.7,449.23,402.3,1,-1,-1,-1
324,0,311.0,313.7,473.4,423.8,1,-1,-1,-1
325,0,280.95,299.0,499.3,446.15,1,-1,-1,-1
326,0,250.9,281.56,525.2,471.23999999999995,1,-1,-1,-1
327,0,221.4,264.9,549.88,497.46000000000004,1,-1,-1,-1
328,0,182.7,239.92,583.76,532.0,1,-1,-1,-1
329,0,144.0,214.95,617.64,566.53,1,-1,-1,-1
330,0,99.45,191.72,657.37,599.3199999999999,1,-1,-1,-1
331,0,54.9,168.5,697.1,632.1,1,-1,-1,-1
332,0,13.5,137.1,732.1,663.1999999999999,1,-1,-1,-1
333,0,0.0,102.3,739.2,714.0600000000001,1,-1,-1,-1
334,0,0.0,64.9,732.8,759.34,1,-1,-1,-1
335,0,0.0,27.5,726.4,804.62,1,-1,-1,-1
336,0,0.0,0.0,720.0,840.0,1,-1,-1,-1
337,0,0.0,0.0,712.28,847.88,1,-1,-1,-1
338,0,0.0,0.0,704.56,855.76,1,-1,-1,-1
339,0,0.0,0.0,696.84,863.64,1,-1,-1,-1
340,0,0.0,0.0,689.12,871.52,1,-1,-1,-1
341,0,0.0,0.0,681.4,879.4,1,-1,-1,-1
342,0,0.0,0.0,669.74,880.39,1,-1,-1,-1
343,0,0.0,0.0,658.08,881.38,1,-1,-1,-1
344,0,0.0,0.0,646.42,882.37,1,-1,-1,-1
345,0,0.0,0.0,634.76,883.36,1,-1,-1,-1
346,0,0.0,0.0,623.1,884.35,1,-1,-1,-1
347,0,0.0,0.0,603.55,885.34,1,-1,-1,-1
348,0,0.0,0.0,584.01,886.33,1,-1,-1,-1
349,0,0.0,0.0,564.46,887.32,1,-1,-1,-1
350,0,0.0,0.0,544.92,888.31,1,-1,-1,-1
351,0,0.0,0.0,525.37,889.3,1,-1,-1,-1
352,0,0.0,0.0,495.98,888.15,1,-1,-1,-1
353,0,0.0,0.0,466.59,887.0,1,-1,-1,-1
354,0,0.0,0.0,437.2,885.85,1,-1,-1,-1
355,0,0.0,0.0,397.1,884.7,1,-1,-1,-1
356,0,0.0,0.0,357.0,883.55,1,-1,-1,-1
357,0,0.0,166.2,302.3,716.2,1,-1,-1,-1
358,0,0.0,127.6,241.5,753.65,1,-1,-1,-1
359,0,0.0,122.0,175.4,758.1,1,-1,-1,-1
360,0,0.0,117.4,103.2,761.5500000000001,1,-1,-1,-1
361,0,0.0,110.7,24.3,767.0999999999999,1,-1,-1,-1
611,1,617.29,525.43,129.26,124.31000000000006,1,-1,-1,-1
611,2,780.77,550.44,64.94000000000005,78.68999999999994,1,-1,-1,-1
612,1,613.1,524.33,130.09000000000003,127.38999999999999,1,-1,-1,-1
612,2,778.79,550.63,65.87,79.75,1,-1,-1,-1
613,1,606.7,524.2,133.14,129.49,1,-1,-1,-1
613,2,776.81,550.82,66.80000000000007,80.79999999999995,1,-1,-1,-1
614,1,599.25,522.98,137.24,132.68999999999994,1,-1,-1,-1
614,2,774.82,551.01,67.7399999999999,81.86000000000001,1,-1,-1,-1
615,1,591.8,521.76,141.33000000000004,135.88,1,-1,-1,-1
615,2,772.84,551.2,68.66999999999996,82.91999999999996,1,-1,-1,-1
616,1,584.35,520.54,145.41999999999996,139.08000000000004,1,-1,-1,-1
616,2,770.86,551.38,69.60000000000002,83.99000000000001,1,-1,-1,-1
617,1,576.9,519.32,149.51999999999998,142.27999999999997,1,-1,-1,-1
617,2,768.88,551.57,70.51999999999998,85.03999999999996,1,-1,-1,-1
618,1,568.29,519.0,154.76999999999998,144.57000000000005,1,-1,-1,-1
618,2,766.9,551.76,71.45000000000005,86.10000000000002,1,-1,-1,-1
619,1,560.6,517.9,159.11,147.64999999999998,1,-1,-1,-1
619,2,764.91,551.95,72.38999999999999,87.15999999999997,1,-1,-1,-1
620,1,551.54,516.16,164.82000000000005,151.36,1,-1,-1,-1
620,2,762.93,552.14,73.32000000000005,88.21000000000004,1,-1,-1,-1
621,1,542.48,514.43,170.51999999999998,155.07000000000005,1,-1,-1,-1
621,2,760.95,552.33,74.25,89.26999999999998,1,-1,-1,-1
622,1,532.8,512.72,175.38,158.19999999999993,1,-1,-1,-1
622,2,758.73,551.74,75.71000000000004,90.36000000000001,1,-1,-1,-1
623,1,523.13,511.01,180.23000000000002,161.33000000000004,1,-1,-1,-1
623,2,756.52,551.16,77.15999999999997,91.45000000000005,1,-1,-1,-1
624,1,513.45,509.3,185.08999999999992,164.45999999999998,1,-1,-1,-1
624,2,754.3,550.57,78.62,92.53999999999996,1,-1,-1,-1
625,1,503.77,506.22,189.95000000000005,168.95999999999992,1,-1,-1,-1
625,2,752.09,549.99,80.06999999999994,93.63,1,-1,-1,-1
626,1,494.09,503.14,194.81,173.46000000000004,1,-1,-1,-1
626,2,749.87,549.4,81.52999999999997,94.72000000000003,1,-1,-1,-1
627,1,481.94,500.32,202.32,177.50000000000006,1,-1,-1,-1
627,2,747.66,547.92,82.98000000000002,96.16000000000008,1,-1,-1,-1
628,1,469.8,497.5,209.82,181.53999999999996,1,-1,-1,-1
628,2,745.44,546.45,84.43999999999994,97.57999999999993,1,-1,-1,-1
629,1,456.27,492.87,218.71000000000004,187.39,1,-1,-1,-1
629,2,743.23,544.97,85.88999999999999,99.01999999999998,1,-1,-1,-1
630,1,442.73,488.23,227.61,193.25,1,-1,-1,-1
630,2,741.01,543.5,87.35000000000002,100.44000000000005,1,-1,-1,-1
631,1,429.2,483.6,236.50000000000006,199.10000000000002,1,-1,-1,-1
631,2,738.8,542.02,88.80000000000007,101.88,1,-1,-1,-1
632,1,413.18,477.9,246.32,205.74,1,-1,-1,-1
632,2,735.93,540.12,90.21000000000004,103.46000000000004,1,-1,-1,-1
633,1,397.16,472.2,256.13999999999993,212.38000000000005,1,-1,-1,-1
633,2,733.06,538.21,91.62,105.04999999999995,1,-1,-1,-1
634,1,381.14,466.5,265.96000000000004,219.01999999999998,1,-1,-1,-1
634,2,730.19,536.31,93.02999999999997,106.62,1,-1,-1,-1
635,1,365.12,460.8,275.78,225.66000000000003,1,-1,-1,-1
635,2,727.32,534.4,94.43999999999994,108.21000000000004,1,-1,-1,-1
636,1,349.1,455.1,285.6,232.29999999999995,1,-1,-1,-1
636,2,724.45,532.5,95.84999999999991,109.78999999999996,1,-1,-1,-1
637,1,326.46,449.4,299.86000000000007,242.92000000000007,1,-1,-1,-1
637,2,721.58,531.34,97.25999999999999,111.76999999999998,1,-1,-1,-1
638,1,303.82,443.7,314.12000000000006,253.54000000000002,1,-1,-1,-1
638,2,718.71,530.18,98.66999999999996,113.75,1,-1,-1,-1
639,1,281.18,438.0,328.37999999999994,264.15999999999997,1,-1,-1,-1
639,2,715.84,529.02,100.07999999999993,115.74000000000001,1,-1,-1,-1
640,1,258.54,432.3,342.63999999999993,274.78000000000003,1,-1,-1,-1
640,2,712.97,527.86,101.49000000000001,117.72000000000003,1,-1,-1,-1
641,1,235.9,426.6,356.9,285.4,1,-1,-1,-1
641,2,710.1,526.7,102.89999999999998,119.69999999999993,1,-1,-1,-1
642,1,205.96,418.04,375.14,296.61999999999995,1,-1,-1,-1
642,2,705.75,525.49,106.41999999999996,121.64999999999998,1,-1,-1,-1
643,1,176.02,409.48,393.38,307.84000000000003,1,-1,-1,-1
643,2,701.41,524.28,109.93000000000006,123.60000000000002,1,-1,-1,-1
644,1,146.08,400.92,411.62,319.06,1,-1,-1,-1
644,2,697.06,523.07,113.45000000000005,125.54999999999995,1,-1,-1,-1
645,1,116.14,392.36,429.86,330.28,1,-1,-1,-1
645,2,692.72,521.86,116.95999999999992,127.5,1,-1,-1,-1
646,1,86.2,383.8,448.09999999999997,341.49999999999994,1,-1,-1,-1
646,2,688.37,520.65,120.48000000000002,129.45000000000005,1,-1,-1,-1
647,1,50.8,374.1,469.92,353.48,1,-1,-1,-1
647,2,684.03,519.44,123.99000000000001,132.1199999999999,1,-1,-1,-1
648,1,15.4,360.38,493.40000000000003,369.48,1,-1,-1,-1
648,2,679.68,518.23,127.5100000000001,134.78999999999996,1,-1,-1,-1
649,1,0.0,350.7,493.9,388.7,1,-1,-1,-1
649,2,675.34,517.02,131.01999999999998,137.46000000000004,1,-1,-1,-1
650,1,0.0,335.8,480.15,413.59999999999997,1,-1,-1,-1
650,2,670.99,515.81,134.53999999999996,140.1300000000001,1,-1,-1,-1
651,1,0.0,319.2,466.4,417.50000000000006,1,-1,-1,-1
651,2,666.65,514.6,138.05000000000007,142.79999999999995,1,-1,-1,-1
652,1,0.0,321.2,439.03,418.72999999999996,1,-1,-1,-1
652,2,660.0,512.03,142.61,146.51,1,-1,-1,-1
653,1,0.0,323.19,411.66,419.96999999999997,1,-1,-1,-1
653,2,653.34,509.47,147.17999999999995,150.20999999999992,1,-1,-1,-1
654,1,0.0,325.19,384.29,421.2,1,-1,-1,-1
654,2,646.69,506.9,151.7399999999999,153.92000000000007,1,-1,-1,-1
655,1,0.0,327.18,356.92,422.44,1,-1,-1,-1
655,2,640.03,504.34,156.31000000000006,157.62000000000006,1,-1,-1,-1
656,1,0.0,329.18,329.55,423.67,1,-1,-1,-1
656,2,633.38,501.77,160.87,161.33000000000004,1,-1,-1,-1
657,1,0.0,331.18,302.18,424.90000000000003,1,-1,-1,-1
657,2,626.73,499.2,165.42999999999995,165.04000000000002,1,-1,-1,-1
658,1,0.0,333.17,274.81,426.13999999999993,1,-1,-1,-1
658,2,620.07,496.64,170.0,168.74,1,-1,-1,-1
659,1,0.0,335.17,247.44,427.36999999999995,1,-1,-1,-1
659,2,613.42,494.07,174.56000000000006,172.45,1,-1,-1,-1
660,1,0.0,337.16,220.07,428.60999999999996,1,-1,-1,-1
660,2,606.76,491.51,179.13,176.14999999999998,1,-1,-1,-1
661,1,0.0,339.16,192.7,429.84,1,-1,-1,-1
661,2,600.11,488.94,183.68999999999994,179.85999999999996,1,-1,-1,-1
662,1,0.0,336.42,147.53,442.18,1,-1,-1,-1
662,2,590.93,485.89,190.1500000000001,184.61,1,-1,-1,-1
663,1,0.0,343.27,98.26,442.1700000000001,1,-1,-1,-1
663,2,581.75,482.84,196.61,189.36000000000007,1,-1,-1,-1
664,1,0.0,347.37,49.3,442.17999999999995,1,-1,-1,-1
664,2,572.56,479.8,203.08000000000004,194.09999999999997,1,-1,-1,-1
665,2,563.38,476.75,209.53999999999996,198.85000000000002,1,-1,-1,-1
666,2,554.2,473.7,216.0,203.59999999999997,1,-1,-1,-1
667,2,542.16,469.14,224.58000000000004,210.58000000000004,1,-1,-1,-1
668,2,530.12,464.58,233.15999999999997,217.56,1,-1,-1,-1
669,2,518.08,460.02,241.74,224.53999999999996,1,-1,-1,-1
670,2,506.04,455.46,250.32,231.52000000000004,1,-1,-1,-1
671,2,494.0,450.9,258.9,238.5,1,-1,-1,-1
672,2,477.28,444.93,271.82000000000005,247.29000000000002,1,-1,-1,-1
673,2,460.56,438.97,284.73999999999995,256.06999999999994,1,-1,-1,-1
674,2,443.84,433.0,297.66,264.86,1,-1,-1,-1
675,2,427.12,425.4,310.58000000000004,275.28,1,-1,-1,-1
676,2,410.4,417.8,323.5,285.7,1,-1,-1,-1
677,2,390.1,410.3,339.19999999999993,296.56,1,-1,-1,-1
678,2,365.5,398.98,358.97,311.24,1,-1,-1,-1
679,2,340.9,387.65,378.75,325.93000000000006,1,-1,-1,-1
680,2,316.3,376.32,398.53000000000003,340.62000000000006,1,-1,-1,-1
681,2,291.7,365.0,418.3,355.29999999999995,1,-1,-1,-1
682,2,258.16,349.96,446.35999999999996,375.02000000000004,1,-1,-1,-1
683,2,224.62,334.92,474.41999999999996,394.73999999999995,1,-1,-1,-1
683,3,761.75,560.9,70.70000000000005,72.05000000000007,1,-1,-1,-1
684,2,191.08,319.88,502.4799999999999,414.46000000000004,1,-1,-1,-1
684,3,759.93,559.6,72.07000000000005,73.0,1,-1,-1,-1
685,2,157.54,304.84,530.5400000000001,434.18,1,-1,-1,-1
685,3,758.12,558.3,73.42999999999995,73.95000000000005,1,-1,-1,-1
686,2,124.0,289.8,558.6,453.90000000000003,1,-1,-1,-1
686,3,756.3,557.0,74.80000000000007,74.89999999999998,1,-1,-1,-1
687,2,82.67,266.27,591.01,488.4,1,-1,-1,-1
687,3,754.48,556.72,76.43999999999994,75.77999999999997,1,-1,-1,-1
688,2,41.33,242.73,623.43,522.9,1,-1,-1,-1
688,3,752.66,556.44,78.08000000000004,76.65999999999997,1,-1,-1,-1
689,2,0.0,219.2,655.84,557.4000000000001,1,-1,-1,-1
689,3,750.84,556.16,79.71999999999991,77.54000000000008,1,-1,-1,-1
690,2,0.0,192.85,646.92,599.5,1,-1,-1,-1
690,3,749.02,555.88,81.36000000000001,78.41999999999996,1,-1,-1,-1
691,2,0.0,166.5,638.0,641.6,1,-1,-1,-1
691,3,747.2,555.6,83.0,79.29999999999995,1,-1,-1,-1
692,2,0.0,134.6,627.7,673.5,1,-1,-1,-1
692,3,745.28,555.44,83.86000000000001,80.45999999999992,1,-1,-1,-1
693,2,0.0,120.3,613.2,691.7900000000001,1,-1,-1,-1
693,3,743.36,555.28,84.72000000000003,81.62,1,-1,-1,-1
694,2,0.0,117.25,603.0,698.83,1,-1,-1,-1
694,3,741.44,555.12,85.57999999999993,82.77999999999997,1,-1,-1,-1
695,2,0.0,114.21,591.0,705.86,1,-1,-1,-1
695,3,739.52,554.96,86.44000000000005,83.93999999999994,1,-1,-1,-1
696,2,0.0,111.16,583.6,712.9,1,-1,-1,-1
696,3,737.6,554.8,87.29999999999995,85.10000000000002,1,-1,-1,-1
697,2,0.0,110.87,564.64,712.74,1,-1,-1,-1
697,3,735.08,554.64,88.75999999999999,86.25999999999999,1,-1,-1,-1
698,2,0.0,110.58,545.68,712.5699999999999,1,-1,-1,-1
698,3,732.57,554.48,90.20999999999992,87.41999999999996,1,-1,-1,-1
699,2,0.0,110.29,526.72,712.4100000000001,1,-1,-1,-1
699,3,730.05,554.32,91.67000000000007,88.57999999999993,1,-1,-1,-1
700,2,0.0,110.0,507.76,712.25,1,-1,-1,-1
700,3,727.54,554.16,93.12,89.74000000000001,1,-1,-1,-1
701,2,0.0,100.4,488.8,721.4,1,-1,-1,-1
701,3,725.02,554.0,94.58000000000004,90.89999999999998,1,-1,-1,-1
702,2,0.0,99.3,465.35,727.7,1,-1,-1,-1
702,3,721.86,552.44,96.63999999999999,92.03999999999996,1,-1,-1,-1
703,2,0.0,98.2,441.9,734.0,1,-1,-1,-1
703,3,718.7,550.88,98.69999999999993,93.17999999999995,1,-1,-1,-1
704,2,0.0,97.1,410.53,740.3,1,-1,-1,-1
704,3,715.53,549.32,100.76999999999998,94.31999999999994,1,-1,-1,-1
705,2,0.0,96.0,379.17,746.61,1,-1,-1,-1
705,3,712.37,547.76,102.83000000000004,95.46000000000004,1,-1,-1,-1
706,2,0.0,94.9,347.8,752.91,1,-1,-1,-1
706,3,709.21,546.2,104.88999999999999,96.59999999999991,1,-1,-1,-1
707,2,0.0,98.9,308.9,754.11,1,-1,-1,-1
707,3,706.05,544.64,106.95000000000005,98.30000000000007,1,-1,-1,-1
708,2,0.0,98.2,266.0,760.01,1,-1,-1,-1
708,3,702.89,543.08,109.00999999999999,100.0,1,-1,-1,-1
709,2,0.0,116.27,214.33,747.14,1,-1,-1,-1
709,3,699.72,541.52,111.07999999999993,101.70000000000005,1,-1,-1,-1
710,2,0.0,134.34,162.67,734.27,1,-1,-1,-1
710,3,696.56,539.96,113.1400000000001,103.39999999999998,1,-1,-1,-1
711,2,0.0,152.41,111.0,721.4,1,-1,-1,-1
711,3,693.4,538.4,115.20000000000005,105.10000000000002,1,-1,-1,-1
712,2,0.0,152.41,54.88,721.4,1,-1,-1,-1
712,3,688.95,536.97,117.52999999999997,106.94999999999993,1,-1,-1,-1
713,3,684.51,535.53,119.86000000000001,108.81000000000006,1,-1,-1,-1
714,3,680.06,534.1,122.19000000000005,110.65999999999997,1,-1,-1,-1
715,3,675.62,532.66,124.51999999999998,112.51999999999998,1,-1,-1,-1
716,3,671.17,531.23,126.85000000000002,114.37,1,-1,-1,-1
717,3,666.6,530.3,129.17999999999995,116.72000000000003,1,-1,-1,-1
718,3,662.02,529.38,131.51,119.06000000000006,1,-1,-1,-1
719,3,657.45,528.45,133.83999999999992,121.40999999999997,1,-1,-1,-1
720,3,652.87,527.53,136.16999999999996,123.75,1,-1,-1,-1
721,3,648.3,526.6,138.5,126.10000000000002,1,-1,-1,-1
722,3,642.34,524.75,142.33999999999992,128.39,1,-1,-1,-1
723,3,636.38,522.9,146.17999999999995,130.68000000000006,1,-1,-1,-1
724,3,630.42,521.06,150.0200000000001,132.96000000000004,1,-1,-1,-1
725,3,624.46,519.21,153.86,135.25,1,-1,-1,-1
726,3,618.5,517.36,157.70000000000005,137.53999999999996,1,-1,-1,-1
727,3,610.04,515.23,163.54000000000008,140.89,1,-1,-1,-1
728,3,601.58,513.1,169.38,144.24,1,-1,-1,-1
729,3,593.12,510.96,175.22000000000003,147.59999999999997,1,-1,-1,-1
730,3,584.66,508.83,181.06000000000006,150.95,1,-1,-1,-1
731,3,576.2,506.7,186.89999999999998,154.3,1,-1,-1,-1
732,3,569.47,504.7,190.44999999999993,158.05,1,-1,-1,-1
733,3,562.74,502.7,194.0,161.8,1,-1,-1,-1
734,3,553.26,500.17,200.29999999999995,168.03000000000003,1,-1,-1,-1
735,3,543.78,497.64,206.60000000000002,174.26,1,-1,-1,-1
736,3,534.3,495.11,212.9000000000001,180.49,1,-1,-1,-1
737,3,522.62,491.61,220.12,184.51,1,-1,-1,-1
738,3,510.94,488.11,227.33999999999997,188.52999999999997,1,-1,-1,-1
739,3,499.26,484.6,234.56000000000006,192.55999999999995,1,-1,-1,-1
740,3,487.58,481.1,241.78000000000003,196.57999999999993,1,-1,-1,-1
741,3,475.9,477.6,249.0,200.60000000000002,1,-1,-1,-1
742,3,460.04,472.87,259.97999999999996,206.92999999999995,1,-1,-1,-1
743,3,444.18,468.13,270.96,213.26999999999998,1,-1,-1,-1
744,3,428.32,463.4,281.94,219.60000000000002,1,-1,-1,-1
745,3,412.46,457.5,292.92,227.85000000000002,1,-1,-1,-1
746,3,396.6,451.6,303.9,236.10000000000002,1,-1,-1,-1
747,3,374.92,444.28,319.06,245.32000000000005,1,-1,-1,-1
748,3,353.24,436.96,334.22,254.54000000000002,1,-1,-1,-1
749,3,331.56,429.64,349.38000000000005,263.76,1,-1,-1,-1
750,3,309.88,422.32,364.53999999999996,272.97999999999996,1,-1,-1,-1
751,3,288.2,415.0,379.7,282.20000000000005,1,-1,-1,-1
752,3,260.9,405.73,399.87,296.78999999999996,1,-1,-1,-1
753,3,233.6,396.47,420.03,311.38,1,-1,-1,-1
754,3,206.3,387.2,440.2,325.96999999999997,1,-1,-1,-1
755,3,173.9,375.37,462.93000000000006,343.13,1,-1,-1,-1
756,3,141.5,363.53,485.66999999999996,360.2900000000001,1,-1,-1,-1
757,3,109.1,351.7,508.4,377.45,1,-1,-1,-1
758,3,72.9,337.35,536.2,397.12,1,-1,-1,-1
759,3,36.7,323.0,564.0,416.79999999999995,1,-1,-1,-1
760,3,0.0,304.35,585.15,440.75,1,-1,-1,-1
761,3,0.0,285.7,569.6,464.7,1,-1,-1,-1
762,3,0.0,264.1,555.1,495.84000000000003,1,-1,-1,-1
763,3,0.0,242.5,540.6,526.98,1,-1,-1,-1
764,3,0.0,237.03,522.3,541.99,1,-1,-1,-1
765,3,0.0,231.57,504.0,556.99,1,-1,-1,-1
766,3,0.0,226.1,485.7,572.0,1,-1,-1,-1
767,3,0.0,223.76,460.0,565.1800000000001,1,-1,-1,-1
768,3,0.0,221.42,434.3,558.36,1,-1,-1,-1
769,3,0.0,219.08,408.6,551.54,1,-1,-1,-1
770,3,0.0,216.74,382.9,544.72,1,-1,-1,-1
771,3,0.0,214.4,357.2,537.9,1,-1,-1,-1
772,3,0.0,211.66,320.1,555.24,1,-1,-1,-1
773,3,0.0,208.92,283.0,572.58,1,-1,-1,-1
774,3,0.0,206.18,245.9,589.9200000000001,1,-1,-1,-1
775,3,0.0,203.44,201.2,595.8599999999999,1,-1,-1,-1
776,3,0.0,200.7,156.5,601.8,1,-1,-1,-1
777,3,0.0,199.56,106.3,601.8,1,-1,-1,-1
778,3,0.0,198.42,42.44,601.8000000000001,1,-1,-1,-1
779,7,769.58,562.66,66.05999999999995,76.72000000000003,1,-1,-1,-1
780,7,767.74,563.33,66.83000000000004,77.65999999999997,1,-1,-1,-1
781,7,765.9,564.0,67.60000000000002,78.60000000000002,1,-1,-1,-1
782,7,763.28,563.3,68.94000000000005,79.75999999999999,1,-1,-1,-1
783,7,760.66,562.6,70.28000000000009,80.91999999999996,1,-1,-1,-1
784,7,758.04,561.9,71.62,82.08000000000004,1,-1,-1,-1
785,7,755.42,561.2,72.96000000000004,83.24000000000001,1,-1,-1,-1
786,7,752.8,560.5,74.30000000000007,84.39999999999998,1,-1,-1,-1
787,7,749.64,558.72,76.18000000000006,85.89999999999998,1,-1,-1,-1
788,7,746.49,556.94,78.04999999999995,87.39999999999998,1,-1,-1,-1
789,7,743.33,555.16,79.92999999999995,88.89999999999998,1,-1,-1,-1
790,7,740.18,553.38,81.80000000000007,90.39999999999998,1,-1,-1,-1
791,7,737.02,551.6,83.68000000000006,91.89999999999998,1,-1,-1,-1
792,7,733.82,550.04,84.5,93.33000000000004,1,-1,-1,-1
793,7,730.61,548.47,85.31999999999994,94.75999999999999,1,-1,-1,-1
794,7,727.41,546.91,86.13999999999999,96.19000000000005,1,-1,-1,-1
795,7,724.2,545.34,86.95999999999992,97.62,1,-1,-1,-1
796,7,721.0,543.78,87.77999999999997,99.05000000000007,1,-1,-1,-1
797,7,717.14,542.48,88.51999999999998,100.57999999999993,1,-1,-1,-1
798,7,713.28,541.19,89.26999999999998,102.1099999999999,1,-1,-1,-1
799,7,709.42,539.89,90.00999999999999,103.63999999999999,1,-1,-1,-1
800,7,705.56,538.6,90.7600000000001,105.16999999999996,1,-1,-1,-1
801,7,701.7,537.3,91.5,106.70000000000005,1,-1,-1,-1
802,7,697.08,535.8,93.91999999999996,109.03000000000009,1,-1,-1,-1
803,7,692.46,534.3,96.33999999999992,111.36000000000001,1,-1,-1,-1
804,7,687.84,532.8,98.75999999999999,113.69000000000005,1,-1,-1,-1
805,7,683.22,531.3,101.17999999999995,116.0200000000001,1,-1,-1,-1
806,7,678.6,529.8,103.60000000000002,118.35000000000002,1,-1,-1,-1
807,7,673.42,528.2,106.58000000000004,120.77999999999997,1,-1,-1,-1
808,7,668.24,526.6,109.55999999999995,123.20999999999992,1,-1,-1,-1
809,7,663.06,525.0,112.54000000000008,125.63999999999999,1,-1,-1,-1
810,7,657.88,523.4,115.51999999999998,128.07000000000005,1,-1,-1,-1
811,7,652.7,521.8,118.5,130.5,1,-1,-1,-1
812,7,646.36,520.28,121.60000000000002,133.47000000000003,1,-1,-1,-1
813,7,640.02,518.76,124.70000000000005,136.44000000000005,1,-1,-1,-1
814,7,633.68,517.24,127.80000000000007,139.40999999999997,1,-1,-1,-1
815,7,627.34,515.72,130.89999999999998,142.38,1,-1,-1,-1
816,7,621.0,514.2,134.0,145.3499999999999,1,-1,-1,-1
816,16,734.2,562.05,65.94999999999993,79.55000000000007,1,-1,-1,-1
817,7,612.56,511.62,138.94000000000005,149.38,1,-1,-1,-1
817,16,730.64,561.52,68.06000000000006,80.94000000000005,1,-1,-1,-1
818,7,604.12,509.04,143.88,153.41000000000003,1,-1,-1,-1
818,16,727.08,560.99,70.16999999999996,82.33000000000004,1,-1,-1,-1
819,7,595.68,506.46,148.82000000000005,157.44,1,-1,-1,-1
819,16,723.52,560.46,72.27999999999997,83.71999999999991,1,-1,-1,-1
820,7,587.24,503.88,153.76,161.47000000000003,1,-1,-1,-1
820,16,719.96,559.93,74.38999999999999,85.11000000000001,1,-1,-1,-1
821,7,578.8,501.3,158.70000000000005,165.49999999999994,1,-1,-1,-1
821,16,716.4,559.4,76.5,86.5,1,-1,-1,-1
822,7,569.76,498.3,162.74,170.16000000000003,1,-1,-1,-1
822,16,712.6,558.79,76.55999999999995,87.79000000000008,1,-1,-1,-1
823,7,560.72,495.3,166.77999999999997,174.82,1,-1,-1,-1
823,16,708.8,558.18,76.62,89.08000000000004,1,-1,-1,-1
824,7,551.68,492.3,170.82000000000005,179.47999999999996,1,-1,-1,-1
824,16,705.01,557.58,76.66999999999996,90.36000000000001,1,-1,-1,-1
825,7,542.64,489.3,174.86,184.14000000000004,1,-1,-1,-1
825,16,701.21,556.97,76.73000000000002,91.64999999999998,1,-1,-1,-1
826,7,533.6,486.3,178.89999999999998,188.8,1,-1,-1,-1
826,16,697.41,556.36,76.79000000000008,92.93999999999994,1,-1,-1,-1
827,7,520.34,482.56,186.07999999999993,194.57999999999998,1,-1,-1,-1
827,16,691.04,555.38,80.16000000000008,94.96000000000004,1,-1,-1,-1
828,7,507.08,478.82,193.26000000000005,200.35999999999996,1,-1,-1,-1
828,16,684.68,554.41,83.5200000000001,96.97000000000003,1,-1,-1,-1
829,7,493.82,475.08,200.44,206.14000000000004,1,-1,-1,-1
829,16,678.31,553.43,86.8900000000001,98.99000000000001,1,-1,-1,-1
830,7,480.56,471.34,207.61999999999995,211.92000000000002,1,-1,-1,-1
830,16,671.95,552.46,90.25,101.0,1,-1,-1,-1
831,7,467.3,467.6,214.8,217.69999999999993,1,-1,-1,-1
831,16,665.58,551.48,93.62,103.01999999999998,1,-1,-1,-1
832,7,449.56,462.22,225.18,226.27999999999997,1,-1,-1,-1
832,16,660.51,550.96,95.02999999999997,105.17999999999995,1,-1,-1,-1
833,7,431.82,456.84,235.56,234.86000000000007,1,-1,-1,-1
833,16,655.43,550.43,96.45000000000005,107.35000000000002,1,-1,-1,-1
834,7,414.08,451.46,245.94,243.44,1,-1,-1,-1
834,16,650.36,549.91,97.86000000000001,109.50999999999999,1,-1,-1,-1
835,7,396.34,446.08,256.32,252.02000000000004,1,-1,-1,-1
835,16,645.28,549.38,99.27999999999997,111.67999999999995,1,-1,-1,-1
836,7,378.6,440.7,266.69999999999993,260.59999999999997,1,-1,-1,-1
836,16,640.21,548.86,100.68999999999994,113.84000000000003,1,-1,-1,-1
837,7,354.52,432.94,281.03999999999996,272.59999999999997,1,-1,-1,-1
837,16,631.97,547.81,104.99000000000001,117.05000000000007,1,-1,-1,-1
838,7,330.44,425.18,295.38000000000005,284.59999999999997,1,-1,-1,-1
838,16,623.73,546.76,109.28999999999996,120.25999999999999,1,-1,-1,-1
839,7,306.36,417.42,309.72,296.59999999999997,1,-1,-1,-1
839,16,615.48,545.7,113.60000000000002,123.4799999999999,1,-1,-1,-1
840,7,282.28,409.66,324.06000000000006,308.59999999999997,1,-1,-1,-1
840,16,607.24,544.65,117.89999999999998,126.69000000000005,1,-1,-1,-1
841,7,258.2,401.9,338.40000000000003,320.6,1,-1,-1,-1
841,16,599.0,543.6,122.20000000000005,129.89999999999998,1,-1,-1,-1
842,7,227.1,390.9,355.98,337.76,1,-1,-1,-1
842,16,589.82,541.54,126.07999999999993,133.36,1,-1,-1,-1
843,7,196.0,377.55,375.5,355.34999999999997,1,-1,-1,-1
843,16,580.64,539.48,129.96000000000004,136.81999999999994,1,-1,-1,-1
844,7,158.5,364.2,398.83000000000004,375.50000000000006,1,-1,-1,-1
844,16,571.46,537.42,133.83999999999992,140.2800000000001,1,-1,-1,-1
845,7,121.0,350.85,422.16999999999996,395.65,1,-1,-1,-1
845,16,562.28,535.36,137.72000000000003,143.74,1,-1,-1,-1
846,7,83.5,337.5,445.5,415.79999999999995,1,-1,-1,-1
846,16,553.1,533.3,141.60000000000002,147.20000000000005,1,-1,-1,-1
847,7,41.4,316.62,469.6,453.1,1,-1,-1,-1
847,16,540.63,530.34,147.49,152.45999999999992,1,-1,-1,-1
848,7,0.0,301.5,490.15,484.64,1,-1,-1,-1
848,16,528.16,527.38,153.38,157.72000000000003,1,-1,-1,-1
849,7,0.0,279.6,473.1,522.9599999999999,1,-1,-1,-1
849,16,515.69,524.42,159.26999999999998,162.98000000000002,1,-1,-1,-1
850,7,0.0,256.35,448.15,562.63,1,-1,-1,-1
850,16,503.22,521.46,165.15999999999997,168.24,1,-1,-1,-1
851,7,0.0,233.1,423.2,602.3,1,-1,-1,-1
851,16,490.75,518.5,171.04999999999995,173.5,1,-1,-1,-1
852,7,0.0,235.24,399.8,602.3,1,-1,-1,-1
852,16,473.23,515.04,179.39,180.12,1,-1,-1,-1
853,7,0.0,237.38,367.85,602.3,1,-1,-1,-1
853,16,455.7,511.58,187.74000000000007,186.74000000000007,1,-1,-1,-1
854,7,0.0,239.52,335.9,602.3000000000001,1,-1,-1,-1
854,16,438.18,508.12,196.07999999999998,193.36,1,-1,-1,-1
855,7,0.0,241.65,303.0,602.3000000000001,1,-1,-1,-1
855,16,420.65,504.66,204.43000000000006,199.97999999999996,1,-1,-1,-1
856,7,0.0,243.79,262.2,602.3000000000001,1,-1,-1,-1
856,16,403.13,501.2,212.76999999999998,206.59999999999997,1,-1,-1,-1
857,7,0.0,245.93,216.7,602.3,1,-1,-1,-1
857,16,379.0,495.72,224.39999999999998,216.72000000000003,1,-1,-1,-1
858,7,0.0,248.07,171.2,602.3,1,-1,-1,-1
858,16,354.88,490.24,236.01999999999998,226.84000000000003,1,-1,-1,-1
859,7,0.0,250.21,120.0,602.3,1,-1,-1,-1
859,16,330.75,484.76,247.64999999999998,236.96000000000004,1,-1,-1,-1
859,17,755.3,569.28,73.90000000000009,68.36000000000001,1,-1,-1,-1
860,7,0.0,259.71,58.22,602.3,1,-1,-1,-1
860,16,306.63,479.28,259.27,247.08000000000004,1,-1,-1,-1
860,17,753.2,569.19,74.29999999999995,69.2299999999999,1,-1,-1,-1
861,16,282.5,473.8,270.9,257.2,1,-1,-1,-1
861,17,751.1,569.1,74.69999999999993,70.10000000000002,1,-1,-1,-1
862,16,246.48,464.62,287.91999999999996,273.35,1,-1,-1,-1
862,17,749.6,567.4,75.55999999999995,71.68000000000006,1,-1,-1,-1
863,16,210.46,455.44,304.93999999999994,289.50000000000006,1,-1,-1,-1
863,17,748.09,565.7,76.43999999999994,73.25999999999999,1,-1,-1,-1
864,16,174.44,446.26,321.96,305.65,1,-1,-1,-1
864,17,746.59,565.64,77.30999999999995,73.20000000000005,1,-1,-1,-1
865,16,138.42,437.08,338.98,321.8,1,-1,-1,-1
865,17,745.08,565.58,78.17999999999995,73.13999999999999,1,-1,-1,-1
866,9,629.0,603.9,83.89999999999998,60.89999999999998,1,-1,-1,-1
866,16,102.4,427.9,356.0,337.95000000000005,1,-1,-1,-1
866,17,743.58,565.52,79.04999999999995,73.08000000000004,1,-1,-1,-1
867,9,620.03,603.48,87.31000000000006,63.10000000000002,1,-1,-1,-1
867,16,81.92,412.12,348.28,360.70000000000005,1,-1,-1,-1
867,17,740.36,564.22,80.89999999999998,74.81999999999994,1,-1,-1,-1
868,9,611.05,603.06,90.73000000000002,65.30000000000007,1,-1,-1,-1
868,16,61.44,396.34,340.56,383.45,1,-1,-1,-1
868,17,737.15,562.91,82.75,76.57000000000005,1,-1,-1,-1
869,9,602.08,602.64,94.13999999999999,67.5,1,-1,-1,-1
869,16,40.96,380.56,332.84000000000003,406.2,1,-1,-1,-1
869,17,733.93,561.61,84.60000000000002,78.30999999999995,1,-1,-1,-1
870,9,593.1,602.22,97.55999999999995,69.69999999999993,1,-1,-1,-1
870,16,20.48,364.78,325.12,428.95000000000005,1,-1,-1,-1
870,17,730.72,560.3,86.44999999999993,80.06000000000006,1,-1,-1,-1
871,9,584.13,601.8,100.97000000000003,71.90000000000009,1,-1,-1,-1
871,16,0.0,349.0,317.4,451.70000000000005,1,-1,-1,-1
871,17,727.5,559.0,88.29999999999995,81.79999999999995,1,-1,-1,-1
872,9,571.32,601.69,105.13999999999999,74.26999999999998,1,-1,-1,-1
872,16,0.0,349.65,275.85,459.80000000000007,1,-1,-1,-1
872,17,726.05,558.51,88.31000000000006,83.13,1,-1,-1,-1
873,9,558.51,601.58,109.31000000000006,76.63999999999999,1,-1,-1,-1
873,16,0.0,350.3,234.3,467.89000000000004,1,-1,-1,-1
873,17,724.6,558.02,88.31999999999994,84.46000000000004,1,-1,-1,-1
874,9,545.69,601.47,113.4899999999999,79.00999999999999,1,-1,-1,-1
874,16,0.0,364.44,182.48,462.48999999999995,1,-1,-1,-1
874,17,723.16,557.54,88.32000000000005,85.78000000000009,1,-1,-1,-1
875,9,532.88,601.36,117.65999999999997,81.38,1,-1,-1,-1
875,16,0.0,378.58,130.65,457.09999999999997,1,-1,-1,-1
875,17,721.71,557.05,88.32999999999993,87.11000000000001,1,-1,-1,-1
876,9,520.07,601.25,121.82999999999993,83.75,1,-1,-1,-1
876,16,0.0,392.72,78.83,451.69999999999993,1,-1,-1,-1
876,17,720.26,556.56,88.34000000000003,88.44000000000005,1,-1,-1,-1
877,9,502.86,600.7,127.98000000000002,87.21999999999991,1,-1,-1,-1
877,16,0.0,399.38,18.0,451.70000000000005,1,-1,-1,-1
877,17,715.45,555.33,92.29999999999995,90.04999999999995,1,-1,-1,-1
878,9,485.64,600.15,134.14,90.69000000000005,1,-1,-1,-1
878,17,710.64,554.1,96.25999999999999,91.65999999999997,1,-1,-1,-1
879,9,468.43,599.6,140.29000000000002,94.15999999999997,1,-1,-1,-1
879,17,705.83,552.86,99.76999999999998,93.27999999999997,1,-1,-1,-1
880,9,451.21,599.05,146.45,97.63,1,-1,-1,-1
880,17,701.02,551.63,103.38,94.88999999999999,1,-1,-1,-1
881,9,434.0,598.5,152.60000000000002,101.10000000000002,1,-1,-1,-1
881,17,696.2,550.4,106.69999999999993,96.5,1,-1,-1,-1
882,9,410.6,597.43,160.97000000000003,106.67000000000007,1,-1,-1,-1
882,17,691.32,548.99,109.27999999999997,98.37,1,-1,-1,-1
883,9,387.2,596.37,169.32999999999998,112.23000000000002,1,-1,-1,-1
883,17,686.44,547.58,112.75999999999999,100.24000000000001,1,-1,-1,-1
884,9,363.8,595.3,177.7,117.80000000000007,1,-1,-1,-1
884,17,681.56,546.17,115.94000000000005,102.11000000000001,1,-1,-1,-1
885,9,334.86,592.61,187.78999999999996,124.99000000000001,1,-1,-1,-1
885,17,676.68,544.76,117.62,103.98000000000002,1,-1,-1,-1
886,9,305.92,589.92,197.88,132.18000000000006,1,-1,-1,-1
886,17,671.8,543.35,122.03000000000009,105.85000000000002,1,-1,-1,-1
887,9,270.54,589.65,211.48999999999995,138.12,1,-1,-1,-1
887,17,666.92,541.94,126.45000000000005,107.71999999999991,1,-1,-1,-1
888,9,235.15,589.37,225.11999999999998,144.05999999999995,1,-1,-1,-1
888,17,662.04,540.53,130.86,109.59000000000003,1,-1,-1,-1
889,9,199.77,589.1,238.73,150.0,1,-1,-1,-1
889,17,657.16,539.12,135.26999999999998,111.46000000000004,1,-1,-1,-1
890,9,155.78,587.85,252.17,156.60000000000002,1,-1,-1,-1
890,17,652.28,537.71,139.69000000000005,113.32999999999993,1,-1,-1,-1
891,9,111.8,586.6,265.59999999999997,163.19999999999993,1,-1,-1,-1
891,17,647.4,536.3,144.10000000000002,115.20000000000005,1,-1,-1,-1
892,9,61.1,583.95,282.29999999999995,181.54999999999995,1,-1,-1,-1
892,17,640.73,534.78,146.35000000000002,117.77999999999997,1,-1,-1,-1
893,9,10.4,581.3,299.0,199.9000000000001,1,-1,-1,-1
893,17,634.06,533.26,148.60000000000002,120.36000000000001,1,-1,-1,-1
894,9,0.0,580.63,268.2,211.66999999999996,1,-1,-1,-1
894,17,627.39,531.74,150.85000000000002,122.93999999999994,1,-1,-1,-1
895,9,0.0,576.0,223.0,200.89999999999998,1,-1,-1,-1
895,17,620.72,530.22,153.10000000000002,125.51999999999998,1,-1,-1,-1
896,9,0.0,573.4,172.8,206.10000000000002,1,-1,-1,-1
896,17,614.05,528.7,155.35000000000002,128.0999999999999,1,-1,-1,-1
897,9,0.0,572.74,118.0,244.36,1,-1,-1,-1
897,17,607.38,527.18,157.60000000000002,130.68000000000006,1,-1,-1,-1
898,9,0.0,572.74,59.25,244.36,1,-1,-1,-1
898,17,600.71,525.66,159.8499999999999,133.26,1,-1,-1,-1
899,17,594.04,524.14,162.10000000000002,135.84000000000003,1,-1,-1,-1
900,14,709.27,561.14,62.879999999999995,79.98000000000002,1,-1,-1,-1
900,17,587.37,522.62,164.35000000000002,138.41999999999996,1,-1,-1,-1
901,14,707.21,560.67,62.879999999999995,80.63,1,-1,-1,-1
901,17,580.7,521.1,166.5999999999999,141.0,1,-1,-1,-1
902,14,703.46,559.17,64.08999999999992,82.79000000000008,1,-1,-1,-1
902,17,571.06,518.72,172.2800000000001,144.63,1,-1,-1,-1
903,14,699.71,557.67,65.29999999999995,84.95000000000005,1,-1,-1,-1
903,17,561.42,516.34,177.96000000000004,148.26,1,-1,-1,-1
904,14,695.97,556.17,66.50999999999999,87.11000000000001,1,-1,-1,-1
904,17,551.78,513.96,183.64,151.89,1,-1,-1,-1
905,14,692.22,554.67,67.72000000000003,89.2700000000001,1,-1,-1,-1
905,17,542.14,511.58,189.32000000000005,155.52000000000004,1,-1,-1,-1
906,14,688.47,553.17,68.92999999999995,91.43000000000006,1,-1,-1,-1
906,17,532.5,509.2,195.0,159.15000000000003,1,-1,-1,-1
907,14,683.41,551.02,71.26999999999998,94.51999999999998,1,-1,-1,-1
907,17,522.86,506.82,200.67999999999995,162.78000000000003,1,-1,-1,-1
908,14,678.35,548.86,73.61000000000001,97.62,1,-1,-1,-1
908,17,513.22,504.44,206.36,166.41000000000003,1,-1,-1,-1
909,14,673.29,546.71,75.95000000000005,100.70999999999992,1,-1,-1,-1
909,17,503.58,502.06,212.04000000000002,170.04000000000002,1,-1,-1,-1
910,14,668.23,544.55,78.28999999999996,103.81000000000006,1,-1,-1,-1
910,17,493.94,499.68,217.71999999999997,173.67000000000002,1,-1,-1,-1
911,14,663.17,542.4,80.63,106.89999999999998,1,-1,-1,-1
911,17,484.3,497.3,223.40000000000003,177.3,1,-1,-1,-1
912,14,658.49,540.99,82.49000000000001,108.76999999999998,1,-1,-1,-1
912,17,471.18,492.81,231.27000000000004,183.79000000000002,1,-1,-1,-1
913,14,653.8,539.59,84.36000000000001,110.63,1,-1,-1,-1
913,17,458.05,488.32,239.15000000000003,190.28000000000003,1,-1,-1,-1
914,14,649.12,538.18,86.22000000000003,112.5,1,-1,-1,-1
914,17,444.93,483.83,247.02000000000004,196.77000000000004,1,-1,-1,-1
915,14,644.43,536.78,88.09000000000003,114.36000000000001,1,-1,-1,-1
915,17,431.8,479.34,254.90000000000003,203.26000000000005,1,-1,-1,-1
916,14,639.75,535.37,89.95000000000005,116.23000000000002,1,-1,-1,-1
916,17,415.1,477.2,264.77,205.7,1,-1,-1,-1
917,14,631.22,533.21,94.81999999999994,119.23000000000002,1,-1,-1,-1
917,17,395.54,472.24,277.49999999999994,214.93999999999994,1,-1,-1,-1
918,14,622.69,531.06,99.68999999999994,122.22000000000003,1,-1,-1,-1
918,17,375.98,467.28,290.22,224.18000000000006,1,-1,-1,-1
919,14,614.17,528.9,104.55000000000007,125.22000000000003,1,-1,-1,-1
919,17,356.42,462.32,302.95,233.42000000000002,1,-1,-1,-1
920,14,605.64,526.75,109.41999999999996,128.21000000000004,1,-1,-1,-1
920,17,336.86,457.36,315.66999999999996,242.65999999999997,1,-1,-1,-1
921,14,597.11,524.59,114.28999999999996,131.20999999999992,1,-1,-1,-1
921,17,317.3,452.4,328.40000000000003,251.89999999999998,1,-1,-1,-1
922,14,587.55,522.34,119.83000000000004,136.0,1,-1,-1,-1
922,17,287.08,444.35,347.69,263.23,1,-1,-1,-1
923,14,577.99,520.09,125.37,140.78999999999996,1,-1,-1,-1
923,17,256.86,436.3,366.98,274.56,1,-1,-1,-1
924,14,568.44,517.85,130.89999999999998,145.56999999999994,1,-1,-1,-1
924,17,226.64,428.2,386.27,285.94,1,-1,-1,-1
925,14,558.88,515.6,136.44000000000005,150.36,1,-1,-1,-1
925,17,196.42,420.1,405.56000000000006,297.31999999999994,1,-1,-1,-1
926,14,549.32,513.35,141.9799999999999,155.14999999999998,1,-1,-1,-1
926,17,166.2,412.0,424.84999999999997,308.70000000000005,1,-1,-1,-1
927,14,526.83,506.88,159.9699999999999,162.91999999999996,1,-1,-1,-1
927,17,135.98,402.0,444.14,321.98,1,-1,-1,-1
928,14,504.34,500.42,177.95999999999998,170.68,1,-1,-1,-1
928,17,105.76,392.0,463.43000000000006,335.26,1,-1,-1,-1
929,14,481.86,493.95,195.93999999999994,178.45,1,-1,-1,-1
929,17,75.54,380.67,482.71999999999997,349.86999999999995,1,-1,-1,-1
930,14,459.37,487.49,213.92999999999995,186.21000000000004,1,-1,-1,-1
930,17,45.32,369.33,502.01000000000005,364.49000000000007,1,-1,-1,-1
931,14,436.88,481.02,231.91999999999996,193.98000000000002,1,-1,-1,-1
931,17,15.1,358.0,521.3,379.1,1,-1,-1,-1
932,14,416.55,477.18,246.82999999999998,200.06,1,-1,-1,-1
932,17,0.0,343.1,521.8,398.0,1,-1,-1,-1
933,14,396.22,473.34,261.74,206.14000000000004,1,-1,-1,-1
933,17,0.0,328.2,507.2,416.90000000000003,1,-1,-1,-1
934,14,375.88,469.49,276.65999999999997,212.23000000000002,1,-1,-1,-1
934,17,0.0,311.4,490.8,436.9,1,-1,-1,-1
935,14,355.55,465.65,291.57,218.31000000000006,1,-1,-1,-1
935,17,0.0,304.0,468.7,447.5,1,-1,-1,-1
936,14,335.22,461.81,306.48,224.39000000000004,1,-1,-1,-1
936,17,0.0,311.9,446.6,442.80000000000007,1,-1,-1,-1
937,14,306.31,453.65,325.93,235.35000000000002,1,-1,-1,-1
937,17,0.0,313.45,419.12,442.49000000000007,1,-1,-1,-1
938,14,277.4,445.49,345.38,246.30999999999995,1,-1,-1,-1
938,17,0.0,315.0,391.64,442.17999999999995,1,-1,-1,-1
939,14,248.48,437.33,364.84000000000003,257.27000000000004,1,-1,-1,-1
939,17,0.0,312.5,364.16,445.91999999999996,1,-1,-1,-1
940,14,219.57,429.17,384.29,268.22999999999996,1,-1,-1,-1
940,17,0.0,310.0,336.68,449.65999999999997,1,-1,-1,-1
941,14,190.66,421.01,403.74,279.19000000000005,1,-1,-1,-1
941,17,0.0,296.22,309.2,464.67999999999995,1,-1,-1,-1
942,14,152.53,412.81,431.23,291.86999999999995,1,-1,-1,-1
942,17,0.0,298.34,267.92,487.49000000000007,1,-1,-1,-1
943,14,114.39,404.6,458.73,304.55999999999995,1,-1,-1,-1
943,17,0.0,300.5,230.86,499.01,1,-1,-1,-1
944,14,76.26,396.4,486.22,317.24,1,-1,-1,-1
944,17,0.0,280.1,193.8,533.1,1,-1,-1,-1
945,14,38.13,385.5,513.71,332.62,1,-1,-1,-1
945,17,0.0,334.1,147.42,457.69999999999993,1,-1,-1,-1
946,14,0.0,374.6,541.2,348.0,1,-1,-1,-1
946,17,0.0,315.1,101.04,455.29999999999995,1,-1,-1,-1
947,14,0.0,364.5,526.24,360.03999999999996,1,-1,-1,-1
947,17,0.0,294.32,50.67,490.38000000000005,1,-1,-1,-1
948,14,0.0,347.0,511.28,379.48,1,-1,-1,-1
949,14,0.0,341.2,496.32,387.21999999999997,1,-1,-1,-1
950,14,0.0,337.62,483.6,392.74,1,-1,-1,-1
951,14,0.0,334.03,466.4,398.27,1,-1,-1,-1
952,14,0.0,332.28,449.25,400.22,1,-1,-1,-1
953,14,0.0,330.53,432.1,402.1700000000001,1,-1,-1,-1
954,14,0.0,328.78,411.25,404.12,1,-1,-1,-1
955,14,0.0,327.03,390.4,406.07000000000005,1,-1,-1,-1
956,14,0.0,325.28,364.4,408.02,1,-1,-1,-1
957,14,0.0,324.31,341.1,409.77000000000004,1,-1,-1,-1
957,18,716.1,576.96,86.93999999999994,58.98000000000002,1,-1,-1,-1
958,14,0.0,323.34,313.2,411.52000000000004,1,-1,-1,-1
958,18,712.6,576.7,88.52999999999997,59.6099999999999,1,-1,-1,-1
959,14,0.0,322.37,283.0,413.27,1,-1,-1,-1
959,18,709.1,576.43,90.12,60.24000000000001,1,-1,-1,-1
960,14,0.0,321.4,250.3,415.02,1,-1,-1,-1
960,18,705.6,576.17,91.70999999999992,60.870000000000005,1,-1,-1,-1
961,14,0.0,320.42,213.8,416.78000000000003,1,-1,-1,-1
961,18,702.1,575.9,93.29999999999995,61.5,1,-1,-1,-1
962,14,0.0,320.42,175.9,427.47999999999996,1,-1,-1,-1
962,18,698.11,574.66,95.37,63.379999999999995,1,-1,-1,-1
963,14,0.0,344.71,134.1,418.69,1,-1,-1,-1
963,18,694.12,573.42,97.43999999999994,65.25999999999999,1,-1,-1,-1
964,14,0.0,346.65,90.4,420.65,1,-1,-1,-1
964,18,690.13,572.18,99.50999999999999,67.1400000000001,1,-1,-1,-1
965,14,0.0,375.8,43.77,420.64000000000004,1,-1,-1,-1
965,18,686.14,570.94,101.58000000000004,69.01999999999998,1,-1,-1,-1
966,18,682.15,569.7,103.64999999999998,70.89999999999998,1,-1,-1,-1
967,18,678.16,568.46,104.98000000000002,72.77999999999997,1,-1,-1,-1
968,18,674.17,567.22,106.31000000000006,74.65999999999997,1,-1,-1,-1
969,18,670.18,565.98,107.6400000000001,76.53999999999996,1,-1,-1,-1
970,18,666.19,564.74,108.96999999999991,78.41999999999996,1,-1,-1,-1
971,18,662.2,563.5,110.29999999999995,80.29999999999995,1,-1,-1,-1
972,18,659.18,563.85,110.66000000000008,81.15999999999997,1,-1,-1,-1
973,18,656.15,564.2,111.02999999999997,82.01999999999998,1,-1,-1,-1
974,18,653.13,564.55,111.38999999999999,82.88,1,-1,-1,-1
975,18,650.1,564.9,111.75999999999999,83.74000000000001,1,-1,-1,-1
976,18,647.08,565.25,112.12,84.60000000000002,1,-1,-1,-1
977,18,641.64,565.6,114.5,85.45999999999992,1,-1,-1,-1
978,18,636.19,565.95,116.88999999999999,86.31999999999994,1,-1,-1,-1
979,18,630.75,566.3,119.26999999999998,87.18000000000006,1,-1,-1,-1
980,18,625.3,566.65,121.66000000000008,88.04000000000008,1,-1,-1,-1
981,18,619.86,567.0,124.03999999999996,88.89999999999998,1,-1,-1,-1
982,18,612.37,566.35,128.25,90.5,1,-1,-1,-1
983,18,604.89,565.7,132.45000000000005,92.09999999999991,1,-1,-1,-1
984,18,597.4,565.05,136.65999999999997,93.70000000000005,1,-1,-1,-1
985,18,589.92,564.4,140.86,95.30000000000007,1,-1,-1,-1
986,18,582.43,563.75,145.07000000000005,96.89999999999998,1,-1,-1,-1
987,18,574.94,563.1,149.27999999999997,98.5,1,-1,-1,-1
988,18,567.46,562.45,153.48000000000002,100.09999999999991,1,-1,-1,-1
989,18,559.97,561.8,157.68999999999994,101.70000000000005,1,-1,-1,-1
990,18,552.49,561.15,161.89,103.30000000000007,1,-1,-1,-1
991,18,545.0,560.5,166.10000000000002,104.89999999999998,1,-1,-1,-1
992,18,534.6,557.93,171.62,108.2600000000001,1,-1,-1,-1
993,18,524.2,555.36,177.14,111.62,1,-1,-1,-1
994,18,513.8,552.79,182.66000000000008,114.98000000000002,1,-1,-1,-1
995,18,503.4,550.22,188.18000000000006,118.33999999999992,1,-1,-1,-1
996,18,493.0,547.65,193.70000000000005,121.70000000000005,1,-1,-1,-1
997,18,479.1,545.08,202.72000000000003,125.05999999999995,1,-1,-1,-1
998,18,465.2,542.51,211.74000000000007,128.41999999999996,1,-1,-1,-1
999,18,451.3,539.94,220.75999999999993,131.77999999999997,1,-1,-1,-1
1000,18,437.4,537.37,229.77999999999997,135.14,1,-1,-1,-1
1001,18,423.5,534.8,238.79999999999995,138.5,1,-1,-1,-1
1002,18,407.77,533.67,247.90999999999997,142.37,1,-1,-1,-1
1003,18,392.04,532.55,257.0199999999999,146.23000000000002,1,-1,-1,-1
1004,18,376.32,531.42,266.12000000000006,150.10000000000002,1,-1,-1,-1
1005,18,360.59,530.3,275.2300000000001,153.96000000000004,1,-1,-1,-1
1006,18,344.86,529.17,284.34000000000003,157.83000000000004,1,-1,-1,-1
1007,18,322.27,526.2,298.73,163.53999999999996,1,-1,-1,-1
1008,18,299.68,523.22,313.11999999999995,169.26,1,-1,-1,-1
1009,18,277.08,520.25,327.52000000000004,174.97000000000003,1,-1,-1,-1
1010,18,254.49,517.27,341.90999999999997,180.69000000000005,1,-1,-1,-1
1011,18,231.9,514.3,356.30000000000007,186.4000000000001,1,-1,-1,-1
1012,18,202.54,509.62,376.0,194.64,1,-1,-1,-1
1013,18,173.18,504.94,395.7,202.88000000000005,1,-1,-1,-1
1014,18,143.82,500.26,415.40000000000003,211.12,1,-1,-1,-1
1015,18,114.46,495.58,435.09999999999997,219.36000000000007,1,-1,-1,-1
1016,18,85.1,490.9,454.79999999999995,227.60000000000002,1,-1,-1,-1
1017,18,52.5,483.7,474.20000000000005,239.64000000000004,1,-1,-1,-1
1018,18,17.0,476.5,496.54999999999995,251.67999999999995,1,-1,-1,-1
1019,18,0.0,469.3,500.4,263.71999999999997,1,-1,-1,-1
1020,18,0.0,462.1,487.25,275.76,1,-1,-1,-1
1021,18,0.0,454.9,474.1,287.80000000000007,1,-1,-1,-1
1022,18,0.0,447.0,454.38,295.07000000000005,1,-1,-1,-1
1023,18,0.0,444.93,434.66,296.51000000000005,1,-1,-1,-1
1024,18,0.0,442.85,414.94,297.9599999999999,1,-1,-1,-1
1025,18,0.0,440.77,395.22,299.40999999999997,1,-1,-1,-1
1026,18,0.0,438.7,375.5,300.84999999999997,1,-1,-1,-1
1027,18,0.0,436.4,350.07,302.52,1,-1,-1,-1
1028,18,0.0,434.09,324.64,304.2,1,-1,-1,-1
1029,18,0.0,431.79,299.22,305.86999999999995,1,-1,-1,-1
1030,18,0.0,429.48,273.79,307.54999999999995,1,-1,-1,-1
1031,18,0.0,427.18,248.36,309.21999999999997,1,-1,-1,-1
1032,18,0.0,424.39,213.12,316.36,1,-1,-1,-1
1033,18,0.0,421.6,177.87,323.51,1,-1,-1,-1
1034,18,0.0,433.1,142.62,316.37,1,-1,-1,-1
1035,18,0.0,444.6,107.37,309.23,1,-1,-1,-1
1036,18,0.0,441.17,63.28,309.21999999999997,1,-1,-1,-1
1037,18,0.0,434.97,19.59,309.22,1,-1,-1,-1
1068,15,706.16,564.98,71.20000000000005,71.98000000000002,1,-1,-1,-1
1069,15,703.38,564.32,72.11000000000001,72.87,1,-1,-1,-1
1070,15,700.61,563.66,73.00999999999999,73.75999999999999,1,-1,-1,-1
1071,15,697.84,563.0,73.90999999999997,74.64999999999998,1,-1,-1,-1
1072,15,695.07,562.34,74.80999999999995,75.53999999999996,1,-1,-1,-1
1073,15,692.3,561.68,75.71000000000004,76.43000000000006,1,-1,-1,-1
1074,15,689.52,561.02,76.62,77.32000000000005,1,-1,-1,-1
1075,15,686.75,560.36,77.51999999999998,78.21000000000004,1,-1,-1,-1
1076,15,683.98,559.7,78.41999999999996,79.09999999999991,1,-1,-1,-1
1077,15,680.7,559.46,79.74000000000001,80.27999999999997,1,-1,-1,-1
1078,15,677.42,559.22,81.06000000000006,81.45999999999992,1,-1,-1,-1
1079,15,674.14,558.98,82.38,82.63999999999999,1,-1,-1,-1
1080,15,670.86,558.74,83.69999999999993,83.81999999999994,1,-1,-1,-1
1081,15,667.58,558.5,85.01999999999998,85.0,1,-1,-1,-1
1082,15,663.6,557.09,86.5,86.56999999999994,1,-1,-1,-1
1083,15,659.63,555.68,87.97000000000003,88.1400000000001,1,-1,-1,-1
1084,15,655.65,554.27,89.45000000000005,89.71000000000004,1,-1,-1,-1
1085,15,651.68,552.86,90.92000000000007,91.27999999999997,1,-1,-1,-1
1086,15,647.7,551.45,92.39999999999998,92.84999999999991,1,-1,-1,-1
1087,15,642.93,550.04,94.67000000000007,94.56000000000006,1,-1,-1,-1
1088,15,638.16,548.63,96.94000000000005,96.26999999999998,1,-1,-1,-1
1089,15,633.39,547.22,99.21000000000004,97.98000000000002,1,-1,-1,-1
1090,15,628.62,545.81,101.48000000000002,99.69000000000005,1,-1,-1,-1
1091,15,623.85,544.4,103.75,101.39999999999998,1,-1,-1,-1
1092,15,618.45,543.36,105.96999999999991,103.36000000000001,1,-1,-1,-1
1093,15,613.05,542.32,108.19000000000005,105.31999999999994,1,-1,-1,-1
1094,15,607.65,541.28,110.40999999999997,107.27999999999997,1,-1,-1,-1
1095,15,602.25,540.24,112.63,109.24000000000001,1,-1,-1,-1
1096,15,596.85,539.2,114.85000000000002,111.19999999999993,1,-1,-1,-1
1097,15,590.08,538.16,118.5,113.34000000000003,1,-1,-1,-1
1098,15,583.31,537.12,122.15000000000009,115.48000000000002,1,-1,-1,-1
1099,15,576.55,536.08,125.79000000000008,117.62,1,-1,-1,-1
1100,15,569.78,535.04,129.44000000000005,119.75999999999999,1,-1,-1,-1
1101,15,563.01,534.0,133.09000000000003,121.89999999999998,1,-1,-1,-1
1102,15,554.54,532.28,137.39,124.75999999999999,1,-1,-1,-1
1103,15,546.07,530.56,141.68999999999994,127.62,1,-1,-1,-1
1104,15,537.59,528.84,145.99,130.48000000000002,1,-1,-1,-1
1105,15,529.12,527.12,150.28999999999996,133.34000000000003,1,-1,-1,-1
1106,15,520.65,525.4,154.59000000000003,136.20000000000005,1,-1,-1,-1
1107,15,510.3,523.22,158.89000000000004,139.81999999999994,1,-1,-1,-1
1108,15,499.96,521.04,163.18,143.44000000000005,1,-1,-1,-1
1109,15,489.61,518.86,167.49,147.05999999999995,1,-1,-1,-1
1110,15,479.27,516.68,171.77999999999997,150.68000000000006,1,-1,-1,-1
1111,15,468.92,514.5,176.07999999999998,154.29999999999995,1,-1,-1,-1
1112,15,455.18,510.84,182.94,158.50000000000006,1,-1,-1,-1
1113,15,441.44,507.18,189.8,162.7,1,-1,-1,-1
1114,15,427.69,503.52,196.67000000000002,166.89999999999998,1,-1,-1,-1
1115,15,413.95,499.86,203.53000000000003,171.10000000000002,1,-1,-1,-1
1116,15,400.21,496.2,210.39000000000004,175.3,1,-1,-1,-1
1117,15,382.53,491.74,219.02999999999997,181.77999999999997,1,-1,-1,-1
1118,15,364.86,487.28,227.65999999999997,188.26,1,-1,-1,-1
1119,15,347.18,482.82,236.3,194.73999999999995,1,-1,-1,-1
1120,15,329.51,478.36,244.93000000000006,201.22000000000003,1,-1,-1,-1
1121,15,311.83,473.9,253.57,207.70000000000005,1,-1,-1,-1
1122,15,287.95,467.28,265.45,217.01999999999998,1,-1,-1,-1
1123,15,264.06,460.66,277.34,226.33999999999997,1,-1,-1,-1
1124,15,240.18,454.04,289.21999999999997,235.66000000000003,1,-1,-1,-1
1125,15,216.29,447.42,301.11,244.97999999999996,1,-1,-1,-1
1126,15,192.41,440.8,312.99,254.3,1,-1,-1,-1
1127,15,161.24,432.56,328.5,265.49999999999994,1,-1,-1,-1
1128,15,130.07,424.32,344.01,276.7,1,-1,-1,-1
1129,15,98.91,416.08,359.51,287.90000000000003,1,-1,-1,-1
1130,15,67.74,407.84,375.02,299.1000000000001,1,-1,-1,-1
1131,15,36.57,399.6,390.53000000000003,310.29999999999995,1,-1,-1,-1
1132,15,0.0,387.5,409.6,331.20000000000005,1,-1,-1,-1
1133,15,0.0,376.7,387.3,346.00000000000006,1,-1,-1,-1
1134,15,0.0,364.56,366.4,355.44,1,-1,-1,-1
1135,15,0.0,355.79,341.4,371.60999999999996,1,-1,-1,-1
1136,15,0.0,353.09,318.5,375.01000000000005,1,-1,-1,-1
1137,15,0.0,353.76,294.89,375.01,1,-1,-1,-1
1138,15,0.0,353.76,267.23,375.01,1,-1,-1,-1
1139,15,0.0,356.46,248.34,375.01000000000005,1,-1,-1,-1
1140,15,0.0,357.14,200.44,375.01,1,-1,-1,-1
1141,15,0.0,361.2,164.5,371.62000000000006,1,-1,-1,-1
1142,15,0.0,361.2,123.53,371.62000000000006,1,-1,-1,-1
1143,15,0.0,362.55,83.05,371.61999999999995,1,-1,-1,-1
1144,15,0.0,366.6,40.54,371.62,1,-1,-1,-1
1202,11,822.79,560.46,76.71000000000004,66.67999999999995,1,-1,-1,-1
1203,11,820.98,561.22,77.81999999999994,67.25999999999999,1,-1,-1,-1
1204,11,819.17,561.98,78.93000000000006,67.84000000000003,1,-1,-1,-1
1205,11,817.36,562.74,80.03999999999996,68.41999999999996,1,-1,-1,-1
1206,11,815.55,563.5,81.15000000000009,69.0,1,-1,-1,-1
1207,11,813.74,563.25,81.28999999999996,69.80999999999995,1,-1,-1,-1
1208,11,811.93,563.0,81.42000000000007,70.62,1,-1,-1,-1
1209,11,810.12,562.75,81.54999999999995,71.42999999999995,1,-1,-1,-1
1210,11,808.31,562.5,81.69000000000005,72.24000000000001,1,-1,-1,-1
1211,11,806.5,561.6,84.20000000000005,73.69999999999993,1,-1,-1,-1
1212,11,804.4,560.78,85.60000000000002,74.46000000000004,1,-1,-1,-1
1213,11,802.3,559.95,87.0,75.21999999999991,1,-1,-1,-1
1214,11,800.19,559.13,88.39999999999998,75.98000000000002,1,-1,-1,-1
1215,11,798.09,558.3,89.79999999999995,76.74000000000001,1,-1,-1,-1
1216,11,795.99,557.48,91.20000000000005,77.5,1,-1,-1,-1
1217,11,793.25,557.16,92.60000000000002,78.25999999999999,1,-1,-1,-1
1218,11,790.51,556.85,94.0,79.01999999999998,1,-1,-1,-1
1219,11,787.78,556.53,95.39999999999998,79.77999999999997,1,-1,-1,-1
1220,11,785.04,556.22,96.80000000000007,80.53999999999996,1,-1,-1,-1
1221,11,782.3,555.9,98.20000000000005,81.30000000000007,1,-1,-1,-1
1222,11,779.53,555.2,99.44000000000005,82.59999999999991,1,-1,-1,-1
1223,11,776.76,554.5,100.68000000000006,83.89999999999998,1,-1,-1,-1
1224,11,773.99,553.8,101.91999999999996,85.20000000000005,1,-1,-1,-1
1225,11,771.22,553.1,103.15999999999997,86.5,1,-1,-1,-1
1226,11,768.45,552.4,104.39999999999998,87.80000000000007,1,-1,-1,-1
1227,11,765.68,551.7,105.6400000000001,89.09999999999991,1,-1,-1,-1
1228,11,762.91,551.0,106.88,90.39999999999998,1,-1,-1,-1
1229,11,760.14,550.3,108.12,91.70000000000005,1,-1,-1,-1
1230,11,757.37,549.6,109.36000000000001,93.0,1,-1,-1,-1
1231,11,754.6,548.9,110.60000000000002,94.30000000000007,1,-1,-1,-1
1232,11,750.85,547.22,112.97000000000003,96.39999999999998,1,-1,-1,-1
1233,11,747.11,545.54,115.33000000000004,98.5,1,-1,-1,-1
1234,11,743.36,543.86,117.69999999999993,100.60000000000002,1,-1,-1,-1
1235,11,739.62,542.18,120.05999999999995,102.70000000000005,1,-1,-1,-1
1236,11,735.87,540.5,122.42999999999995,104.79999999999995,1,-1,-1,-1
1237,11,732.28,540.96,125.10000000000002,106.27999999999997,1,-1,-1,-1
1238,11,728.68,541.42,127.78000000000009,107.75999999999999,1,-1,-1,-1
1239,11,725.09,541.88,130.44999999999993,109.24000000000001,1,-1,-1,-1
1240,11,721.49,542.34,133.13,110.71999999999991,1,-1,-1,-1
1241,11,717.9,542.8,135.80000000000007,112.20000000000005,1,-1,-1,-1
1242,11,713.1,541.24,138.88,114.29999999999995,1,-1,-1,-1
1243,11,708.3,539.68,141.96000000000004,116.40000000000009,1,-1,-1,-1
1244,11,703.5,538.12,145.03999999999996,118.5,1,-1,-1,-1
1245,11,698.7,536.56,148.12,120.60000000000002,1,-1,-1,-1
1246,11,693.9,535.0,151.20000000000005,122.70000000000005,1,-1,-1,-1
1247,11,687.86,532.66,155.67999999999995,125.25999999999999,1,-1,-1,-1
1248,11,681.82,530.32,160.15999999999997,127.81999999999994,1,-1,-1,-1
1249,11,675.78,527.98,164.64,130.38,1,-1,-1,-1
1250,11,669.74,525.64,169.12,132.94000000000005,1,-1,-1,-1
1251,11,663.7,523.3,173.5999999999999,135.5,1,-1,-1,-1
1252,11,656.44,521.28,179.2199999999999,139.96000000000004,1,-1,-1,-1
1253,11,649.18,519.26,184.84000000000003,144.41999999999996,1,-1,-1,-1
1254,11,641.92,517.24,190.46000000000004,148.88,1,-1,-1,-1
1255,11,634.66,515.22,196.08000000000004,153.33999999999992,1,-1,-1,-1
1256,11,627.4,513.2,201.70000000000005,157.79999999999995,1,-1,-1,-1
1257,11,618.16,511.18,208.22000000000003,162.26000000000005,1,-1,-1,-1
1258,11,608.92,509.16,214.74,166.71999999999997,1,-1,-1,-1
1259,11,599.68,507.14,221.2600000000001,171.18000000000006,1,-1,-1,-1
1260,11,590.44,505.12,227.77999999999997,175.64,1,-1,-1,-1
1261,11,581.2,503.1,234.29999999999995,180.10000000000002,1,-1,-1,-1
1262,11,569.23,499.2,242.51,183.05,1,-1,-1,-1
1263,11,557.26,495.3,250.72000000000003,185.99999999999994,1,-1,-1,-1
1264,11,545.29,490.63,258.93000000000006,192.74,1,-1,-1,-1
1265,11,533.33,485.97,267.13,199.45999999999992,1,-1,-1,-1
1266,11,521.36,481.3,275.34000000000003,206.2,1,-1,-1,-1
1267,11,504.81,475.2,289.91,213.45,1,-1,-1,-1
1268,11,488.26,469.1,304.48,220.69999999999993,1,-1,-1,-1
1269,11,471.7,463.0,319.06,227.96000000000004,1,-1,-1,-1
1270,11,455.15,456.9,333.63,235.21000000000004,1,-1,-1,-1
1271,11,438.6,450.8,348.19999999999993,242.45999999999998,1,-1,-1,-1
1272,11,418.25,443.3,361.35,254.55,1,-1,-1,-1
1273,11,397.9,435.8,374.5,266.64000000000004,1,-1,-1,-1
1274,11,372.93,427.6,397.07,280.09000000000003,1,-1,-1,-1
1275,11,347.97,419.4,419.63,293.55000000000007,1,-1,-1,-1
1276,11,323.0,411.2,442.20000000000005,307.00000000000006,1,-1,-1,-1
1277,11,288.78,400.12,470.68000000000006,324.98,1,-1,-1,-1
1278,11,254.56,389.04,499.16,342.96,1,-1,-1,-1
1279,11,220.34,377.96,527.64,360.94,1,-1,-1,-1
1280,11,186.12,366.88,556.12,378.91999999999996,1,-1,-1,-1
1281,11,151.9,355.8,584.6,396.90000000000003,1,-1,-1,-1
1282,11,107.85,339.35,620.4499999999999,426.69999999999993,1,-1,-1,-1
1283,11,63.8,322.9,656.3000000000001,456.5,1,-1,-1,-1
1284,11,15.1,303.2,695.8299999999999,477.59999999999997,1,-1,-1,-1
1285,11,0.0,278.35,701.77,551.75,1,-1,-1,-1
1286,11,0.0,253.5,692.6,625.9,1,-1,-1,-1
1287,11,0.0,224.9,682.65,654.12,1,-1,-1,-1
1288,11,0.0,196.3,672.7,682.3399999999999,1,-1,-1,-1
1289,11,0.0,191.43,660.07,686.8299999999999,1,-1,-1,-1
1290,11,0.0,186.57,647.43,691.31,1,-1,-1,-1
1291,11,0.0,181.7,634.8,695.8,1,-1,-1,-1
1292,11,0.0,179.07,614.42,708.6099999999999,1,-1,-1,-1
1293,11,0.0,176.44,594.04,721.4200000000001,1,-1,-1,-1
1294,11,0.0,173.81,573.66,734.23,1,-1,-1,-1
1295,11,0.0,171.18,553.28,747.04,1,-1,-1,-1
1296,11,0.0,168.55,532.9,759.8499999999999,1,-1,-1,-1
1297,11,0.0,165.92,505.0,772.6600000000001,1,-1,-1,-1
1298,11,0.0,163.29,473.4,785.47,1,-1,-1,-1
1299,11,0.0,160.66,439.6,798.2800000000001,1,-1,-1,-1
1300,11,0.0,158.03,395.95,811.09,1,-1,-1,-1
1301,11,0.0,155.4,352.3,823.9,1,-1,-1,-1
1302,11,0.0,149.93,295.4,823.9000000000001,1,-1,-1,-1
1303,11,0.0,144.45,228.59,823.9100000000001,1,-1,-1,-1
1304,11,0.0,138.98,161.78,823.9,1,-1,-1,-1
1305,11,0.0,130.76,74.73,823.9,1,-1,-1,-1
1616,12,947.66,563.15,63.09000000000003,79.70000000000005,1,-1,-1,-1
1617,12,947.61,562.92,63.50999999999999,80.16000000000008,1,-1,-1,-1
1618,12,947.56,562.69,63.930000000000064,80.61999999999989,1,-1,-1,-1
1619,12,947.5,562.46,64.36000000000001,81.07999999999993,1,-1,-1,-1
1620,12,947.45,562.23,64.77999999999997,81.53999999999996,1,-1,-1,-1
1621,12,947.4,562.0,65.20000000000005,82.0,1,-1,-1,-1
1622,12,947.36,561.63,66.05999999999995,83.09000000000003,1,-1,-1,-1
1623,12,947.32,561.26,66.91999999999996,84.18000000000006,1,-1,-1,-1
1624,12,947.27,560.89,67.78999999999996,85.26999999999998,1,-1,-1,-1
1625,12,947.23,560.52,68.64999999999998,86.36000000000001,1,-1,-1,-1
1626,12,947.19,560.15,69.50999999999999,87.45000000000005,1,-1,-1,-1
1627,12,947.59,558.86,69.56999999999994,87.46000000000004,1,-1,-1,-1
1628,12,948.0,557.58,69.62,87.45999999999992,1,-1,-1,-1
1629,12,948.4,556.29,69.68000000000006,87.47000000000003,1,-1,-1,-1
1630,12,948.8,555.0,69.74000000000001,87.48000000000002,1,-1,-1,-1
1631,12,949.2,552.8,69.79999999999995,88.40000000000009,1,-1,-1,-1
1632,12,949.54,551.61,70.38,88.90999999999997,1,-1,-1,-1
1633,12,949.88,550.42,70.96000000000004,89.42000000000007,1,-1,-1,-1
1634,12,950.22,549.23,71.53999999999996,89.92999999999995,1,-1,-1,-1
1635,12,950.56,548.04,72.12,90.44000000000005,1,-1,-1,-1
1636,12,950.9,546.85,72.70000000000005,90.94999999999993,1,-1,-1,-1
1637,12,950.94,545.99,73.57999999999993,91.66999999999996,1,-1,-1,-1
1638,12,950.98,545.12,74.46000000000004,92.39999999999998,1,-1,-1,-1
1639,12,951.02,544.26,75.33999999999992,93.12,1,-1,-1,-1
1640,12,951.06,543.4,76.22000000000003,93.84000000000003,1,-1,-1,-1
1641,12,951.1,540.9,77.10000000000002,96.20000000000005,1,-1,-1,-1
1642,12,951.19,540.9,77.78999999999996,96.88999999999999,1,-1,-1,-1
1643,12,951.28,540.9,78.48000000000002,97.58000000000004,1,-1,-1,-1
1644,12,951.37,540.9,79.16999999999996,98.26999999999998,1,-1,-1,-1
1645,12,951.46,540.9,79.8599999999999,98.96000000000004,1,-1,-1,-1
1646,12,951.55,540.9,80.54999999999995,99.64999999999998,1,-1,-1,-1
1647,12,951.64,540.9,81.24000000000012,100.34000000000003,1,-1,-1,-1
1648,12,951.73,540.9,81.93000000000006,101.02999999999997,1,-1,-1,-1
1649,12,951.82,540.9,82.62,101.72000000000003,1,-1,-1,-1
1650,12,951.91,540.9,83.31000000000006,102.40999999999997,1,-1,-1,-1
1651,12,952.0,540.9,84.0,103.10000000000002,1,-1,-1,-1
1652,12,952.55,540.63,84.96000000000004,103.87,1,-1,-1,-1
1653,12,953.1,540.36,85.91999999999996,104.63999999999999,1,-1,-1,-1
1654,12,953.65,540.09,86.88,105.40999999999997,1,-1,-1,-1
1655,12,954.2,539.82,87.83999999999992,106.17999999999995,1,-1,-1,-1
1656,12,954.75,539.55,88.79999999999995,106.95000000000005,1,-1,-1,-1
1657,12,955.3,539.28,89.75999999999999,107.72000000000003,1,-1,-1,-1
1658,12,955.85,539.01,90.71999999999991,108.49000000000001,1,-1,-1,-1
1659,12,956.4,538.74,91.67999999999995,109.25999999999999,1,-1,-1,-1
1660,12,956.95,538.47,92.63999999999987,110.02999999999997,1,-1,-1,-1
1661,12,957.5,538.2,93.59999999999991,110.79999999999995,1,-1,-1,-1
1662,12,958.14,537.51,94.5200000000001,111.81000000000006,1,-1,-1,-1
1663,12,958.78,536.83,95.44000000000005,112.80999999999995,1,-1,-1,-1
1664,12,959.43,536.14,96.35000000000002,113.82000000000005,1,-1,-1,-1
1665,12,960.07,535.45,97.26999999999987,114.82999999999993,1,-1,-1,-1
1666,12,960.71,534.77,98.19000000000005,115.83000000000004,1,-1,-1,-1
1667,12,961.35,534.08,99.11000000000001,116.83999999999992,1,-1,-1,-1
1668,12,961.99,533.39,100.02999999999997,117.85000000000002,1,-1,-1,-1
1669,12,962.64,532.7,100.93999999999994,118.8599999999999,1,-1,-1,-1
1670,12,963.28,532.02,101.86000000000013,119.86000000000001,1,-1,-1,-1
1671,12,963.92,531.33,102.78000000000009,120.87,1,-1,-1,-1
1672,12,964.75,531.06,104.09999999999991,121.83000000000004,1,-1,-1,-1
1673,12,965.57,530.78,105.42999999999995,122.80000000000007,1,-1,-1,-1
1674,12,966.39,530.5,106.7600000000001,123.76999999999998,1,-1,-1,-1
1675,12,967.22,530.23,108.07999999999993,124.73000000000002,1,-1,-1,-1
1676,12,968.04,529.96,109.41000000000008,125.68999999999994,1,-1,-1,-1
1677,12,968.87,529.68,110.7299999999999,126.66000000000008,1,-1,-1,-1
1678,12,969.69,529.41,112.05999999999995,127.62,1,-1,-1,-1
1679,12,970.52,529.13,113.38000000000011,128.59000000000003,1,-1,-1,-1
1680,12,971.34,528.86,114.70999999999992,129.54999999999995,1,-1,-1,-1
1681,12,972.17,528.58,116.03000000000009,130.51999999999998,1,-1,-1,-1
1682,12,973.09,527.43,118.09000000000003,131.49,1,-1,-1,-1
1683,12,974.0,526.28,120.16000000000008,132.46000000000004,1,-1,-1,-1
1684,12,974.92,525.14,122.22000000000014,133.41999999999996,1,-1,-1,-1
1685,12,975.83,523.99,124.28999999999985,134.39,1,-1,-1,-1
1686,12,976.75,522.84,126.34999999999991,135.36,1,-1,-1,-1
1687,12,978.5,521.88,127.57999999999993,136.67999999999995,1,-1,-1,-1
1688,12,980.25,520.92,128.80999999999995,138.0,1,-1,-1,-1
1689,12,982.0,519.95,130.03999999999996,139.32999999999993,1,-1,-1,-1
1690,12,983.75,518.99,131.26999999999998,140.64999999999998,1,-1,-1,-1
1691,12,985.5,518.03,132.5,141.97000000000003,1,-1,-1,-1
1692,12,987.1,517.98,134.15999999999997,143.26,1,-1,-1,-1
1693,12,988.7,517.94,135.81999999999994,144.53999999999996,1,-1,-1,-1
1694,12,990.3,517.89,137.48000000000002,145.83000000000004,1,-1,-1,-1
1695,12,991.9,517.85,139.14,147.11,1,-1,-1,-1
1696,12,993.5,517.8,140.79999999999995,148.4000000000001,1,-1,-1,-1
1697,12,995.19,517.6,143.08999999999992,149.84000000000003,1,-1,-1,-1
1698,12,996.88,517.4,145.38,151.27999999999997,1,-1,-1,-1
1699,12,998.58,517.2,147.65999999999997,152.7199999999999,1,-1,-1,-1
1700,12,1000.27,517.0,149.95000000000005,154.15999999999997,1,-1,-1,-1
1701,12,1001.96,516.8,152.24,155.60000000000002,1,-1,-1,-1
1702,12,1003.83,515.74,155.52999999999986,158.18999999999994,1,-1,-1,-1
1703,12,1005.71,514.68,158.80999999999995,160.7800000000001,1,-1,-1,-1
1704,12,1007.58,513.62,162.10000000000002,163.37,1,-1,-1,-1
1705,12,1009.46,512.56,165.37999999999988,165.96000000000004,1,-1,-1,-1
1706,12,1011.33,511.5,168.66999999999996,168.54999999999995,1,-1,-1,-1
1707,12,1013.2,511.18,171.96000000000004,170.40000000000003,1,-1,-1,-1
1708,12,1015.08,510.87,175.2399999999999,172.24,1,-1,-1,-1
1709,12,1016.95,510.55,178.52999999999997,174.08999999999997,1,-1,-1,-1
1710,12,1018.83,510.24,181.81000000000006,175.92999999999995,1,-1,-1,-1
1711,12,1020.7,509.92,185.0999999999999,177.78000000000003,1,-1,-1,-1
1712,12,1022.84,509.62,188.60000000000002,180.38,1,-1,-1,-1
1713,12,1024.98,509.31,192.0999999999999,182.98999999999995,1,-1,-1,-1
1714,12,1027.12,509.01,195.60000000000014,185.59000000000003,1,-1,-1,-1
1715,12,1029.26,508.7,199.0999999999999,188.2,1,-1,-1,-1
1716,12,1031.4,508.4,202.5999999999999,190.80000000000007,1,-1,-1,-1
1717,12,1033.54,507.48,207.03999999999996,193.39999999999998,1,-1,-1,-1
1718,12,1035.68,506.56,211.48000000000002,195.99999999999994,1,-1,-1,-1
1719,12,1037.81,505.65,215.93000000000006,198.59000000000003,1,-1,-1,-1
1720,12,1039.95,504.73,220.3699999999999,201.18999999999994,1,-1,-1,-1
1721,12,1042.09,503.81,224.81000000000017,203.79000000000002,1,-1,-1,-1
1722,12,1044.25,502.17,231.41000000000008,207.03000000000003,1,-1,-1,-1
1723,12,1046.41,500.53,238.01,210.26999999999998,1,-1,-1,-1
1724,12,1048.58,498.88,244.60000000000014,213.51999999999998,1,-1,-1,-1
1725,12,1050.74,497.24,251.20000000000005,216.76,1,-1,-1,-1
1726,12,1052.9,495.6,257.79999999999995,220.0,1,-1,-1,-1
1727,12,1055.63,494.49,264.9499999999998,224.54999999999995,1,-1,-1,-1
1728,12,1058.36,493.38,272.10000000000014,229.10000000000002,1,-1,-1,-1
1729,12,1061.08,492.28,279.26,233.64,1,-1,-1,-1
1730,12,1063.81,491.17,286.4100000000001,238.19,1,-1,-1,-1
1731,12,1066.54,490.06,293.55999999999995,242.73999999999995,1,-1,-1,-1
1732,12,1068.92,487.81,303.52,246.43,1,-1,-1,-1
1733,12,1071.29,485.56,313.49,250.11999999999995,1,-1,-1,-1
1734,12,1073.67,483.3,323.4499999999998,253.82,1,-1,-1,-1
1735,12,1076.04,481.05,333.4200000000001,257.50999999999993,1,-1,-1,-1
1736,12,1078.42,478.8,343.3799999999999,261.2,1,-1,-1,-1
1737,12,1080.8,476.04,355.98,266.99999999999994,1,-1,-1,-1
1738,12,1083.17,473.27,368.5899999999999,272.81000000000006,1,-1,-1,-1
1739,12,1085.55,470.51,381.19000000000005,278.61,1,-1,-1,-1
1740,12,1087.92,467.74,393.79999999999995,284.41999999999996,1,-1,-1,-1
1741,12,1090.3,464.98,406.4000000000001,290.22,1,-1,-1,-1
1742,12,1093.55,462.59,421.04999999999995,297.11000000000007,1,-1,-1,-1
1743,12,1096.79,460.2,435.71000000000004,304.00000000000006,1,-1,-1,-1
1744,12,1100.04,456.53,450.3600000000001,312.6,1,-1,-1,-1
1745,12,1103.29,452.87,465.01,321.20000000000005,1,-1,-1,-1
1746,12,1106.54,449.2,479.6600000000001,329.8,1,-1,-1,-1
1747,12,1109.79,442.54,500.97,343.42,1,-1,-1,-1
1748,12,1113.03,435.88,522.29,357.03999999999996,1,-1,-1,-1
1749,12,1116.28,429.22,543.6000000000001,370.65999999999997,1,-1,-1,-1
1750,12,1119.52,422.56,564.9200000000001,384.28000000000003,1,-1,-1,-1
1751,12,1122.77,415.9,586.23,397.9,1,-1,-1,-1
1752,12,1127.1,406.7,612.3600000000001,415.42,1,-1,-1,-1
1753,12,1131.42,397.5,638.5,432.94000000000005,1,-1,-1,-1
1754,12,1135.75,385.0,664.6300000000001,453.76,1,-1,-1,-1
1755,12,1140.07,372.5,690.77,474.58000000000004,1,-1,-1,-1
1756,12,1144.4,360.0,716.8999999999999,495.4,1,-1,-1,-1
1757,12,1149.2,346.0,746.7,520.46,1,-1,-1,-1
1758,12,1153.4,328.67,766.5999999999999,548.8499999999999,1,-1,-1,-1
1759,12,1157.6,311.35,762.4000000000001,577.23,1,-1,-1,-1
1760,12,1163.0,294.02,757.0,605.62,1,-1,-1,-1
1761,12,1168.4,276.7,751.5999999999999,634.0,1,-1,-1,-1
1762,12,1174.86,254.43,745.1400000000001,661.53,1,-1,-1,-1
1763,12,1181.32,232.17,738.6800000000001,689.0500000000001,1,-1,-1,-1
1764,12,1187.78,209.9,732.22,716.58,1,-1,-1,-1
1765,12,1194.24,192.7,725.76,739.04,1,-1,-1,-1
1766,12,1200.7,190.4,719.3,746.6,1,-1,-1,-1
1767,12,1208.69,193.76,711.31,748.5,1,-1,-1,-1
1768,12,1216.68,197.12,703.3199999999999,750.4,1,-1,-1,-1
1769,12,1224.68,200.48,695.3199999999999,752.3,1,-1,-1,-1
1770,12,1232.67,203.84,687.3299999999999,754.1999999999999,1,-1,-1,-1
1771,12,1240.66,207.2,679.3399999999999,756.0999999999999,1,-1,-1,-1
1772,12,1252.03,210.97,667.97,752.3299999999999,1,-1,-1,-1
1773,12,1263.39,214.73,656.6099999999999,748.5699999999999,1,-1,-1,-1
1774,12,1274.76,218.5,645.24,744.8,1,-1,-1,-1
1775,12,1286.13,224.6,633.8699999999999,738.6999999999999,1,-1,-1,-1
1776,12,1297.5,222.3,622.5,741.0,1,-1,-1,-1
1777,12,1310.2,221.45,609.8,741.8499999999999,1,-1,-1,-1
1778,12,1322.9,220.6,597.0999999999999,742.6999999999999,1,-1,-1,-1
1779,12,1339.73,220.23,580.27,743.0699999999999,1,-1,-1,-1
1780,12,1356.57,219.87,563.4300000000001,743.43,1,-1,-1,-1
1781,12,1373.4,219.5,546.5999999999999,743.8,1,-1,-1,-1
1782,12,1395.13,210.5,524.8699999999999,751.16,1,-1,-1,-1
1783,12,1416.87,191.65,503.1300000000001,768.37,1,-1,-1,-1
1784,12,1438.6,172.8,481.4000000000001,785.5799999999999,1,-1,-1,-1
1785,12,1463.8,151.55,456.20000000000005,805.19,1,-1,-1,-1
1786,12,1489.0,130.3,431.0,824.8,1,-1,-1,-1
1787,12,1521.7,104.24,398.29999999999995,849.22,1,-1,-1,-1
1788,12,1554.1,76.8,365.9000000000001,875.0200000000001,1,-1,-1,-1
1789,12,1589.7,51.2,330.29999999999995,898.9799999999999,1,-1,-1,-1
1790,12,1631.4,19.5,288.5999999999999,929.04,1,-1,-1,-1
1791,12,1673.1,6.6,246.9000000000001,940.3,1,-1,-1,-1
1792,12,1724.75,3.3,195.25,942.58,1,-1,-1,-1
1793,12,1776.4,0.0,143.5999999999999,944.85,1,-1,-1,-1
1794,12,1830.83,0.0,89.17000000000007,943.82,1,-1,-1,-1
1795,12,1885.25,0.0,34.75,942.79,1,-1,-1,-1
