470,0,947.16,560.8,67.60000000000002,73.98000000000002,1,-1,-1,-1
471,0,947.9,559.5,67.89999999999998,74.60000000000002,1,-1,-1,-1
472,0,948.6,558.36,68.75999999999999,75.24000000000001,1,-1,-1,-1
473,0,949.3,557.22,69.62,75.88,1,-1,-1,-1
474,0,950.0,556.08,70.48000000000002,76.51999999999998,1,-1,-1,-1
475,0,950.7,554.94,71.33999999999992,77.15999999999997,1,-1,-1,-1
476,0,951.4,553.8,72.20000000000005,77.80000000000007,1,-1,-1,-1
477,0,951.92,554.06,73.12,78.2600000000001,1,-1,-1,-1
478,0,952.44,554.32,74.03999999999996,78.71999999999991,1,-1,-1,-1
479,0,952.96,554.58,74.96000000000004,79.17999999999995,1,-1,-1,-1
480,0,953.48,554.84,75.87999999999988,79.63999999999999,1,-1,-1,-1
481,0,954.0,555.1,76.79999999999995,80.10000000000002,1,-1,-1,-1
482,0,955.09,554.62,77.4899999999999,80.84000000000003,1,-1,-1,-1
483,0,956.18,554.14,78.17999999999995,81.58000000000004,1,-1,-1,-1
484,0,957.27,553.66,78.87000000000012,82.32000000000005,1,-1,-1,-1
485,0,958.36,553.18,79.56000000000006,83.06000000000006,1,-1,-1,-1
486,0,959.45,552.7,80.25,83.79999999999995,1,-1,-1,-1
487,0,960.54,551.84,81.01999999999998,84.53999999999996,1,-1,-1,-1
488,0,961.63,550.98,81.79000000000008,85.27999999999997,1,-1,-1,-1
489,0,962.72,550.12,82.55999999999995,86.01999999999998,1,-1,-1,-1
490,0,963.81,549.26,83.33000000000015,86.75999999999999,1,-1,-1,-1
491,0,964.9,548.4,84.10000000000002,87.5,1,-1,-1,-1
492,0,966.19,547.42,85.32999999999993,88.34000000000003,1,-1,-1,-1
493,0,967.48,546.44,86.55999999999995,89.17999999999995,1,-1,-1,-1
494,0,968.77,545.46,87.78999999999996,90.01999999999998,1,-1,-1,-1
495,0,970.06,544.48,89.01999999999998,90.86000000000001,1,-1,-1,-1
496,0,971.35,543.5,90.24999999999989,91.70000000000005,1,-1,-1,-1
497,0,972.64,542.94,91.67999999999995,92.91999999999996,1,-1,-1,-1
498,0,973.93,542.38,93.11000000000001,94.13999999999999,1,-1,-1,-1
499,0,975.22,541.82,94.53999999999996,95.3599999999999,1,-1,-1,-1
500,0,976.51,541.26,95.97000000000003,96.58000000000004,1,-1,-1,-1
501,0,977.8,540.7,97.40000000000009,97.79999999999995,1,-1,-1,-1
502,0,979.21,540.34,98.93000000000006,98.91999999999996,1,-1,-1,-1
503,0,980.62,539.98,100.45999999999992,100.03999999999996,1,-1,-1,-1
504,0,982.03,539.62,101.99000000000001,101.15999999999997,1,-1,-1,-1
505,0,983.44,539.26,103.51999999999998,102.27999999999997,1,-1,-1,-1
506,0,984.85,538.9,105.05000000000007,103.39999999999998,1,-1,-1,-1
507,0,986.26,539.26,106.57999999999993,104.5,1,-1,-1,-1
508,0,987.67,539.62,108.11000000000001,105.60000000000002,1,-1,-1,-1
509,0,989.08,539.98,109.63999999999999,106.69999999999993,1,-1,-1,-1
510,0,990.49,540.34,111.17000000000007,107.79999999999995,1,-1,-1,-1
511,0,991.9,540.7,112.69999999999993,108.89999999999998,1,-1,-1,-1
512,0,993.16,540.62,114.69999999999993,110.03999999999996,1,-1,-1,-1
513,0,994.42,540.54,116.69999999999993,111.18000000000006,1,-1,-1,-1
514,0,995.68,540.46,118.70000000000016,112.31999999999994,1,-1,-1,-1
515,0,996.94,540.38,120.70000000000005,113.46000000000004,1,-1,-1,-1
516,0,998.2,540.3,122.70000000000005,114.60000000000002,1,-1,-1,-1
517,0,999.44,539.1,125.79999999999995,116.39999999999998,1,-1,-1,-1
518,0,1000.68,537.9,128.89999999999998,118.20000000000005,1,-1,-1,-1
519,0,1001.92,536.7,132.0000000000001,120.0,1,-1,-1,-1
520,0,1003.16,535.5,135.10000000000002,121.79999999999995,1,-1,-1,-1
521,0,1004.4,534.3,138.19999999999993,123.60000000000002,1,-1,-1,-1
522,0,1006.04,533.08,140.74,125.45999999999992,1,-1,-1,-1
523,0,1007.68,531.86,143.2800000000001,127.31999999999994,1,-1,-1,-1
524,0,1009.32,530.64,145.82000000000005,129.18000000000006,1,-1,-1,-1
525,0,1010.96,529.42,148.3599999999999,131.04000000000008,1,-1,-1,-1
526,0,1012.6,528.2,150.89999999999998,132.89999999999998,1,-1,-1,-1
527,0,1014.22,527.68,154.81999999999994,134.68000000000006,1,-1,-1,-1
528,0,1015.84,527.16,158.7399999999999,136.46000000000004,1,-1,-1,-1
529,0,1017.46,526.64,162.65999999999985,138.24,1,-1,-1,-1
530,0,1019.08,526.12,166.58000000000004,140.01999999999998,1,-1,-1,-1
531,0,1020.7,525.6,170.5,141.79999999999995,1,-1,-1,-1
532,0,1022.54,525.02,174.81999999999994,144.96000000000004,1,-1,-1,-1
533,0,1024.38,524.44,179.13999999999987,148.1199999999999,1,-1,-1,-1
534,0,1026.22,523.86,183.46000000000004,151.27999999999997,1,-1,-1,-1
535,0,1028.06,523.28,187.77999999999997,154.44000000000005,1,-1,-1,-1
536,0,1029.9,522.7,192.0999999999999,157.5999999999999,1,-1,-1,-1
537,0,1032.22,521.56,197.24,160.04000000000008,1,-1,-1,-1
538,0,1034.54,520.42,202.3800000000001,162.48000000000002,1,-1,-1,-1
539,0,1036.86,519.28,207.5200000000002,164.92000000000007,1,-1,-1,-1
540,0,1039.18,518.14,212.65999999999985,167.36,1,-1,-1,-1
541,0,1041.5,517.0,217.79999999999995,169.79999999999995,1,-1,-1,-1
542,0,1044.18,514.94,224.93999999999983,173.2399999999999,1,-1,-1,-1
543,0,1046.86,512.88,232.08000000000015,176.67999999999995,1,-1,-1,-1
544,0,1049.54,510.82,239.22000000000003,180.12000000000006,1,-1,-1,-1
545,0,1052.22,508.76,246.3599999999999,183.56000000000006,1,-1,-1,-1
546,0,1054.9,506.7,253.5,187.00000000000006,1,-1,-1,-1
547,0,1057.58,505.0,263.18000000000006,191.65999999999997,1,-1,-1,-1
548,0,1060.26,503.3,272.8599999999999,196.32,1,-1,-1,-1
549,0,1062.94,501.6,282.53999999999996,200.98000000000002,1,-1,-1,-1
550,0,1065.62,499.9,292.22,205.64,1,-1,-1,-1
551,0,1068.3,498.2,301.9000000000001,210.3,1,-1,-1,-1
552,0,1071.98,496.04,313.94000000000005,215.83999999999997,1,-1,-1,-1
553,0,1075.66,493.88,325.98,221.38,1,-1,-1,-1
554,0,1079.34,491.72,338.02,226.91999999999996,1,-1,-1,-1
555,0,1083.02,489.56,350.05999999999995,232.45999999999998,1,-1,-1,-1
556,0,1086.7,487.4,362.0999999999999,238.0,1,-1,-1,-1
557,0,1090.94,484.22,379.1199999999999,245.24,1,-1,-1,-1
558,0,1095.18,481.04,396.1399999999999,252.47999999999996,1,-1,-1,-1
559,0,1099.42,477.86,413.15999999999985,259.72,1,-1,-1,-1
560,0,1103.66,474.68,430.17999999999984,266.96,1,-1,-1,-1
561,0,1107.9,471.5,447.1999999999998,274.20000000000005,1,-1,-1,-1
562,0,1113.2,463.74,471.78,288.28,1,-1,-1,-1
563,0,1118.5,455.98,496.3599999999999,302.36,1,-1,-1,-1
564,0,1123.8,448.22,520.94,316.43999999999994,1,-1,-1,-1
565,0,1129.1,440.46,545.52,330.52000000000004,1,-1,-1,-1
566,0,1134.4,432.7,570.0999999999999,344.59999999999997,1,-1,-1,-1
567,0,1141.0,419.1,605.78,368.78,1,-1,-1,-1
568,0,1147.6,405.5,641.46,392.96000000000004,1,-1,-1,-1
569,0,1154.2,391.9,677.1399999999999,417.14,1,-1,-1,-1
570,0,1160.8,378.3,712.8199999999999,441.32,1,-1,-1,-1
571,0,1167.4,364.7,748.5,465.50000000000006,1,-1,-1,-1
572,0,1176.24,343.5,740.48,503.6,1,-1,-1,-1
573,0,1185.08,322.3,732.46,541.7,1,-1,-1,-1
574,0,1193.92,301.1,724.4399999999998,579.8,1,-1,-1,-1
575,0,1202.76,279.9,716.4200000000001,617.9,1,-1,-1,-1
576,0,1211.6,258.7,708.4000000000001,656.0,1,-1,-1,-1
577,0,1223.6,259.06,696.4000000000001,647.9000000000001,1,-1,-1,-1
578,0,1235.6,259.42,684.4000000000001,639.8,1,-1,-1,-1
579,0,1247.6,259.78,672.4000000000001,631.7,1,-1,-1,-1
580,0,1259.6,260.14,660.4000000000001,623.6,1,-1,-1,-1
581,0,1271.6,260.5,648.4000000000001,615.5,1,-1,-1,-1
582,0,1289.56,261.28,630.44,621.69,1,-1,-1,-1
583,0,1307.52,262.06,612.48,627.8800000000001,1,-1,-1,-1
584,0,1325.48,262.84,594.52,634.0699999999999,1,-1,-1,-1
585,0,1343.44,263.62,576.56,640.26,1,-1,-1,-1
586,0,1361.4,264.4,558.5999999999999,646.45,1,-1,-1,-1
587,0,1390.64,240.54,529.3599999999999,677.2800000000001,1,-1,-1,-1
588,0,1419.88,216.68,500.1199999999999,708.1099999999999,1,-1,-1,-1
589,0,1449.12,192.82,470.8800000000001,738.94,1,-1,-1,-1
590,0,1478.36,168.96,441.6400000000001,769.77,1,-1,-1,-1
591,0,1507.6,145.1,412.4000000000001,800.6,1,-1,-1,-1
592,0,1546.4,110.0,373.5999999999999,835.7,1,-1,-1,-1
593,0,1594.5,82.3,325.5,863.4000000000001,1,-1,-1,-1
594,0,1646.3,39.8,273.70000000000005,905.9000000000001,1,-1,-1,-1
595,0,1698.1,10.2,221.9000000000001,935.5,1,-1,-1,-1
596,0,1764.7,10.2,155.29999999999995,935.5,1,-1,-1,-1
597,0,1831.3,10.2,88.70000000000005,935.5,1,-1,-1,-1
598,0,1890.5,10.2,29.5,935.5,1,-1,-1,-1
872,6,770.32,593.58,77.0,65.12,1,-1,-1,-1
873,6,768.74,593.46,78.29999999999995,66.43999999999994,1,-1,-1,-1
874,6,767.16,593.34,79.60000000000002,67.75999999999999,1,-1,-1,-1
875,6,765.58,593.22,80.89999999999998,69.07999999999993,1,-1,-1,-1
876,6,764.0,593.1,82.20000000000005,70.39999999999998,1,-1,-1,-1
877,6,762.0,593.94,82.74000000000001,70.61999999999989,1,-1,-1,-1
878,6,760.0,594.78,83.27999999999997,70.84000000000003,1,-1,-1,-1
879,6,758.0,595.62,83.82000000000005,71.05999999999995,1,-1,-1,-1
880,6,756.0,596.46,84.36000000000001,71.27999999999997,1,-1,-1,-1
881,6,754.0,597.3,84.89999999999998,71.5,1,-1,-1,-1
882,6,752.04,597.74,86.13999999999999,72.74000000000001,1,-1,-1,-1
883,6,750.08,598.18,87.38,73.98000000000002,1,-1,-1,-1
884,6,748.12,598.62,88.62,75.22000000000003,1,-1,-1,-1
885,6,746.16,599.06,89.86000000000001,76.46000000000004,1,-1,-1,-1
886,6,744.2,599.5,91.09999999999991,77.70000000000005,1,-1,-1,-1
887,6,742.08,599.66,91.83999999999992,77.86000000000001,1,-1,-1,-1
888,6,739.96,599.82,92.57999999999993,78.01999999999998,1,-1,-1,-1
889,6,737.84,599.98,93.31999999999994,78.17999999999995,1,-1,-1,-1
890,6,735.72,600.14,94.05999999999995,78.34000000000003,1,-1,-1,-1
891,6,733.6,600.3,94.79999999999995,78.5,1,-1,-1,-1
892,6,729.4,599.68,97.36000000000001,80.42000000000007,1,-1,-1,-1
893,6,726.77,599.06,98.35000000000002,81.5200000000001,1,-1,-1,-1
894,6,724.15,598.44,99.33000000000004,82.6099999999999,1,-1,-1,-1
895,6,721.52,597.82,100.32000000000005,83.69999999999993,1,-1,-1,-1
896,6,718.9,597.2,101.30000000000007,84.79999999999995,1,-1,-1,-1
897,6,716.12,596.88,102.53999999999996,85.82000000000005,1,-1,-1,-1
898,6,713.34,596.56,103.77999999999997,86.84000000000003,1,-1,-1,-1
899,6,710.56,596.24,105.0200000000001,87.86000000000001,1,-1,-1,-1
900,6,707.78,595.92,106.25999999999999,88.88,1,-1,-1,-1
901,6,705.0,595.6,107.5,89.89999999999998,1,-1,-1,-1
902,6,702.3,595.1,108.72000000000003,90.84000000000003,1,-1,-1,-1
903,6,699.6,594.6,109.93999999999994,91.77999999999997,1,-1,-1,-1
904,6,696.9,594.1,111.15999999999997,92.72000000000003,1,-1,-1,-1
905,6,694.2,593.6,112.38,93.65999999999997,1,-1,-1,-1
906,6,689.3,593.1,115.80000000000007,94.60000000000002,1,-1,-1,-1
907,6,685.7,592.7,117.3599999999999,95.63999999999999,1,-1,-1,-1
908,6,682.1,592.3,118.91999999999996,96.68000000000006,1,-1,-1,-1
909,6,678.5,591.9,120.48000000000002,97.72000000000003,1,-1,-1,-1
910,6,674.9,591.5,122.04000000000008,98.75999999999999,1,-1,-1,-1
911,6,671.3,591.1,123.60000000000002,99.79999999999995,1,-1,-1,-1
912,6,667.5,590.4,125.24000000000001,101.46000000000004,1,-1,-1,-1
913,6,663.7,589.7,126.88,103.12,1,-1,-1,-1
914,6,659.9,589.0,128.51999999999998,104.77999999999997,1,-1,-1,-1
915,6,656.1,588.3,130.15999999999997,106.44000000000005,1,-1,-1,-1
916,6,652.3,587.6,131.80000000000007,108.10000000000002,1,-1,-1,-1
917,6,647.44,587.04,134.33999999999992,109.82000000000005,1,-1,-1,-1
918,6,642.58,586.48,136.88,111.53999999999996,1,-1,-1,-1
919,6,637.72,585.92,139.41999999999996,113.25999999999999,1,-1,-1,-1
920,6,632.86,585.36,141.96000000000004,114.98000000000002,1,-1,-1,-1
921,6,628.0,584.8,144.5,116.70000000000005,1,-1,-1,-1
922,6,622.26,584.56,147.46000000000004,118.66000000000008,1,-1,-1,-1
923,6,616.52,584.32,150.42000000000007,120.62,1,-1,-1,-1
924,6,610.78,584.08,153.38,122.57999999999993,1,-1,-1,-1
925,6,605.04,583.84,156.34000000000003,124.53999999999996,1,-1,-1,-1
926,6,599.3,583.6,159.30000000000007,126.5,1,-1,-1,-1
927,6,592.78,583.5,162.62,128.39999999999998,1,-1,-1,-1
928,6,586.26,583.4,165.94000000000005,130.30000000000007,1,-1,-1,-1
929,6,579.74,583.3,169.26,132.20000000000005,1,-1,-1,-1
930,6,573.22,583.2,172.57999999999993,134.0999999999999,1,-1,-1,-1
931,6,566.7,583.1,175.89999999999998,136.0,1,-1,-1,-1
932,6,559.44,582.04,179.29999999999995,138.34000000000003,1,-1,-1,-1
933,6,552.18,580.98,182.70000000000005,140.67999999999995,1,-1,-1,-1
934,6,544.92,579.92,186.10000000000002,143.0200000000001,1,-1,-1,-1
935,6,537.66,578.86,189.5,145.36,1,-1,-1,-1
936,6,530.4,577.8,192.89999999999998,147.70000000000005,1,-1,-1,-1
937,6,521.58,577.38,197.51999999999998,150.56000000000006,1,-1,-1,-1
938,6,512.76,576.95,202.14,153.42999999999995,1,-1,-1,-1
939,6,503.94,576.53,206.76000000000005,156.29000000000008,1,-1,-1,-1
940,6,495.12,576.1,211.38,159.15999999999997,1,-1,-1,-1
941,6,486.3,575.68,215.99999999999994,162.0200000000001,1,-1,-1,-1
942,6,475.42,575.4,222.07999999999998,165.10000000000002,1,-1,-1,-1
943,6,464.54,575.13,228.16000000000003,168.16999999999996,1,-1,-1,-1
944,6,453.66,574.85,234.23999999999995,171.25,1,-1,-1,-1
945,6,442.78,574.58,240.32000000000005,174.31999999999994,1,-1,-1,-1
946,6,431.9,574.3,246.39999999999998,177.4000000000001,1,-1,-1,-1
947,6,420.08,573.75,252.90000000000003,182.47000000000003,1,-1,-1,-1
948,6,408.25,573.2,259.40999999999997,187.53999999999996,1,-1,-1,-1
949,6,396.43,572.65,265.91,192.61,1,-1,-1,-1
950,6,384.6,572.1,272.41999999999996,197.67999999999995,1,-1,-1,-1
951,6,372.78,571.55,278.9200000000001,202.75,1,-1,-1,-1
952,6,358.16,571.3,287.08,207.06000000000006,1,-1,-1,-1
953,6,343.55,571.05,295.22999999999996,211.37,1,-1,-1,-1
954,6,328.93,570.8,303.39000000000004,215.68000000000006,1,-1,-1,-1
955,6,314.32,570.55,311.54,219.99,1,-1,-1,-1
956,6,299.7,570.3,319.7,224.30000000000007,1,-1,-1,-1
957,6,282.06,570.26,329.54,230.98000000000002,1,-1,-1,-1
958,6,264.42,570.22,339.37999999999994,237.65999999999997,1,-1,-1,-1
959,6,246.78,570.18,349.22,244.34000000000003,1,-1,-1,-1
960,6,229.14,570.14,359.06000000000006,251.01999999999998,1,-1,-1,-1
961,6,211.5,570.1,368.9,257.69999999999993,1,-1,-1,-1
962,6,189.83,568.36,380.9799999999999,266.12,1,-1,-1,-1
963,6,168.17,566.62,393.06000000000006,274.53999999999996,1,-1,-1,-1
964,6,146.5,564.88,405.14,282.96000000000004,1,-1,-1,-1
965,6,124.84,563.14,417.2199999999999,291.38,1,-1,-1,-1
966,6,103.17,561.4,429.3,299.80000000000007,1,-1,-1,-1
967,6,82.54,560.88,437.87999999999994,313.48,1,-1,-1,-1
968,6,61.9,560.36,446.46000000000004,327.15999999999997,1,-1,-1,-1
969,6,41.27,559.84,455.04,340.8399999999999,1,-1,-1,-1
970,6,20.63,559.32,463.62,354.52,1,-1,-1,-1
971,6,0.0,558.8,472.2,368.20000000000005,1,-1,-1,-1
972,6,0.0,557.64,456.6,370.25,1,-1,-1,-1
973,6,0.0,556.48,441.0,372.29999999999995,1,-1,-1,-1
974,6,0.0,555.32,425.4,374.3599999999999,1,-1,-1,-1
975,6,0.0,554.16,409.8,376.4100000000001,1,-1,-1,-1
976,6,0.0,553.0,394.2,378.46000000000004,1,-1,-1,-1
977,6,0.0,551.84,373.78,380.51,1,-1,-1,-1
978,6,0.0,550.68,353.36,382.56000000000006,1,-1,-1,-1
979,6,0.0,549.52,332.94,384.62,1,-1,-1,-1
980,6,0.0,548.36,312.52,386.66999999999996,1,-1,-1,-1
981,6,0.0,547.2,292.1,388.7199999999999,1,-1,-1,-1
982,6,0.0,547.2,266.1,388.7199999999999,1,-1,-1,-1
983,6,0.0,547.2,240.8,388.7199999999999,1,-1,-1,-1
984,6,0.0,547.2,209.6,388.7199999999999,1,-1,-1,-1
985,6,0.0,547.2,182.9,388.7199999999999,1,-1,-1,-1
986,6,0.0,547.2,149.5,388.7199999999999,1,-1,-1,-1
987,6,0.0,547.2,116.1,388.7199999999999,1,-1,-1,-1
988,6,0.0,547.2,84.2,388.7199999999999,1,-1,-1,-1
989,6,0.0,547.2,44.1,388.7199999999999,1,-1,-1,-1
1297,1,816.36,580.76,62.51999999999998,82.03999999999996,1,-1,-1,-1
1298,1,814.02,580.32,63.440000000000055,82.9799999999999,1,-1,-1,-1
1299,1,811.68,579.88,64.37,83.91999999999996,1,-1,-1,-1
1300,1,809.34,579.44,65.28999999999996,84.8599999999999,1,-1,-1,-1
1301,1,807.0,579.0,66.21000000000004,85.79999999999995,1,-1,-1,-1
1302,1,804.38,578.91,67.04999999999995,86.43000000000006,1,-1,-1,-1
1303,1,801.76,578.82,67.88999999999999,87.05999999999995,1,-1,-1,-1
1304,1,799.14,578.73,68.72000000000003,87.68999999999994,1,-1,-1,-1
1305,1,796.52,578.64,69.56000000000006,88.32000000000005,1,-1,-1,-1
1306,1,793.9,578.55,70.39999999999998,88.95000000000005,1,-1,-1,-1
1307,1,791.36,578.46,71.53999999999996,89.88,1,-1,-1,-1
1308,1,788.82,578.37,72.67999999999995,90.80999999999995,1,-1,-1,-1
1309,1,786.28,578.28,73.82000000000005,91.74000000000001,1,-1,-1,-1
1310,1,783.74,578.19,74.96000000000004,92.66999999999996,1,-1,-1,-1
1311,1,781.2,578.1,76.09999999999991,93.60000000000002,1,-1,-1,-1
1312,1,778.54,577.78,77.25999999999999,94.62,1,-1,-1,-1
1313,1,775.88,577.46,78.41999999999996,95.63999999999999,1,-1,-1,-1
1314,1,773.22,577.14,79.57999999999993,96.65999999999997,1,-1,-1,-1
1315,1,770.56,576.82,80.74000000000001,97.67999999999995,1,-1,-1,-1
1316,1,767.9,576.5,81.89999999999998,98.70000000000005,1,-1,-1,-1
1317,1,764.96,575.56,83.15999999999997,99.94000000000005,1,-1,-1,-1
1318,1,762.02,574.62,84.42000000000007,101.17999999999995,1,-1,-1,-1
1319,1,759.08,573.68,85.67999999999995,102.42000000000007,1,-1,-1,-1
1320,1,756.14,572.74,86.94000000000005,103.65999999999997,1,-1,-1,-1
1321,1,753.2,571.8,88.19999999999993,104.90000000000009,1,-1,-1,-1
1322,1,750.02,571.2,89.63999999999999,106.34999999999991,1,-1,-1,-1
1323,1,746.84,570.6,91.07999999999993,107.79999999999995,1,-1,-1,-1
1324,1,743.66,570.0,92.51999999999998,109.25,1,-1,-1,-1
1325,1,740.48,569.4,93.96000000000004,110.70000000000005,1,-1,-1,-1
1326,1,737.3,568.8,95.40000000000009,112.15000000000009,1,-1,-1,-1
1327,1,733.32,568.48,97.25999999999999,113.31999999999994,1,-1,-1,-1
1328,1,729.34,568.16,99.12,114.49000000000001,1,-1,-1,-1
1329,1,725.36,567.84,100.98000000000002,115.65999999999997,1,-1,-1,-1
1330,1,721.38,567.52,102.84000000000003,116.83000000000004,1,-1,-1,-1
1331,1,717.4,567.2,104.70000000000005,118.0,1,-1,-1,-1
1332,1,712.74,567.09,106.84000000000003,119.75,1,-1,-1,-1
1333,1,708.08,566.98,108.9799999999999,121.5,1,-1,-1,-1
1334,1,703.42,566.87,111.12,123.25,1,-1,-1,-1
1335,1,698.76,566.76,113.25999999999999,125.0,1,-1,-1,-1
1336,1,694.1,566.65,115.39999999999998,126.75,1,-1,-1,-1
1337,1,687.96,566.54,118.29999999999995,128.70000000000005,1,-1,-1,-1
1338,1,681.82,566.43,121.19999999999993,130.6500000000001,1,-1,-1,-1
1339,1,675.68,566.32,124.10000000000002,132.5999999999999,1,-1,-1,-1
1340,1,669.54,566.21,127.0,134.54999999999995,1,-1,-1,-1
1341,1,663.4,566.1,129.89999999999998,136.5,1,-1,-1,-1
1342,1,657.0,564.76,132.77999999999997,138.70000000000005,1,-1,-1,-1
1343,1,650.6,563.42,135.65999999999997,140.9000000000001,1,-1,-1,-1
1344,1,644.2,562.08,138.53999999999996,143.0999999999999,1,-1,-1,-1
1345,1,637.8,560.74,141.42000000000007,145.29999999999995,1,-1,-1,-1
1346,1,631.4,559.4,144.30000000000007,147.5,1,-1,-1,-1
1347,1,623.1,558.26,148.44999999999993,150.70000000000005,1,-1,-1,-1
1348,1,614.8,557.12,152.60000000000002,153.89999999999998,1,-1,-1,-1
1349,1,606.5,555.98,156.76,157.10000000000002,1,-1,-1,-1
1350,1,598.2,554.84,160.90999999999997,160.29999999999995,1,-1,-1,-1
1351,1,589.9,553.7,165.06000000000006,163.5,1,-1,-1,-1
1352,1,580.68,552.86,169.49,166.10000000000002,1,-1,-1,-1
1353,1,571.46,552.02,173.92999999999995,168.70000000000005,1,-1,-1,-1
1354,1,562.24,551.18,178.36,171.30000000000007,1,-1,-1,-1
1355,1,553.02,550.34,182.80000000000007,173.89999999999998,1,-1,-1,-1
1356,1,543.8,549.5,187.23000000000002,176.5,1,-1,-1,-1
1357,1,533.02,547.28,193.22000000000003,180.64,1,-1,-1,-1
1358,1,522.24,545.06,199.22000000000003,184.7800000000001,1,-1,-1,-1
1359,1,511.46,542.84,205.20999999999998,188.91999999999996,1,-1,-1,-1
1360,1,500.68,540.62,211.20999999999998,193.05999999999995,1,-1,-1,-1
1361,1,489.9,538.4,217.20000000000005,197.20000000000005,1,-1,-1,-1
1362,1,475.8,537.3,225.02000000000004,202.10000000000002,1,-1,-1,-1
1363,1,461.7,536.2,232.83999999999997,207.0,1,-1,-1,-1
1364,1,447.6,535.1,240.65999999999997,211.89999999999998,1,-1,-1,-1
1365,1,433.5,534.0,248.48000000000002,216.79999999999995,1,-1,-1,-1
1366,1,419.4,532.9,256.30000000000007,221.70000000000005,1,-1,-1,-1
1367,1,402.88,531.8,265.84000000000003,227.98000000000002,1,-1,-1,-1
1368,1,386.36,530.7,275.38,234.26,1,-1,-1,-1
1369,1,369.84,529.6,284.92,240.53999999999996,1,-1,-1,-1
1370,1,353.32,528.5,294.46,246.82000000000005,1,-1,-1,-1
1371,1,336.8,527.4,303.99999999999994,253.10000000000002,1,-1,-1,-1
1372,1,316.34,524.66,315.86000000000007,260.6,1,-1,-1,-1
1373,1,295.88,521.92,327.72,268.1,1,-1,-1,-1
1374,1,275.42,519.18,339.58,275.6,1,-1,-1,-1
1374,2,896.74,561.44,62.39999999999998,80.93999999999994,1,-1,-1,-1
1375,1,254.96,516.44,351.43999999999994,283.0999999999999,1,-1,-1,-1
1375,2,897.12,560.42,62.799999999999955,81.72000000000003,1,-1,-1,-1
1376,1,234.5,513.7,363.29999999999995,290.5999999999999,1,-1,-1,-1
1376,2,897.5,559.4,63.200000000000045,82.5,1,-1,-1,-1
1377,1,208.68,510.08,378.28000000000003,300.76000000000005,1,-1,-1,-1
1377,2,897.42,559.1,63.82000000000005,83.03999999999996,1,-1,-1,-1
1378,1,182.86,506.46,393.26,310.92,1,-1,-1,-1
1378,2,897.34,558.8,64.43999999999994,83.58000000000004,1,-1,-1,-1
1379,1,157.04,502.84,408.24,321.08,1,-1,-1,-1
1379,2,897.26,558.5,65.06000000000006,84.12,1,-1,-1,-1
1380,1,131.22,499.22,423.22,331.24,1,-1,-1,-1
1380,2,897.18,558.2,65.68000000000006,84.65999999999997,1,-1,-1,-1
1381,1,105.4,495.6,438.20000000000005,341.4,1,-1,-1,-1
1381,2,897.1,557.9,66.29999999999995,85.20000000000005,1,-1,-1,-1
1382,1,76.8,489.42,452.23999999999995,358.00999999999993,1,-1,-1,-1
1382,2,897.14,557.34,66.98000000000002,86.10000000000002,1,-1,-1,-1
1383,1,45.8,483.24,468.68,374.62,1,-1,-1,-1
1383,2,897.18,556.78,67.66000000000008,87.0,1,-1,-1,-1
1384,1,16.6,477.06,483.32,391.22999999999996,1,-1,-1,-1
1384,2,897.22,556.22,68.33999999999992,87.89999999999998,1,-1,-1,-1
1385,1,0.0,470.88,485.36,407.84000000000003,1,-1,-1,-1
1385,2,897.26,555.66,69.01999999999998,88.80000000000007,1,-1,-1,-1
1386,1,0.0,464.7,470.8,424.45,1,-1,-1,-1
1386,2,897.3,555.1,69.70000000000005,89.69999999999993,1,-1,-1,-1
1387,1,0.0,458.52,451.78,441.06000000000006,1,-1,-1,-1
1387,2,897.34,554.04,70.38,90.42000000000007,1,-1,-1,-1
1388,1,0.0,452.34,432.76,457.67,1,-1,-1,-1
1388,2,897.38,552.98,71.06000000000006,91.13999999999999,1,-1,-1,-1
1389,1,0.0,446.16,413.74,474.28000000000003,1,-1,-1,-1
1389,2,897.42,551.92,71.74000000000001,91.86000000000001,1,-1,-1,-1
1390,1,0.0,439.98,394.72,490.89,1,-1,-1,-1
1390,2,897.46,550.86,72.41999999999996,92.58000000000004,1,-1,-1,-1
1391,1,0.0,433.8,375.7,507.49999999999994,1,-1,-1,-1
1391,2,897.5,549.8,73.10000000000002,93.30000000000007,1,-1,-1,-1
1392,1,0.0,424.18,349.62,517.1199999999999,1,-1,-1,-1
1392,2,897.94,549.54,73.95999999999992,94.34000000000003,1,-1,-1,-1
1393,1,0.0,414.56,323.54,526.74,1,-1,-1,-1
1393,2,898.38,549.28,74.82000000000005,95.38,1,-1,-1,-1
1394,1,0.0,404.94,297.46,536.3599999999999,1,-1,-1,-1
1394,2,898.82,549.02,75.67999999999995,96.42000000000007,1,-1,-1,-1
1395,1,0.0,395.32,271.38,545.98,1,-1,-1,-1
1395,2,899.26,548.76,76.53999999999996,97.46000000000004,1,-1,-1,-1
1396,1,0.0,385.7,245.3,555.5999999999999,1,-1,-1,-1
1396,2,899.7,548.5,77.39999999999998,98.5,1,-1,-1,-1
1397,1,0.0,395.32,212.1,545.98,1,-1,-1,-1
1397,2,900.5,548.76,78.60000000000002,99.53999999999996,1,-1,-1,-1
1398,1,0.0,404.94,178.9,536.3599999999999,1,-1,-1,-1
1398,2,901.3,549.02,79.80000000000007,100.58000000000004,1,-1,-1,-1
1399,1,0.0,414.56,145.7,526.74,1,-1,-1,-1
1399,2,902.1,549.28,81.0,101.62,1,-1,-1,-1
1400,1,0.0,424.18,112.5,517.1199999999999,1,-1,-1,-1
1400,2,902.9,549.54,82.20000000000005,102.66000000000008,1,-1,-1,-1
1401,1,0.0,433.8,79.3,507.49999999999994,1,-1,-1,-1
1401,2,903.7,549.8,83.39999999999998,103.70000000000005,1,-1,-1,-1
1402,1,0.0,433.8,50.4,507.49999999999994,1,-1,-1,-1
1402,2,905.28,548.62,84.27999999999997,104.98000000000002,1,-1,-1,-1
1403,2,906.86,547.44,85.15999999999997,106.25999999999999,1,-1,-1,-1
1404,2,908.44,546.26,86.03999999999996,107.53999999999996,1,-1,-1,-1
1405,2,910.02,545.08,86.92000000000007,108.81999999999994,1,-1,-1,-1
1406,2,911.6,543.9,87.79999999999995,110.10000000000002,1,-1,-1,-1
1407,2,913.36,543.02,88.98000000000002,111.15999999999997,1,-1,-1,-1
1408,2,915.12,542.14,90.15999999999997,112.22000000000003,1,-1,-1,-1
1409,2,916.88,541.26,91.34000000000003,113.27999999999997,1,-1,-1,-1
1410,2,918.64,540.38,92.51999999999998,114.34000000000003,1,-1,-1,-1
1411,2,920.4,539.5,93.70000000000005,115.39999999999998,1,-1,-1,-1
1412,2,922.68,539.16,94.95000000000005,116.76999999999998,1,-1,-1,-1
1413,2,924.96,538.82,96.19999999999993,118.13999999999999,1,-1,-1,-1
1414,2,927.24,538.48,97.45000000000005,119.50999999999999,1,-1,-1,-1
1415,2,929.52,538.14,98.70000000000005,120.88,1,-1,-1,-1
1416,2,931.8,537.8,99.95000000000005,122.25,1,-1,-1,-1
1417,2,934.08,537.46,101.19999999999993,123.62,1,-1,-1,-1
1418,2,936.36,537.12,102.44999999999993,124.99000000000001,1,-1,-1,-1
1419,2,938.64,536.78,103.69999999999993,126.36000000000001,1,-1,-1,-1
1420,2,940.92,536.44,104.94999999999993,127.7299999999999,1,-1,-1,-1
1421,2,943.2,536.1,106.20000000000005,129.10000000000002,1,-1,-1,-1
1422,2,945.99,535.92,107.97000000000003,130.87,1,-1,-1,-1
1423,2,948.78,535.74,109.74000000000001,132.64,1,-1,-1,-1
1424,2,951.57,535.56,111.50999999999988,134.41000000000008,1,-1,-1,-1
1425,2,954.36,535.38,113.28000000000009,136.17999999999995,1,-1,-1,-1
1426,2,957.15,535.2,115.05000000000007,137.94999999999993,1,-1,-1,-1
1427,2,959.94,535.02,116.81999999999994,139.72000000000003,1,-1,-1,-1
1428,2,962.73,534.84,118.58999999999992,141.49,1,-1,-1,-1
1429,2,965.52,534.66,120.36000000000013,143.26,1,-1,-1,-1
1430,2,968.31,534.48,122.13000000000011,145.02999999999997,1,-1,-1,-1
1431,2,971.1,534.3,123.89999999999998,146.80000000000007,1,-1,-1,-1
1432,2,974.29,532.11,126.57999999999993,149.14,1,-1,-1,-1
1433,2,977.48,529.92,129.26,151.48000000000002,1,-1,-1,-1
1434,2,980.67,527.73,131.93999999999994,153.81999999999994,1,-1,-1,-1
1435,2,983.86,525.54,134.62,156.16000000000008,1,-1,-1,-1
1436,2,987.05,523.35,137.29999999999995,158.5,1,-1,-1,-1
1437,2,990.24,521.16,139.98000000000002,160.84000000000003,1,-1,-1,-1
1438,2,993.43,518.97,142.65999999999997,163.17999999999995,1,-1,-1,-1
1439,2,996.62,516.78,145.34000000000003,165.51999999999998,1,-1,-1,-1
1440,2,999.81,514.59,148.01999999999998,167.86,1,-1,-1,-1
1441,2,1003.0,512.4,150.70000000000005,170.20000000000005,1,-1,-1,-1
1442,2,1005.67,510.94,155.42999999999995,173.23999999999995,1,-1,-1,-1
1443,2,1008.34,509.48,160.15999999999997,176.27999999999997,1,-1,-1,-1
1444,2,1011.01,508.02,164.8900000000001,179.32000000000005,1,-1,-1,-1
1445,2,1013.68,506.56,169.62,182.35999999999996,1,-1,-1,-1
1446,2,1016.35,505.1,174.35000000000002,185.39999999999998,1,-1,-1,-1
1447,2,1019.02,504.62,180.77999999999997,188.93999999999994,1,-1,-1,-1
1448,2,1021.69,504.14,187.21000000000004,192.48000000000002,1,-1,-1,-1
1449,2,1024.36,503.66,193.6400000000001,196.01999999999992,1,-1,-1,-1
1450,2,1027.03,503.18,200.06999999999994,199.56,1,-1,-1,-1
1451,2,1029.7,502.7,206.5,203.09999999999997,1,-1,-1,-1
1452,2,1032.6,502.24,214.98000000000002,207.51999999999998,1,-1,-1,-1
1453,2,1035.5,501.78,223.46000000000004,211.94000000000005,1,-1,-1,-1
1454,2,1038.4,501.32,231.93999999999983,216.35999999999996,1,-1,-1,-1
1455,2,1041.3,500.86,240.42000000000007,220.77999999999997,1,-1,-1,-1
1456,2,1044.2,500.4,248.89999999999986,225.20000000000005,1,-1,-1,-1
1457,2,1046.62,498.48,260.0600000000002,231.07999999999993,1,-1,-1,-1
1458,2,1049.04,496.56,271.22,236.95999999999998,1,-1,-1,-1
1459,2,1051.46,494.64,282.3799999999999,242.84000000000003,1,-1,-1,-1
1460,2,1053.88,492.72,293.53999999999996,248.72000000000003,1,-1,-1,-1
1461,2,1056.3,490.8,304.70000000000005,254.59999999999997,1,-1,-1,-1
1462,2,1058.84,487.2,321.3800000000001,262.26000000000005,1,-1,-1,-1
1463,2,1061.38,483.6,338.05999999999995,269.91999999999996,1,-1,-1,-1
1464,2,1063.92,480.0,354.74,277.58000000000004,1,-1,-1,-1
1465,2,1066.46,476.4,371.4200000000001,285.24,1,-1,-1,-1
1466,2,1069.0,472.8,388.0999999999999,292.90000000000003,1,-1,-1,-1
1467,2,1072.16,464.8,412.67999999999984,307.61999999999995,1,-1,-1,-1
1468,2,1075.32,456.8,437.26,322.34,1,-1,-1,-1
1469,2,1078.48,448.8,461.8399999999999,337.06,1,-1,-1,-1
1470,2,1081.64,440.8,486.41999999999985,351.78000000000003,1,-1,-1,-1
1471,2,1084.8,432.8,511.0,366.49999999999994,1,-1,-1,-1
1472,2,1088.64,420.8,544.49,387.62999999999994,1,-1,-1,-1
1473,2,1092.48,408.8,577.99,408.77000000000004,1,-1,-1,-1
1474,2,1096.32,396.8,611.48,429.90000000000003,1,-1,-1,-1
1475,2,1100.16,378.1,653.3999999999999,462.19999999999993,1,-1,-1,-1
1476,2,1104.0,360.5,689.0,498.63,1,-1,-1,-1
1477,2,1109.68,338.9,740.8199999999999,532.2,1,-1,-1,-1
1478,2,1115.36,314.5,804.6400000000001,580.6,1,-1,-1,-1
1479,2,1121.04,281.27,798.96,631.96,1,-1,-1,-1
1480,2,1126.72,248.03,793.28,683.34,1,-1,-1,-1
1481,2,1132.4,214.8,787.5999999999999,734.7,1,-1,-1,-1
1482,2,1141.93,175.2,778.0699999999999,774.3,1,-1,-1,-1
1483,2,1147.0,119.3,773.0,830.2,1,-1,-1,-1
1484,2,1153.6,78.5,766.4000000000001,871.0,1,-1,-1,-1
1485,2,1162.22,85.41,757.78,864.09,1,-1,-1,-1
1486,2,1170.85,92.33,749.1500000000001,857.17,1,-1,-1,-1
1487,2,1179.47,99.25,740.53,850.25,1,-1,-1,-1
1488,2,1188.1,106.16,731.9000000000001,843.34,1,-1,-1,-1
1489,2,1201.3,113.07,718.7,836.4300000000001,1,-1,-1,-1
1490,2,1214.5,119.99,705.5,829.51,1,-1,-1,-1
1491,2,1227.7,126.9,692.3,822.6,1,-1,-1,-1
1492,2,1242.83,115.73,677.1700000000001,833.77,1,-1,-1,-1
1493,2,1257.97,104.56,662.03,844.94,1,-1,-1,-1
1494,2,1273.1,93.39,646.9000000000001,856.11,1,-1,-1,-1
1495,2,1294.3,82.22,625.7,867.28,1,-1,-1,-1
1496,2,1315.5,71.05,604.5,878.45,1,-1,-1,-1
1497,2,1339.45,59.88,580.55,889.62,1,-1,-1,-1
1498,2,1363.4,48.71,556.5999999999999,900.79,1,-1,-1,-1
1499,2,1399.37,37.54,520.6300000000001,911.96,1,-1,-1,-1
1500,2,1435.33,26.37,484.6700000000001,923.13,1,-1,-1,-1
1501,2,1471.3,15.2,448.70000000000005,934.3,1,-1,-1,-1
1502,2,1515.3,0.0,404.70000000000005,949.5,1,-1,-1,-1
1503,2,1570.3,0.0,349.70000000000005,949.5,1,-1,-1,-1
1504,2,1627.1,0.0,292.9000000000001,949.5,1,-1,-1,-1
1505,2,1702.2,0.0,217.79999999999995,949.5,1,-1,-1,-1
1506,2,1779.1,0.0,140.9000000000001,949.5,1,-1,-1,-1
1507,2,1854.2,0.0,65.79999999999995,949.5,1,-1,-1,-1
