1,10,20.68,421.8,432.65999999999997,369.58,1,-1,-1,-1
2,10,19.1,420.22,435.03,371.44999999999993,1,-1,-1,-1
3,10,17.53,418.65,437.38,373.31000000000006,1,-1,-1,-1
4,10,15.95,417.07,439.75,375.19,1,-1,-1,-1
5,10,14.38,415.49,442.1,377.05999999999995,1,-1,-1,-1
6,10,12.8,413.91,444.46999999999997,378.93,1,-1,-1,-1
7,10,11.22,412.34,446.84,380.79,1,-1,-1,-1
8,10,9.65,410.76,449.19,382.65999999999997,1,-1,-1,-1
9,10,8.07,409.18,451.56,384.54,1,-1,-1,-1
10,10,6.5,407.61,453.91,386.4,1,-1,-1,-1
11,10,4.92,406.03,456.28,388.27,1,-1,-1,-1
12,10,3.94,404.75,455.8,391.11,1,-1,-1,-1
13,10,2.95,403.48,455.32,393.93999999999994,1,-1,-1,-1
14,10,1.97,402.2,454.84,396.78000000000003,1,-1,-1,-1
15,10,0.98,400.93,454.35999999999996,399.60999999999996,1,-1,-1,-1
16,10,0.0,399.65,453.88,402.45000000000005,1,-1,-1,-1
17,10,0.0,396.95,454.78,405.29,1,-1,-1,-1
18,10,0.0,394.25,455.69,408.13,1,-1,-1,-1
19,10,0.0,391.56,456.59,410.96,1,-1,-1,-1
20,10,0.0,388.86,457.5,413.79999999999995,1,-1,-1,-1
21,10,0.0,386.16,458.4,416.63999999999993,1,-1,-1,-1
22,10,0.0,383.18,456.42,431.66,1,-1,-1,-1
23,10,0.0,380.2,454.43,446.68,1,-1,-1,-1
24,10,0.0,377.22,452.45,461.69999999999993,1,-1,-1,-1
25,10,0.0,374.24,450.46,476.72,1,-1,-1,-1
26,10,0.0,371.26,448.48,491.74,1,-1,-1,-1
27,10,0.0,371.69,447.06,492.05,1,-1,-1,-1
28,10,0.0,372.11,445.65,492.37,1,-1,-1,-1
29,10,0.0,372.54,444.23,492.68,1,-1,-1,-1
30,10,0.0,372.96,442.82,493.00000000000006,1,-1,-1,-1
31,10,0.0,373.39,441.4,493.31000000000006,1,-1,-1,-1
32,10,0.0,373.39,439.9,494.15,1,-1,-1,-1
33,10,0.0,373.39,438.4,494.99,1,-1,-1,-1
34,10,0.0,373.39,436.9,495.83000000000004,1,-1,-1,-1
35,10,0.0,373.39,435.4,496.66999999999996,1,-1,-1,-1
36,10,0.0,373.39,433.9,497.51,1,-1,-1,-1
37,10,0.0,373.39,431.84,499.97,1,-1,-1,-1
38,10,0.0,373.39,429.78,502.43000000000006,1,-1,-1,-1
39,10,0.0,373.39,427.72,504.89,1,-1,-1,-1
40,10,0.0,373.39,425.66,507.35,1,-1,-1,-1
41,10,0.0,373.39,423.6,509.81000000000006,1,-1,-1,-1
42,10,0.0,369.98,421.52,515.6,1,-1,-1,-1
43,10,0.0,366.58,419.44,521.3800000000001,1,-1,-1,-1
44,10,0.0,363.17,417.36,527.1700000000001,1,-1,-1,-1
45,10,0.0,359.77,415.28,532.95,1,-1,-1,-1
46,10,0.0,356.36,413.2,538.74,1,-1,-1,-1
47,10,0.0,352.95,411.12,541.75,1,-1,-1,-1
48,10,0.0,349.55,409.04,544.75,1,-1,-1,-1
49,10,0.0,346.14,406.96,547.76,1,-1,-1,-1
50,10,0.0,342.74,404.88,550.76,1,-1,-1,-1
51,10,0.0,339.33,402.8,553.77,1,-1,-1,-1
52,10,0.0,339.33,400.83,557.45,1,-1,-1,-1
53,10,0.0,339.33,398.86,561.1300000000001,1,-1,-1,-1
54,10,0.0,339.33,396.89,564.81,1,-1,-1,-1
55,10,0.0,339.33,394.92,568.49,1,-1,-1,-1
56,10,0.0,339.33,392.95,572.1700000000001,1,-1,-1,-1
57,10,0.0,339.33,390.98,575.8499999999999,1,-1,-1,-1
58,10,0.0,339.33,389.01,579.53,1,-1,-1,-1
59,10,0.0,339.33,387.04,583.21,1,-1,-1,-1
60,10,0.0,339.33,385.07,586.8900000000001,1,-1,-1,-1
61,10,0.0,339.33,383.1,590.5699999999999,1,-1,-1,-1
62,10,0.0,339.33,380.44,596.23,1,-1,-1,-1
63,10,0.0,339.33,377.78,601.8900000000001,1,-1,-1,-1
64,10,0.0,339.33,375.12,607.55,1,-1,-1,-1
65,10,0.0,339.33,372.46,613.21,1,-1,-1,-1
66,10,0.0,339.33,369.8,618.8700000000001,1,-1,-1,-1
67,10,0.0,339.33,367.14,617.71,1,-1,-1,-1
68,10,0.0,339.33,364.48,616.55,1,-1,-1,-1
69,10,0.0,339.33,361.82,615.3900000000001,1,-1,-1,-1
70,10,0.0,339.33,359.16,614.23,1,-1,-1,-1
71,10,0.0,339.33,356.5,613.0699999999999,1,-1,-1,-1
72,10,0.0,338.76,354.23,616.05,1,-1,-1,-1
73,10,0.0,338.19,351.96,619.03,1,-1,-1,-1
74,10,0.0,337.63,349.69,622.0,1,-1,-1,-1
75,10,0.0,337.06,347.42,624.98,1,-1,-1,-1
76,10,0.0,336.49,345.15,627.96,1,-1,-1,-1
77,10,0.0,335.92,342.88,630.94,1,-1,-1,-1
78,10,0.0,335.35,340.61,633.92,1,-1,-1,-1
79,10,0.0,334.79,338.34,636.8899999999999,1,-1,-1,-1
80,10,0.0,334.22,336.07,639.87,1,-1,-1,-1
81,10,0.0,333.65,333.8,642.85,1,-1,-1,-1
82,10,0.0,332.66,331.17,643.56,1,-1,-1,-1
83,10,0.0,331.66,328.54,644.28,1,-1,-1,-1
84,10,0.0,330.67,325.91,644.99,1,-1,-1,-1
85,10,0.0,329.68,323.28,645.7,1,-1,-1,-1
86,10,0.0,328.69,320.65,646.4100000000001,1,-1,-1,-1
87,10,0.0,327.69,318.02,647.1300000000001,1,-1,-1,-1
88,10,0.0,326.7,315.39,647.8399999999999,1,-1,-1,-1
89,10,0.0,325.71,312.76,648.55,1,-1,-1,-1
90,10,0.0,324.71,310.13,649.27,1,-1,-1,-1
91,10,0.0,323.72,307.5,649.98,1,-1,-1,-1
92,10,0.0,323.72,304.24,649.98,1,-1,-1,-1
93,10,0.0,323.72,300.98,649.98,1,-1,-1,-1
94,10,0.0,323.72,297.72,649.98,1,-1,-1,-1
95,10,0.0,323.72,294.46,649.98,1,-1,-1,-1
96,10,0.0,323.72,291.2,649.98,1,-1,-1,-1
97,10,0.0,323.72,287.94,649.98,1,-1,-1,-1
98,10,0.0,323.72,284.68,649.98,1,-1,-1,-1
99,10,0.0,323.72,281.42,649.98,1,-1,-1,-1
100,10,0.0,323.72,278.16,649.98,1,-1,-1,-1
101,10,0.0,323.72,274.9,649.98,1,-1,-1,-1
102,10,0.0,323.13,269.7,650.57,1,-1,-1,-1
103,10,0.0,322.54,264.5,651.1600000000001,1,-1,-1,-1
104,10,0.0,321.94,259.3,651.76,1,-1,-1,-1
105,10,0.0,321.35,254.1,652.35,1,-1,-1,-1
106,10,0.0,320.76,248.9,652.94,1,-1,-1,-1
107,10,0.0,320.17,243.7,653.53,1,-1,-1,-1
108,10,0.0,319.58,238.5,654.1200000000001,1,-1,-1,-1
109,10,0.0,318.98,233.3,654.72,1,-1,-1,-1
110,10,0.0,318.39,228.1,655.3100000000001,1,-1,-1,-1
111,10,0.0,317.8,222.9,655.9000000000001,1,-1,-1,-1
112,10,0.0,315.24,216.4,658.46,1,-1,-1,-1
113,10,0.0,312.68,209.9,661.02,1,-1,-1,-1
114,10,0.0,310.12,203.4,663.58,1,-1,-1,-1
115,10,0.0,307.56,196.9,666.1400000000001,1,-1,-1,-1
116,10,0.0,305.0,190.4,668.7,1,-1,-1,-1
117,10,0.0,322.36,183.9,651.34,1,-1,-1,-1
118,10,0.0,339.72,177.4,633.98,1,-1,-1,-1
119,10,0.0,357.08,170.9,616.6200000000001,1,-1,-1,-1
120,10,0.0,374.44,164.4,599.26,1,-1,-1,-1
121,10,0.0,391.8,157.9,581.9000000000001,1,-1,-1,-1
122,10,0.0,392.3,150.07,581.4000000000001,1,-1,-1,-1
123,10,0.0,392.8,142.24,580.9000000000001,1,-1,-1,-1
124,10,0.0,393.3,134.41,580.4000000000001,1,-1,-1,-1
125,10,0.0,393.8,126.58,579.9000000000001,1,-1,-1,-1
126,10,0.0,394.3,118.75,579.4000000000001,1,-1,-1,-1
127,10,0.0,394.47,110.92,579.23,1,-1,-1,-1
128,10,0.0,394.63,103.09,579.07,1,-1,-1,-1
129,10,0.0,394.8,95.26,578.9000000000001,1,-1,-1,-1
130,10,0.0,490.5,87.43,483.20000000000005,1,-1,-1,-1
131,10,0.0,500.4,79.6,473.30000000000007,1,-1,-1,-1
132,10,0.0,518.42,70.8,455.2800000000001,1,-1,-1,-1
133,10,0.0,536.45,62.0,437.25,1,-1,-1,-1
134,10,0.0,554.48,53.2,419.22,1,-1,-1,-1
135,10,0.0,572.5,44.4,401.20000000000005,1,-1,-1,-1
136,10,0.0,588.2,35.6,385.5,1,-1,-1,-1
535,19,962.46,574.01,62.57999999999993,80.49000000000001,1,-1,-1,-1
536,19,962.46,573.87,63.039999999999964,81.05999999999995,1,-1,-1,-1
537,19,962.46,573.09,63.5,81.63,1,-1,-1,-1
538,19,962.46,572.32,63.960000000000036,82.19999999999993,1,-1,-1,-1
539,19,962.46,571.54,64.42000000000007,82.76999999999998,1,-1,-1,-1
540,19,962.46,570.77,64.87999999999988,83.34000000000003,1,-1,-1,-1
541,19,962.46,569.99,65.33999999999992,83.90999999999997,1,-1,-1,-1
542,19,962.23,569.39,65.98000000000002,84.57000000000005,1,-1,-1,-1
543,19,962.0,568.79,66.61999999999989,85.23000000000002,1,-1,-1,-1
544,19,961.77,568.19,67.25999999999999,85.88999999999999,1,-1,-1,-1
545,19,961.54,567.59,67.90000000000009,86.54999999999995,1,-1,-1,-1
546,19,961.31,566.99,68.53999999999996,87.21000000000004,1,-1,-1,-1
547,19,961.08,567.27,69.17999999999995,87.87,1,-1,-1,-1
548,19,960.85,567.55,69.82000000000005,88.53000000000009,1,-1,-1,-1
549,19,960.63,567.83,70.44999999999993,89.18999999999994,1,-1,-1,-1
550,19,960.4,568.11,71.09000000000003,89.85000000000002,1,-1,-1,-1
551,19,960.17,568.39,71.73000000000013,90.50999999999999,1,-1,-1,-1
552,19,960.06,568.28,72.30999999999995,91.34000000000003,1,-1,-1,-1
553,19,959.95,568.17,72.88999999999987,92.17000000000007,1,-1,-1,-1
554,19,959.84,568.06,73.46999999999991,93.0,1,-1,-1,-1
555,19,959.73,567.95,74.04999999999995,93.82999999999993,1,-1,-1,-1
556,19,959.62,567.84,74.63,94.65999999999997,1,-1,-1,-1
557,19,959.51,567.29,75.21000000000004,95.49000000000001,1,-1,-1,-1
558,19,959.4,566.74,75.79000000000008,96.31999999999994,1,-1,-1,-1
559,19,959.29,566.19,76.37000000000012,97.14999999999998,1,-1,-1,-1
560,19,959.18,565.64,76.95000000000016,97.98000000000002,1,-1,-1,-1
561,19,959.07,565.09,77.52999999999986,98.80999999999995,1,-1,-1,-1
562,19,959.32,564.65,78.01999999999987,99.52999999999997,1,-1,-1,-1
563,19,959.56,564.21,78.51999999999998,100.25,1,-1,-1,-1
564,19,959.81,563.77,79.00999999999999,100.97000000000003,1,-1,-1,-1
565,19,960.06,563.33,79.5,101.68999999999994,1,-1,-1,-1
566,19,960.31,562.89,79.99000000000001,102.40999999999997,1,-1,-1,-1
567,19,960.55,562.45,80.49000000000001,103.13,1,-1,-1,-1
568,19,960.8,562.01,80.98000000000002,103.85000000000002,1,-1,-1,-1
569,19,961.05,561.57,81.47000000000003,104.56999999999994,1,-1,-1,-1
570,19,961.29,561.13,81.97000000000003,105.28999999999996,1,-1,-1,-1
571,19,961.54,560.69,82.46000000000004,106.00999999999999,1,-1,-1,-1
572,19,962.1,560.18,83.37,107.11000000000001,1,-1,-1,-1
573,19,962.65,559.66,84.29000000000008,108.22000000000003,1,-1,-1,-1
574,19,963.2,559.14,85.21000000000004,109.33000000000004,1,-1,-1,-1
575,19,963.76,558.63,86.12000000000012,110.42999999999995,1,-1,-1,-1
576,19,964.32,558.12,87.02999999999986,111.52999999999997,1,-1,-1,-1
577,19,964.87,557.6,87.94999999999993,112.63999999999999,1,-1,-1,-1
578,19,965.42,557.09,88.87,113.74000000000001,1,-1,-1,-1
579,19,965.98,556.57,89.77999999999997,114.84999999999991,1,-1,-1,-1
580,19,966.54,556.05,90.69000000000005,115.96000000000004,1,-1,-1,-1
581,19,967.09,555.54,91.61000000000001,117.06000000000006,1,-1,-1,-1
582,19,967.57,555.38,92.51999999999987,117.97000000000003,1,-1,-1,-1
583,19,968.04,555.22,93.44000000000005,118.88,1,-1,-1,-1
584,19,968.51,555.07,94.3599999999999,119.77999999999997,1,-1,-1,-1
585,19,968.99,554.91,95.26999999999998,120.69000000000005,1,-1,-1,-1
586,19,969.47,554.75,96.18000000000006,121.60000000000002,1,-1,-1,-1
587,19,969.94,554.59,97.09999999999991,122.50999999999999,1,-1,-1,-1
588,19,970.42,554.43,98.0100000000001,123.42000000000007,1,-1,-1,-1
589,19,970.89,554.28,98.92999999999995,124.32000000000005,1,-1,-1,-1
590,19,971.37,554.12,99.84000000000003,125.23000000000002,1,-1,-1,-1
591,19,971.84,553.96,100.75999999999988,126.13999999999999,1,-1,-1,-1
592,19,972.78,553.38,101.57999999999993,127.29999999999995,1,-1,-1,-1
593,19,973.71,552.8,102.40999999999985,128.46000000000004,1,-1,-1,-1
594,19,974.64,552.23,103.24000000000012,129.61,1,-1,-1,-1
595,19,975.58,551.65,104.06000000000006,130.76999999999998,1,-1,-1,-1
596,19,976.52,551.07,104.88000000000011,131.92999999999995,1,-1,-1,-1
597,19,977.45,550.49,105.71000000000004,133.09000000000003,1,-1,-1,-1
598,19,978.38,549.91,106.54000000000008,134.25,1,-1,-1,-1
599,19,979.32,549.34,107.36000000000001,135.39999999999998,1,-1,-1,-1
600,19,980.26,548.76,108.18000000000006,136.56000000000006,1,-1,-1,-1
601,19,981.19,548.18,109.00999999999999,137.72000000000003,1,-1,-1,-1
602,19,982.1,547.9,110.40999999999997,139.15999999999997,1,-1,-1,-1
603,19,983.01,547.63,111.80999999999995,140.59000000000003,1,-1,-1,-1
604,19,983.91,547.35,113.22000000000014,142.02999999999997,1,-1,-1,-1
605,19,984.82,547.08,114.62,143.45999999999992,1,-1,-1,-1
606,19,985.73,546.8,116.01999999999998,144.9000000000001,1,-1,-1,-1
607,19,986.64,546.53,117.41999999999996,146.33000000000004,1,-1,-1,-1
608,19,987.55,546.25,118.81999999999994,147.76999999999998,1,-1,-1,-1
609,19,988.45,545.98,120.23000000000002,149.19999999999993,1,-1,-1,-1
610,19,989.36,545.7,121.63,150.64,1,-1,-1,-1
611,19,990.27,545.43,123.02999999999997,152.07000000000005,1,-1,-1,-1
612,19,991.66,544.36,124.49000000000012,153.62,1,-1,-1,-1
613,19,993.04,543.29,125.96000000000004,155.17000000000007,1,-1,-1,-1
614,19,994.43,542.22,127.41999999999996,156.72000000000003,1,-1,-1,-1
615,19,995.81,541.15,128.8900000000001,158.26999999999998,1,-1,-1,-1
616,19,997.2,540.09,130.3499999999999,159.80999999999995,1,-1,-1,-1
617,19,998.59,539.02,131.81000000000006,161.36,1,-1,-1,-1
618,19,999.97,537.95,133.27999999999997,162.90999999999997,1,-1,-1,-1
619,19,1001.36,536.88,134.7399999999999,164.46000000000004,1,-1,-1,-1
620,19,1002.74,535.81,136.21000000000004,166.0100000000001,1,-1,-1,-1
621,19,1004.13,534.74,137.66999999999996,167.55999999999995,1,-1,-1,-1
622,19,1005.83,534.14,139.68999999999994,169.40999999999997,1,-1,-1,-1
623,19,1007.54,533.54,141.70000000000005,171.26999999999998,1,-1,-1,-1
624,19,1009.24,532.93,143.72000000000003,173.13,1,-1,-1,-1
625,19,1010.95,532.33,145.73000000000002,174.99,1,-1,-1,-1
626,19,1012.65,531.73,147.7500000000001,176.84000000000003,1,-1,-1,-1
627,19,1014.35,531.7,149.76999999999987,178.69999999999993,1,-1,-1,-1
628,19,1016.05,531.67,151.78999999999996,180.55000000000007,1,-1,-1,-1
629,19,1017.76,531.63,153.79999999999995,182.41999999999996,1,-1,-1,-1
630,19,1019.46,531.6,155.81999999999994,184.26999999999998,1,-1,-1,-1
631,19,1021.16,531.57,157.84000000000003,186.13,1,-1,-1,-1
632,19,1023.42,531.35,159.93999999999994,187.82999999999993,1,-1,-1,-1
633,19,1025.68,531.13,162.03999999999996,189.52999999999997,1,-1,-1,-1
634,19,1027.93,530.9,164.14999999999986,191.24,1,-1,-1,-1
635,19,1030.19,530.68,166.25,192.94000000000005,1,-1,-1,-1
636,19,1032.45,530.46,168.3499999999999,194.64,1,-1,-1,-1
637,19,1034.71,529.18,170.45000000000005,197.92000000000007,1,-1,-1,-1
638,19,1036.97,527.89,172.54999999999995,201.21000000000004,1,-1,-1,-1
639,19,1039.22,526.61,174.66000000000008,204.49,1,-1,-1,-1
640,19,1041.48,525.32,176.76,207.77999999999997,1,-1,-1,-1
641,19,1043.74,524.04,178.8599999999999,211.06000000000006,1,-1,-1,-1
642,19,1045.6,523.09,181.75,212.51,1,-1,-1,-1
643,19,1047.46,522.14,184.63999999999987,213.96000000000004,1,-1,-1,-1
644,19,1049.32,521.19,187.53999999999996,215.40999999999997,1,-1,-1,-1
645,19,1051.18,520.24,190.42999999999984,216.86,1,-1,-1,-1
646,19,1053.04,519.29,193.31999999999994,218.31000000000006,1,-1,-1,-1
647,19,1055.22,520.4,196.21000000000004,221.54000000000008,1,-1,-1,-1
648,19,1057.4,521.51,199.0999999999999,224.76999999999998,1,-1,-1,-1
649,19,1059.57,522.61,201.99,228.01,1,-1,-1,-1
650,19,1061.75,523.72,204.8800000000001,231.24,1,-1,-1,-1
651,19,1063.93,524.83,207.76999999999998,234.4699999999999,1,-1,-1,-1
652,19,1066.56,523.79,211.22000000000003,237.51,1,-1,-1,-1
653,19,1069.2,522.74,214.65999999999985,240.55999999999995,1,-1,-1,-1
654,19,1071.83,521.7,218.11000000000013,243.5999999999999,1,-1,-1,-1
655,19,1074.47,520.65,221.54999999999995,246.64999999999998,1,-1,-1,-1
656,19,1077.1,519.61,225.0,249.68999999999994,1,-1,-1,-1
657,19,1079.6,517.42,229.34000000000015,254.44000000000005,1,-1,-1,-1
658,19,1082.1,515.23,233.68000000000006,259.18999999999994,1,-1,-1,-1
659,19,1084.6,513.05,238.01999999999998,263.93000000000006,1,-1,-1,-1
660,19,1087.1,510.86,242.36000000000013,268.67999999999995,1,-1,-1,-1
661,19,1089.6,508.67,246.70000000000005,273.43,1,-1,-1,-1
662,19,1092.65,506.56,254.15999999999985,276.47999999999996,1,-1,-1,-1
663,19,1095.7,504.45,261.6199999999999,279.53000000000003,1,-1,-1,-1
664,19,1098.75,502.33,269.06999999999994,282.59,1,-1,-1,-1
665,19,1101.8,500.22,276.53,285.64,1,-1,-1,-1
666,19,1104.85,498.11,283.99,288.68999999999994,1,-1,-1,-1
667,19,1107.82,496.25,291.45000000000005,294.95000000000005,1,-1,-1,-1
668,19,1110.8,494.4,298.9000000000001,301.20000000000005,1,-1,-1,-1
669,19,1113.77,492.54,306.3700000000001,307.46,1,-1,-1,-1
670,19,1116.75,490.69,313.81999999999994,313.71,1,-1,-1,-1
671,19,1119.72,488.83,321.28,319.96999999999997,1,-1,-1,-1
672,19,1123.33,486.07,329.76,325.69,1,-1,-1,-1
673,19,1126.93,483.31,338.25,331.41,1,-1,-1,-1
674,19,1130.54,480.56,346.73,337.11999999999995,1,-1,-1,-1
675,19,1134.14,477.8,355.2199999999998,342.84,1,-1,-1,-1
676,19,1137.75,475.04,363.70000000000005,348.56,1,-1,-1,-1
677,19,1141.12,472.05,374.94000000000005,356.81,1,-1,-1,-1
678,19,1144.5,469.06,386.1700000000001,365.06,1,-1,-1,-1
679,19,1147.87,466.08,397.4100000000001,373.3,1,-1,-1,-1
680,19,1151.25,463.09,408.6400000000001,381.55,1,-1,-1,-1
681,19,1154.62,460.1,419.8800000000001,389.79999999999995,1,-1,-1,-1
682,19,1159.15,455.47,431.90999999999985,401.53,1,-1,-1,-1
683,19,1163.69,450.84,443.92999999999984,413.26000000000005,1,-1,-1,-1
684,19,1168.22,446.2,455.96000000000004,425.00000000000006,1,-1,-1,-1
685,19,1172.76,441.57,467.98,436.72999999999996,1,-1,-1,-1
686,19,1177.29,436.94,480.01,448.46,1,-1,-1,-1
687,19,1181.82,432.31,495.58000000000015,460.19,1,-1,-1,-1
688,19,1186.36,427.68,511.1400000000001,471.92,1,-1,-1,-1
689,19,1190.89,423.04,526.7099999999998,483.66,1,-1,-1,-1
690,19,1195.43,418.41,542.27,495.38999999999993,1,-1,-1,-1
691,19,1199.96,413.78,557.8399999999999,507.12,1,-1,-1,-1
692,19,1205.6,406.68,570.98,517.6299999999999,1,-1,-1,-1
693,19,1211.25,399.59,584.1099999999999,528.1300000000001,1,-1,-1,-1
694,19,1216.89,392.49,597.25,538.64,1,-1,-1,-1
695,19,1222.54,385.4,610.3800000000001,549.14,1,-1,-1,-1
696,19,1228.18,378.3,623.52,559.6500000000001,1,-1,-1,-1
697,19,1233.82,371.2,631.54,570.1600000000001,1,-1,-1,-1
698,19,1239.47,364.11,639.55,580.66,1,-1,-1,-1
699,19,1245.11,357.01,647.5700000000002,591.17,1,-1,-1,-1
700,19,1250.76,349.92,655.5799999999999,601.6700000000001,1,-1,-1,-1
701,19,1256.4,342.82,663.5999999999999,612.1800000000001,1,-1,-1,-1
702,19,1264.49,332.46,655.51,622.4000000000001,1,-1,-1,-1
703,19,1272.58,322.1,647.4200000000001,632.62,1,-1,-1,-1
704,19,1280.67,311.74,639.3299999999999,642.84,1,-1,-1,-1
705,19,1288.76,301.38,631.24,653.0600000000001,1,-1,-1,-1
706,19,1296.85,291.02,623.1500000000001,663.28,1,-1,-1,-1
707,19,1304.94,280.66,615.06,673.5,1,-1,-1,-1
708,19,1313.03,270.3,606.97,683.72,1,-1,-1,-1
709,19,1321.12,259.94,598.8800000000001,693.94,1,-1,-1,-1
710,19,1329.21,249.58,590.79,704.16,1,-1,-1,-1
711,19,1337.3,239.22,582.7,714.38,1,-1,-1,-1
712,19,1348.38,235.82,571.6199999999999,717.78,1,-1,-1,-1
713,19,1359.46,232.41,560.54,721.19,1,-1,-1,-1
714,19,1370.54,229.01,549.46,724.59,1,-1,-1,-1
715,19,1381.62,225.6,538.3800000000001,728.0,1,-1,-1,-1
716,19,1392.7,222.2,527.3,731.4000000000001,1,-1,-1,-1
717,19,1406.6,222.76,513.4000000000001,730.84,1,-1,-1,-1
718,19,1420.5,223.32,499.5,730.28,1,-1,-1,-1
719,19,1434.4,223.88,485.5999999999999,729.72,1,-1,-1,-1
720,19,1448.3,224.44,471.70000000000005,729.1600000000001,1,-1,-1,-1
721,19,1462.2,225.0,457.79999999999995,728.6,1,-1,-1,-1
722,19,1480.06,225.0,439.94000000000005,728.6,1,-1,-1,-1
723,19,1497.92,225.0,422.0799999999999,728.6,1,-1,-1,-1
724,19,1515.78,225.0,404.22,728.6,1,-1,-1,-1
725,19,1533.64,225.0,386.3599999999999,728.6,1,-1,-1,-1
726,19,1551.5,225.0,368.5,728.6,1,-1,-1,-1
727,19,1572.52,225.0,347.48,728.6,1,-1,-1,-1
728,19,1593.54,225.0,326.46000000000004,728.6,1,-1,-1,-1
729,19,1614.56,225.0,305.44000000000005,728.6,1,-1,-1,-1
730,19,1635.58,225.0,284.4200000000001,728.6,1,-1,-1,-1
731,19,1656.6,225.0,263.4000000000001,728.6,1,-1,-1,-1
732,19,1685.69,225.0,234.30999999999995,737.51,1,-1,-1,-1
733,19,1714.77,225.0,205.23000000000002,746.43,1,-1,-1,-1
734,19,1743.86,225.0,176.1400000000001,755.34,1,-1,-1,-1
735,19,1772.95,225.0,147.04999999999995,764.26,1,-1,-1,-1
736,19,1802.04,225.0,117.96000000000004,773.17,1,-1,-1,-1
737,19,1831.12,225.0,88.88000000000011,782.09,1,-1,-1,-1
738,19,1860.21,225.0,59.789999999999964,791.0,1,-1,-1,-1
739,19,1889.3,225.0,30.700000000000045,728.6,1,-1,-1,-1
1124,16,875.87,561.45,65.88999999999999,76.04999999999995,1,-1,-1,-1
1125,16,876.05,561.22,66.03000000000009,76.27999999999997,1,-1,-1,-1
1126,16,876.24,561.0,66.15999999999997,76.5,1,-1,-1,-1
1127,16,876.42,560.77,66.30000000000007,76.73000000000002,1,-1,-1,-1
1128,16,876.6,560.54,66.43999999999994,76.96000000000004,1,-1,-1,-1
1129,16,876.78,560.31,66.58000000000004,77.19000000000005,1,-1,-1,-1
1130,16,876.97,560.08,66.70999999999992,77.41999999999996,1,-1,-1,-1
1131,16,877.15,559.85,66.85000000000002,77.64999999999998,1,-1,-1,-1
1132,16,877.31,559.97,67.03000000000009,77.75999999999999,1,-1,-1,-1
1133,16,877.47,560.08,67.20999999999992,77.88,1,-1,-1,-1
1134,16,877.63,560.2,67.38999999999999,77.99000000000001,1,-1,-1,-1
1135,16,877.79,560.31,67.57000000000005,78.11000000000001,1,-1,-1,-1
1136,16,877.95,560.42,67.75,78.23000000000002,1,-1,-1,-1
1137,16,878.12,560.54,67.91999999999996,78.34000000000003,1,-1,-1,-1
1138,16,878.28,560.65,68.10000000000002,78.46000000000004,1,-1,-1,-1
1139,16,878.44,560.77,68.27999999999997,78.57000000000005,1,-1,-1,-1
1140,16,878.6,560.88,68.45999999999992,78.69000000000005,1,-1,-1,-1
1141,16,878.76,561.0,68.63999999999999,78.79999999999995,1,-1,-1,-1
1142,16,878.76,560.89,69.25,79.01999999999998,1,-1,-1,-1
1143,16,878.76,560.78,69.86000000000001,79.24000000000001,1,-1,-1,-1
1144,16,878.76,560.67,70.47000000000003,79.46000000000004,1,-1,-1,-1
1145,16,878.76,560.56,71.08000000000004,79.68000000000006,1,-1,-1,-1
1146,16,878.76,560.44,71.69000000000005,79.90999999999997,1,-1,-1,-1
1147,16,878.76,560.33,72.29999999999995,80.13,1,-1,-1,-1
1148,16,878.76,560.22,72.90999999999997,80.35000000000002,1,-1,-1,-1
1149,16,878.76,560.11,73.51999999999998,80.56999999999994,1,-1,-1,-1
1150,16,878.76,560.0,74.13,80.78999999999996,1,-1,-1,-1
1151,16,878.76,559.89,74.74000000000001,81.00999999999999,1,-1,-1,-1
1152,16,879.59,559.36,74.82999999999993,81.40999999999997,1,-1,-1,-1
1153,16,880.41,558.83,74.93000000000006,81.80999999999995,1,-1,-1,-1
1154,16,881.24,558.31,75.01999999999998,82.20000000000005,1,-1,-1,-1
1155,16,882.06,557.78,75.12,82.60000000000002,1,-1,-1,-1
1156,16,882.88,557.25,75.22000000000003,83.0,1,-1,-1,-1
1157,16,883.71,556.72,75.30999999999995,83.39999999999998,1,-1,-1,-1
1158,16,884.53,556.19,75.41000000000008,83.79999999999995,1,-1,-1,-1
1159,16,885.36,555.67,75.5,84.19000000000005,1,-1,-1,-1
1160,16,886.18,555.14,75.60000000000002,84.59000000000003,1,-1,-1,-1
1161,16,887.01,554.61,75.69000000000005,84.99000000000001,1,-1,-1,-1
1162,16,887.67,555.26,75.95000000000005,85.32000000000005,1,-1,-1,-1
1163,16,888.33,555.91,76.20999999999992,85.63999999999999,1,-1,-1,-1
1164,16,888.99,556.56,76.47000000000003,85.97000000000003,1,-1,-1,-1
1165,16,889.65,557.21,76.73000000000002,86.28999999999996,1,-1,-1,-1
1166,16,890.31,557.86,76.99000000000001,86.62,1,-1,-1,-1
1167,16,890.97,557.08,77.25,86.93999999999994,1,-1,-1,-1
1168,16,891.63,556.3,77.50999999999999,87.2700000000001,1,-1,-1,-1
1169,16,892.29,555.51,77.76999999999998,87.60000000000002,1,-1,-1,-1
1170,16,892.95,554.73,78.02999999999997,87.92999999999995,1,-1,-1,-1
1171,16,893.61,553.95,78.28999999999996,88.25,1,-1,-1,-1
1172,16,894.16,553.37,78.59000000000003,88.90999999999997,1,-1,-1,-1
1173,16,894.71,552.8,78.88999999999999,89.56000000000006,1,-1,-1,-1
1174,16,895.26,552.22,79.19000000000005,90.22000000000003,1,-1,-1,-1
1175,16,895.81,551.64,79.49000000000001,90.88,1,-1,-1,-1
1176,16,896.36,551.07,79.78999999999996,91.52999999999997,1,-1,-1,-1
1177,16,896.91,550.49,80.09000000000003,92.18999999999994,1,-1,-1,-1
1178,16,897.46,549.91,80.38999999999999,92.85000000000002,1,-1,-1,-1
1179,16,898.01,549.33,80.69000000000005,93.50999999999999,1,-1,-1,-1
1180,16,898.56,548.76,80.99000000000001,94.15999999999997,1,-1,-1,-1
1181,16,899.11,548.18,81.28999999999996,94.82000000000005,1,-1,-1,-1
1182,16,899.71,548.93,81.42999999999995,95.12,1,-1,-1,-1
1183,16,900.31,549.67,81.57000000000005,95.42000000000007,1,-1,-1,-1
1184,16,900.91,550.42,81.70000000000005,95.72000000000003,1,-1,-1,-1
1185,16,901.51,551.16,81.84000000000003,96.01999999999998,1,-1,-1,-1
1186,16,902.11,551.91,81.98000000000002,96.32000000000005,1,-1,-1,-1
1187,16,902.24,552.02,82.11000000000001,96.62,1,-1,-1,-1
1188,16,902.36,552.13,82.25,96.92999999999995,1,-1,-1,-1
1189,16,902.49,552.25,82.38999999999999,97.22000000000003,1,-1,-1,-1
1190,16,902.61,552.36,82.52999999999997,97.52999999999997,1,-1,-1,-1
1191,16,902.74,552.47,82.65999999999997,97.82999999999993,1,-1,-1,-1
1192,16,902.84,551.51,83.14999999999998,98.28999999999996,1,-1,-1,-1
1193,16,902.94,550.56,83.63999999999999,98.74000000000001,1,-1,-1,-1
1194,16,903.04,549.6,84.13,99.19999999999993,1,-1,-1,-1
1195,16,903.14,548.64,84.62,99.65999999999997,1,-1,-1,-1
1196,16,903.24,547.68,85.11000000000001,100.12,1,-1,-1,-1
1197,16,903.33,546.73,85.61000000000001,100.56999999999994,1,-1,-1,-1
1198,16,903.43,545.77,86.10000000000002,101.02999999999997,1,-1,-1,-1
1199,16,903.53,544.81,86.59000000000003,101.49000000000001,1,-1,-1,-1
1200,16,903.63,543.86,87.08000000000004,101.93999999999994,1,-1,-1,-1
1201,16,903.73,542.9,87.56999999999994,102.39999999999998,1,-1,-1,-1
1202,16,903.57,543.23,88.13,103.13,1,-1,-1,-1
1203,16,903.4,543.56,88.70000000000005,103.86000000000001,1,-1,-1,-1
1204,16,903.24,543.89,89.25999999999999,104.59000000000003,1,-1,-1,-1
1205,16,903.07,544.22,89.82999999999993,105.31999999999994,1,-1,-1,-1
1206,16,902.9,544.55,90.39999999999998,106.05000000000007,1,-1,-1,-1
1207,16,902.74,544.88,90.96000000000004,106.77999999999997,1,-1,-1,-1
1208,16,902.58,545.21,91.51999999999998,107.50999999999999,1,-1,-1,-1
1209,16,902.41,545.54,92.09000000000003,108.24000000000001,1,-1,-1,-1
1210,16,902.25,545.87,92.64999999999998,108.97000000000003,1,-1,-1,-1
1211,16,902.08,546.2,93.21999999999991,109.69999999999993,1,-1,-1,-1
1212,16,902.08,545.41,93.80999999999995,110.36000000000001,1,-1,-1,-1
1213,16,902.08,544.62,94.39999999999998,111.01999999999998,1,-1,-1,-1
1214,16,902.08,543.82,94.99000000000001,111.68999999999994,1,-1,-1,-1
1215,16,902.08,543.03,95.57999999999993,112.35000000000002,1,-1,-1,-1
1216,16,902.08,542.24,96.16999999999996,113.00999999999999,1,-1,-1,-1
1217,16,902.08,541.45,96.75999999999999,113.66999999999996,1,-1,-1,-1
1218,16,902.08,540.66,97.34999999999991,114.33000000000004,1,-1,-1,-1
1219,16,902.08,539.86,97.93999999999994,115.0,1,-1,-1,-1
1220,16,902.08,539.07,98.52999999999997,115.65999999999997,1,-1,-1,-1
1221,16,902.08,538.28,99.12,116.32000000000005,1,-1,-1,-1
1222,16,902.58,537.88,99.63999999999999,117.04999999999995,1,-1,-1,-1
1223,16,903.07,537.49,100.16999999999996,117.76999999999998,1,-1,-1,-1
1224,16,903.57,537.09,100.68999999999994,118.5,1,-1,-1,-1
1225,16,904.06,536.7,101.22000000000003,119.21999999999991,1,-1,-1,-1
1226,16,904.56,536.3,101.74000000000001,119.95000000000005,1,-1,-1,-1
1227,16,905.05,535.9,102.2700000000001,120.68000000000006,1,-1,-1,-1
1228,16,905.54,535.51,102.80000000000007,121.39999999999998,1,-1,-1,-1
1229,16,906.04,535.11,103.32000000000005,122.13,1,-1,-1,-1
1230,16,906.53,534.72,103.85000000000002,122.85000000000002,1,-1,-1,-1
1231,16,907.03,534.32,104.37,123.57999999999993,1,-1,-1,-1
1232,16,907.95,532.63,105.13,124.34000000000003,1,-1,-1,-1
1233,16,908.88,530.94,105.88,125.1099999999999,1,-1,-1,-1
1234,16,909.8,529.25,106.6400000000001,125.87,1,-1,-1,-1
1235,16,910.73,527.56,107.38999999999999,126.6400000000001,1,-1,-1,-1
1236,16,911.65,525.87,108.14999999999998,127.39999999999998,1,-1,-1,-1
1237,16,912.57,525.51,108.90999999999997,128.16999999999996,1,-1,-1,-1
1238,16,913.5,525.15,109.65999999999997,128.93000000000006,1,-1,-1,-1
1239,16,914.42,524.8,110.41999999999996,129.69000000000005,1,-1,-1,-1
1240,16,915.35,524.44,111.16999999999996,130.44999999999993,1,-1,-1,-1
1241,16,916.27,524.08,111.93000000000006,131.2199999999999,1,-1,-1,-1
1242,16,917.74,524.08,112.48000000000002,132.37,1,-1,-1,-1
1243,16,919.2,524.08,113.03999999999996,133.51,1,-1,-1,-1
1244,16,920.67,524.08,113.59000000000003,134.65999999999997,1,-1,-1,-1
1245,16,922.13,524.08,114.14999999999998,135.79999999999995,1,-1,-1,-1
1246,16,923.6,524.08,114.69999999999993,136.94999999999993,1,-1,-1,-1
1247,16,925.07,523.13,115.24999999999989,138.09000000000003,1,-1,-1,-1
1248,16,926.53,522.18,115.80999999999995,139.24,1,-1,-1,-1
1249,16,928.0,521.23,116.3599999999999,140.38,1,-1,-1,-1
1250,16,929.46,520.28,116.92000000000007,141.52999999999997,1,-1,-1,-1
1251,16,930.93,519.33,117.47000000000014,142.66999999999996,1,-1,-1,-1
1252,16,932.45,518.71,118.51999999999998,143.57999999999993,1,-1,-1,-1
1253,16,933.97,518.09,119.56999999999994,144.49,1,-1,-1,-1
1254,16,935.49,517.48,120.61999999999989,145.39,1,-1,-1,-1
1255,16,937.01,516.86,121.67000000000007,146.29999999999995,1,-1,-1,-1
1256,16,938.53,516.24,122.72000000000003,147.21000000000004,1,-1,-1,-1
1257,16,940.05,515.62,123.76999999999998,148.12,1,-1,-1,-1
1258,16,941.57,515.0,124.82000000000005,149.02999999999997,1,-1,-1,-1
1259,16,943.09,514.39,125.87,149.93000000000006,1,-1,-1,-1
1260,16,944.61,513.77,126.91999999999996,150.84000000000003,1,-1,-1,-1
1261,16,946.13,513.15,127.96999999999991,151.75,1,-1,-1,-1
1262,16,948.13,511.72,129.11,152.93999999999994,1,-1,-1,-1
1263,16,950.13,510.3,130.2399999999999,154.11999999999995,1,-1,-1,-1
1264,16,952.12,508.87,131.39,155.30999999999995,1,-1,-1,-1
1265,16,954.12,507.45,132.5200000000001,156.49000000000007,1,-1,-1,-1
1266,16,956.12,506.02,133.65999999999997,157.68000000000006,1,-1,-1,-1
1267,16,958.31,506.12,134.78999999999996,158.86,1,-1,-1,-1
1268,16,960.49,506.21,135.94000000000005,160.05,1,-1,-1,-1
1269,16,962.68,506.31,137.07000000000005,161.22999999999996,1,-1,-1,-1
1270,16,964.86,506.4,138.2199999999999,162.42000000000007,1,-1,-1,-1
1271,16,967.05,506.5,139.35000000000014,163.60000000000002,1,-1,-1,-1
1272,16,968.29,505.98,141.10000000000014,165.12,1,-1,-1,-1
1273,16,969.52,505.45,142.86000000000013,166.65000000000003,1,-1,-1,-1
1274,16,970.76,504.93,144.6099999999999,168.17000000000002,1,-1,-1,-1
1275,16,971.99,504.41,146.3699999999999,169.69,1,-1,-1,-1
1276,16,973.23,503.88,148.1199999999999,171.22000000000003,1,-1,-1,-1
1277,16,974.47,503.36,149.8699999999999,172.74,1,-1,-1,-1
1278,16,975.7,502.84,151.62999999999988,174.26000000000005,1,-1,-1,-1
1279,16,976.94,502.32,153.37999999999988,175.78000000000003,1,-1,-1,-1
1280,16,978.17,501.79,155.14,177.31,1,-1,-1,-1
1281,16,979.41,501.27,156.89,178.83000000000004,1,-1,-1,-1
1282,16,980.2,499.4,159.05999999999995,180.80000000000007,1,-1,-1,-1
1283,16,980.99,497.52,161.23000000000002,182.77999999999997,1,-1,-1,-1
1284,16,981.77,495.65,163.41000000000008,184.75,1,-1,-1,-1
1285,16,982.56,493.78,165.58000000000015,186.72000000000003,1,-1,-1,-1
1286,16,983.35,491.9,167.7499999999999,188.70000000000005,1,-1,-1,-1
1287,16,984.14,490.03,169.91999999999996,190.67000000000007,1,-1,-1,-1
1288,16,984.93,488.16,172.09000000000003,192.63999999999993,1,-1,-1,-1
1289,16,985.71,486.29,174.26999999999998,194.60999999999996,1,-1,-1,-1
1290,16,986.5,484.41,176.44000000000005,196.58999999999997,1,-1,-1,-1
1291,16,987.29,482.54,178.61000000000013,198.56,1,-1,-1,-1
1292,16,988.0,482.11,180.94000000000005,199.99,1,-1,-1,-1
1293,16,988.72,481.69,183.26,201.41000000000003,1,-1,-1,-1
1294,16,989.43,481.26,185.59000000000003,202.84000000000003,1,-1,-1,-1
1295,16,990.14,480.83,187.91999999999996,204.27000000000004,1,-1,-1,-1
1296,16,990.86,480.4,190.2399999999999,205.70000000000005,1,-1,-1,-1
1297,16,991.57,479.98,192.57000000000005,207.12,1,-1,-1,-1
1298,16,992.28,479.55,194.9000000000001,208.55,1,-1,-1,-1
1299,16,992.99,479.12,197.23000000000002,209.98000000000002,1,-1,-1,-1
1300,16,993.71,478.7,199.54999999999995,211.40000000000003,1,-1,-1,-1
1301,16,994.42,478.27,201.88,212.83000000000004,1,-1,-1,-1
1302,16,995.04,476.51,204.81999999999994,215.28999999999996,1,-1,-1,-1
1303,16,995.65,474.75,207.7700000000001,217.76,1,-1,-1,-1
1304,16,996.27,473.0,210.71000000000004,220.21000000000004,1,-1,-1,-1
1305,16,996.88,471.24,213.65999999999997,222.67999999999995,1,-1,-1,-1
1306,16,997.5,469.48,216.5999999999999,225.14,1,-1,-1,-1
1307,16,998.12,468.64,219.54000000000008,227.60000000000002,1,-1,-1,-1
1308,16,998.73,467.79,222.49,230.06,1,-1,-1,-1
1309,16,999.35,466.95,225.42999999999995,232.52000000000004,1,-1,-1,-1
1310,16,999.96,466.1,228.37999999999988,234.98000000000002,1,-1,-1,-1
1311,16,1000.58,465.26,231.32000000000005,237.44000000000005,1,-1,-1,-1
1312,16,1001.06,463.07,235.28999999999996,239.83999999999997,1,-1,-1,-1
1313,16,1001.54,460.88,239.26,242.24,1,-1,-1,-1
1314,16,1002.02,458.69,243.23000000000002,244.64000000000004,1,-1,-1,-1
1315,16,1002.5,456.5,247.20000000000005,247.03999999999996,1,-1,-1,-1
1316,16,1002.98,454.31,251.17000000000007,249.44,1,-1,-1,-1
1317,16,1003.45,452.12,255.14999999999986,251.84000000000003,1,-1,-1,-1
1318,16,1003.93,449.93,259.12,254.23999999999995,1,-1,-1,-1
1319,16,1004.41,447.74,263.09000000000003,256.64,1,-1,-1,-1
1320,16,1004.89,445.55,267.06000000000006,259.04,1,-1,-1,-1
1321,16,1005.37,443.36,271.0300000000001,261.43999999999994,1,-1,-1,-1
1322,16,1006.33,441.17,275.7499999999999,266.09,1,-1,-1,-1
1323,16,1007.29,438.98,280.47,270.74,1,-1,-1,-1
1324,16,1008.24,436.79,285.20000000000005,275.38999999999993,1,-1,-1,-1
1325,16,1009.2,434.6,289.91999999999985,280.03999999999996,1,-1,-1,-1
1326,16,1010.16,432.41,294.64,284.69,1,-1,-1,-1
1327,16,1011.12,430.22,299.36,289.3399999999999,1,-1,-1,-1
1328,16,1012.08,428.03,304.08000000000004,293.99,1,-1,-1,-1
1329,16,1013.03,425.84,308.80999999999995,298.64000000000004,1,-1,-1,-1
1330,16,1013.99,423.65,313.53,303.2900000000001,1,-1,-1,-1
1331,16,1014.95,421.46,318.25,307.94,1,-1,-1,-1
1332,16,1015.77,417.28,324.81999999999994,313.4200000000001,1,-1,-1,-1
1333,16,1016.59,413.11,331.39,318.89,1,-1,-1,-1
1334,16,1017.42,408.94,337.94999999999993,324.35999999999996,1,-1,-1,-1
1335,16,1018.24,404.76,344.52,329.84000000000003,1,-1,-1,-1
1336,16,1019.06,400.58,351.09000000000015,335.32,1,-1,-1,-1
1337,16,1019.88,396.41,357.65999999999997,340.79,1,-1,-1,-1
1338,16,1020.7,392.23,364.23,346.27,1,-1,-1,-1
1339,16,1021.53,388.06,370.78999999999996,351.73999999999995,1,-1,-1,-1
1340,16,1022.35,383.88,377.36,357.22,1,-1,-1,-1
1341,16,1023.17,379.71,383.92999999999995,362.69,1,-1,-1,-1
1342,16,1024.25,374.29,393.8900000000001,369.79,1,-1,-1,-1
1343,16,1025.34,368.87,403.84000000000015,376.89,1,-1,-1,-1
1344,16,1026.42,363.45,413.79999999999995,383.99000000000007,1,-1,-1,-1
1345,16,1027.5,358.03,423.76,391.09000000000003,1,-1,-1,-1
1346,16,1028.59,352.61,433.71000000000004,398.18999999999994,1,-1,-1,-1
1347,16,1029.67,347.19,443.66999999999985,405.29,1,-1,-1,-1
1348,16,1030.75,341.77,453.6300000000001,412.39,1,-1,-1,-1
1349,16,1031.83,336.35,463.59000000000015,419.49,1,-1,-1,-1
1350,16,1032.92,330.93,473.53999999999996,426.59,1,-1,-1,-1
1351,16,1034.0,325.51,483.5,433.69000000000005,1,-1,-1,-1
1352,16,1035.77,318.51,496.1200000000001,444.63,1,-1,-1,-1
1353,16,1037.55,311.51,508.73,455.57000000000005,1,-1,-1,-1
1354,16,1039.32,304.52,521.3500000000001,466.5,1,-1,-1,-1
1355,16,1041.1,297.52,533.96,477.44000000000005,1,-1,-1,-1
1356,16,1042.87,290.52,546.5800000000002,488.38,1,-1,-1,-1
1357,16,1044.64,283.52,559.1999999999998,499.32000000000005,1,-1,-1,-1
1358,16,1046.42,276.52,571.81,510.26,1,-1,-1,-1
1359,16,1048.19,269.53,584.4299999999998,521.19,1,-1,-1,-1
1360,16,1049.97,262.53,597.04,532.13,1,-1,-1,-1
1361,16,1051.74,255.53,609.6600000000001,543.07,1,-1,-1,-1
1362,16,1053.74,243.18,627.1400000000001,561.05,1,-1,-1,-1
1363,16,1055.73,230.84,644.6299999999999,579.02,1,-1,-1,-1
1364,16,1057.73,218.49,662.1099999999999,597.0,1,-1,-1,-1
1365,16,1059.72,206.14,679.5999999999999,614.98,1,-1,-1,-1
1366,16,1061.72,193.8,697.0799999999999,632.95,1,-1,-1,-1
1367,16,1063.72,181.45,714.56,650.9300000000001,1,-1,-1,-1
1368,16,1065.71,169.1,732.05,668.91,1,-1,-1,-1
1369,16,1067.71,156.75,749.53,686.89,1,-1,-1,-1
1370,16,1069.7,144.41,767.02,704.86,1,-1,-1,-1
1371,16,1071.7,132.06,784.5,722.8399999999999,1,-1,-1,-1
1372,16,1073.83,117.15,803.6400000000001,750.01,1,-1,-1,-1
1373,16,1075.96,102.24,822.77,777.18,1,-1,-1,-1
1374,16,1078.09,87.33,841.9100000000001,804.3499999999999,1,-1,-1,-1
1375,16,1080.22,72.41,839.78,831.5300000000001,1,-1,-1,-1
1376,16,1082.35,57.5,837.6500000000001,858.7,1,-1,-1,-1
1377,16,1084.48,46.0,835.52,882.46,1,-1,-1,-1
1378,16,1086.61,34.5,833.3900000000001,906.22,1,-1,-1,-1
1379,16,1088.74,23.0,831.26,929.98,1,-1,-1,-1
1380,16,1090.87,11.5,829.1300000000001,953.74,1,-1,-1,-1
1381,16,1093.0,0.0,827.0,977.5,1,-1,-1,-1
1382,16,1094.87,0.0,825.1300000000001,977.5,1,-1,-1,-1
1383,16,1096.74,0.0,823.26,977.5,1,-1,-1,-1
1384,16,1098.61,0.0,821.3900000000001,977.5,1,-1,-1,-1
1385,16,1100.48,0.0,819.52,977.5,1,-1,-1,-1
1386,16,1102.35,0.0,817.6500000000001,977.5,1,-1,-1,-1
1387,16,1104.22,0.0,815.78,977.5,1,-1,-1,-1
1388,16,1106.09,0.0,813.9100000000001,977.5,1,-1,-1,-1
1389,16,1107.96,0.0,812.04,977.5,1,-1,-1,-1
1390,16,1109.83,0.0,810.1700000000001,977.5,1,-1,-1,-1
1391,16,1111.7,0.0,808.3,977.5,1,-1,-1,-1
1392,16,1113.12,0.0,806.8800000000001,977.5,1,-1,-1,-1
1393,16,1114.54,0.0,805.46,977.5,1,-1,-1,-1
1394,16,1115.96,0.0,804.04,977.5,1,-1,-1,-1
1395,16,1117.38,0.0,802.6199999999999,977.5,1,-1,-1,-1
1396,16,1118.8,0.0,801.2,977.5,1,-1,-1,-1
1397,16,1120.22,0.0,799.78,977.5,1,-1,-1,-1
1398,16,1121.64,0.0,798.3599999999999,977.5,1,-1,-1,-1
1399,16,1123.06,0.0,796.94,977.5,1,-1,-1,-1
1400,16,1124.48,0.0,795.52,977.5,1,-1,-1,-1
1401,16,1125.9,0.0,794.0999999999999,977.5,1,-1,-1,-1
1402,16,1126.71,0.0,793.29,977.5,1,-1,-1,-1
1403,16,1127.52,0.0,792.48,977.5,1,-1,-1,-1
1404,16,1128.33,0.0,791.6700000000001,977.5,1,-1,-1,-1
1405,16,1129.14,0.0,790.8599999999999,977.5,1,-1,-1,-1
1406,16,1129.95,0.0,790.05,977.5,1,-1,-1,-1
1407,16,1130.76,0.0,789.24,977.5,1,-1,-1,-1
1408,16,1131.57,0.0,788.4300000000001,977.5,1,-1,-1,-1
1409,16,1132.38,0.0,787.6199999999999,977.5,1,-1,-1,-1
1410,16,1133.19,0.0,786.81,977.5,1,-1,-1,-1
1411,16,1134.0,0.0,786.0,977.5,1,-1,-1,-1
1412,16,1133.67,0.0,786.3299999999999,977.5,1,-1,-1,-1
1413,16,1133.34,0.0,786.6600000000001,977.5,1,-1,-1,-1
1414,16,1133.01,0.0,786.99,977.5,1,-1,-1,-1
1415,16,1132.68,0.0,787.3199999999999,977.5,1,-1,-1,-1
1416,16,1132.35,0.0,787.6500000000001,977.5,1,-1,-1,-1
1417,16,1132.02,0.0,787.98,977.5,1,-1,-1,-1
1418,16,1131.69,0.0,788.31,977.5,1,-1,-1,-1
1419,16,1131.36,0.0,788.6400000000001,977.5,1,-1,-1,-1
1420,16,1131.03,0.0,788.97,977.5,1,-1,-1,-1
1421,16,1130.7,0.0,789.3,977.5,1,-1,-1,-1
1422,16,1129.67,0.0,790.3299999999999,977.5,1,-1,-1,-1
1423,16,1128.64,0.0,791.3599999999999,977.5,1,-1,-1,-1
1424,16,1127.61,0.0,792.3900000000001,977.5,1,-1,-1,-1
1425,16,1126.58,0.0,793.4200000000001,977.5,1,-1,-1,-1
1426,16,1125.55,0.0,794.45,977.5,1,-1,-1,-1
1427,16,1124.52,0.0,795.48,977.5,1,-1,-1,-1
1428,16,1123.49,0.0,796.51,977.5,1,-1,-1,-1
1429,16,1122.46,0.0,797.54,977.5,1,-1,-1,-1
1430,16,1121.43,0.0,798.5699999999999,977.5,1,-1,-1,-1
1431,16,1120.4,0.0,799.5999999999999,977.5,1,-1,-1,-1
1432,16,1118.92,0.0,801.0799999999999,977.5,1,-1,-1,-1
1433,16,1117.44,0.0,802.56,977.5,1,-1,-1,-1
1434,16,1115.96,0.0,804.04,977.5,1,-1,-1,-1
1435,16,1114.48,0.0,805.52,977.5,1,-1,-1,-1
1436,16,1113.0,0.0,807.0,977.5,1,-1,-1,-1
1437,16,1111.52,0.0,808.48,977.5,1,-1,-1,-1
1438,16,1110.04,0.0,809.96,977.5,1,-1,-1,-1
1439,16,1108.56,0.0,811.44,977.5,1,-1,-1,-1
1440,16,1107.08,0.0,812.9200000000001,977.5,1,-1,-1,-1
1441,16,1105.6,0.0,814.4000000000001,977.5,1,-1,-1,-1
1442,16,1103.9,0.0,816.0999999999999,977.5,1,-1,-1,-1
1443,16,1102.2,0.0,817.8,977.5,1,-1,-1,-1
1444,16,1100.5,0.0,819.5,977.5,1,-1,-1,-1
1445,16,1098.8,0.0,821.2,977.5,1,-1,-1,-1
1446,16,1097.1,0.0,822.9000000000001,977.5,1,-1,-1,-1
1447,16,1095.4,0.0,824.5999999999999,977.5,1,-1,-1,-1
1448,16,1093.7,0.0,826.3,977.5,1,-1,-1,-1
1449,16,1092.0,0.0,828.0,977.5,1,-1,-1,-1
1450,16,1090.3,0.0,829.7,977.5,1,-1,-1,-1
1451,16,1088.6,0.0,831.4000000000001,977.5,1,-1,-1,-1
1452,16,1086.89,0.0,833.1099999999999,977.5,1,-1,-1,-1
1453,16,1085.18,0.0,834.8199999999999,977.5,1,-1,-1,-1
1454,16,1083.47,0.0,836.53,977.5,1,-1,-1,-1
1455,16,1081.76,0.0,838.24,977.5,1,-1,-1,-1
1456,16,1080.05,0.0,839.95,977.5,1,-1,-1,-1
1457,16,1078.34,0.0,841.6600000000001,977.5,1,-1,-1,-1
1458,16,1076.63,0.0,843.3699999999999,977.5,1,-1,-1,-1
1459,16,1074.92,0.0,845.0799999999999,977.5,1,-1,-1,-1
1460,16,1073.21,0.0,846.79,977.5,1,-1,-1,-1
1461,16,1071.5,0.0,848.5,977.5,1,-1,-1,-1
1462,16,1069.94,0.0,850.06,977.5,1,-1,-1,-1
1463,16,1068.38,0.0,851.6199999999999,977.5,1,-1,-1,-1
1464,16,1066.82,0.0,853.1800000000001,977.5,1,-1,-1,-1
1465,16,1065.26,0.0,854.74,977.5,1,-1,-1,-1
1466,16,1063.7,0.0,856.3,977.5,1,-1,-1,-1
1467,16,1062.14,0.0,857.8599999999999,977.5,1,-1,-1,-1
1468,16,1060.58,0.0,859.4200000000001,977.5,1,-1,-1,-1
1469,16,1059.02,0.0,860.98,977.5,1,-1,-1,-1
1470,16,1057.46,0.0,862.54,977.5,1,-1,-1,-1
1471,16,1055.9,0.0,864.0999999999999,977.5,1,-1,-1,-1
1472,16,1054.47,0.0,865.53,977.5,1,-1,-1,-1
1473,16,1053.04,0.0,866.96,977.5,1,-1,-1,-1
1474,16,1051.61,0.0,868.3900000000001,977.5,1,-1,-1,-1
1475,16,1050.18,0.0,869.8199999999999,977.5,1,-1,-1,-1
1476,16,1048.75,0.0,871.25,977.5,1,-1,-1,-1
1477,16,1047.32,0.0,872.6800000000001,977.5,1,-1,-1,-1
1478,16,1045.89,0.0,874.1099999999999,977.5,1,-1,-1,-1
1479,16,1044.46,0.0,875.54,977.5,1,-1,-1,-1
1480,16,1043.03,0.0,876.97,977.5,1,-1,-1,-1
1481,16,1041.6,0.0,878.4000000000001,977.5,1,-1,-1,-1
1482,16,1039.96,0.0,880.04,977.5,1,-1,-1,-1
1483,16,1038.32,0.0,881.6800000000001,977.5,1,-1,-1,-1
1484,16,1036.68,0.0,883.3199999999999,977.5,1,-1,-1,-1
1485,16,1035.04,0.0,884.96,977.5,1,-1,-1,-1
1486,16,1033.4,0.0,886.5999999999999,977.5,1,-1,-1,-1
1487,16,1031.76,0.0,888.24,977.5,1,-1,-1,-1
1488,16,1030.12,0.0,889.8800000000001,977.5,1,-1,-1,-1
1489,16,1028.48,0.0,891.52,977.5,1,-1,-1,-1
1490,16,1026.84,0.0,893.1600000000001,977.5,1,-1,-1,-1
1491,16,1025.2,0.0,894.8,977.5,1,-1,-1,-1
1492,16,1023.31,0.51,896.69,976.99,1,-1,-1,-1
1493,16,1021.42,1.02,898.58,976.48,1,-1,-1,-1
1494,16,1019.53,1.53,900.47,975.97,1,-1,-1,-1
1495,16,1017.64,2.04,902.36,975.46,1,-1,-1,-1
1496,16,1015.75,2.55,904.25,974.95,1,-1,-1,-1
1497,16,1013.86,3.06,906.14,974.44,1,-1,-1,-1
1498,16,1011.97,3.57,908.03,973.93,1,-1,-1,-1
1499,16,1010.08,4.08,909.92,973.42,1,-1,-1,-1
1500,16,1008.19,4.59,911.81,972.91,1,-1,-1,-1
1501,16,1006.3,5.1,913.7,972.4,1,-1,-1,-1
1502,16,1004.72,7.49,911.1600000000001,963.77,1,-1,-1,-1
1503,16,1003.14,9.88,908.62,955.14,1,-1,-1,-1
1504,16,1001.56,12.27,906.0800000000002,946.51,1,-1,-1,-1
1505,16,999.98,14.66,903.54,937.88,1,-1,-1,-1
1506,16,998.4,17.05,901.0000000000001,929.25,1,-1,-1,-1
1507,16,996.82,19.44,898.4599999999999,920.6199999999999,1,-1,-1,-1
1508,16,995.24,21.83,895.9200000000001,911.99,1,-1,-1,-1
1509,16,993.66,24.22,893.38,903.36,1,-1,-1,-1
1510,16,992.08,26.61,890.84,894.73,1,-1,-1,-1
1511,16,990.5,29.0,888.3,886.1,1,-1,-1,-1
1512,16,989.93,30.7,885.32,884.68,1,-1,-1,-1
1513,16,989.36,32.41,882.34,883.26,1,-1,-1,-1
1514,16,988.8,34.11,879.3600000000001,881.84,1,-1,-1,-1
1515,16,988.23,35.82,876.3799999999999,880.42,1,-1,-1,-1
1516,16,987.66,37.52,873.4,879.0,1,-1,-1,-1
1517,16,988.23,38.66,870.4200000000001,877.58,1,-1,-1,-1
1518,16,988.8,39.79,867.44,876.1600000000001,1,-1,-1,-1
1519,16,989.36,40.93,864.4599999999999,874.74,1,-1,-1,-1
1520,16,989.93,42.06,861.4800000000001,873.3199999999999,1,-1,-1,-1
1521,16,990.5,43.2,858.5,871.9,1,-1,-1,-1
1522,16,991.88,44.38,856.2900000000001,870.72,1,-1,-1,-1
1523,16,993.26,45.56,854.0799999999999,869.54,1,-1,-1,-1
1524,16,994.64,46.74,851.87,868.36,1,-1,-1,-1
1525,16,996.02,47.92,849.6600000000001,867.1800000000001,1,-1,-1,-1
1526,16,997.4,49.1,847.4499999999999,866.0,1,-1,-1,-1
1527,16,998.78,50.28,845.24,864.82,1,-1,-1,-1
1528,16,1000.16,51.46,843.0300000000001,863.64,1,-1,-1,-1
1529,16,1001.54,52.64,840.8199999999999,862.46,1,-1,-1,-1
1530,16,1002.92,53.82,838.61,861.28,1,-1,-1,-1
1531,16,1004.3,55.0,836.4000000000001,860.1,1,-1,-1,-1
1532,16,1006.57,56.1,836.12,856.73,1,-1,-1,-1
1533,16,1008.84,57.2,835.84,853.3599999999999,1,-1,-1,-1
1534,16,1011.11,58.3,835.5600000000001,849.99,1,-1,-1,-1
1535,16,1013.38,59.4,835.2800000000001,846.62,1,-1,-1,-1
1536,16,1015.65,60.5,835.0000000000001,843.25,1,-1,-1,-1
1537,16,1017.93,61.6,834.7100000000002,839.88,1,-1,-1,-1
1538,16,1020.2,62.7,834.4300000000001,836.51,1,-1,-1,-1
1539,16,1022.47,63.8,834.1499999999999,833.1400000000001,1,-1,-1,-1
1540,16,1024.74,64.9,833.8699999999999,829.77,1,-1,-1,-1
1541,16,1027.01,66.0,833.5899999999999,826.4,1,-1,-1,-1
1542,16,1028.86,66.0,832.9300000000001,826.74,1,-1,-1,-1
1543,16,1030.71,66.0,832.27,827.08,1,-1,-1,-1
1544,16,1032.56,66.0,831.6100000000001,827.42,1,-1,-1,-1
1545,16,1034.41,66.0,830.9499999999998,827.76,1,-1,-1,-1
1546,16,1036.26,66.0,830.29,828.1,1,-1,-1,-1
1547,16,1038.1,66.0,829.6400000000001,828.44,1,-1,-1,-1
1548,16,1039.95,66.0,828.98,828.78,1,-1,-1,-1
1549,16,1041.8,66.0,828.3199999999999,829.12,1,-1,-1,-1
1550,16,1043.65,66.0,827.6599999999999,829.46,1,-1,-1,-1
1551,16,1045.5,66.0,827.0,829.8,1,-1,-1,-1
1552,16,1046.88,65.8,828.6899999999998,830.4100000000001,1,-1,-1,-1
1553,16,1048.26,65.6,830.3800000000001,831.02,1,-1,-1,-1
1554,16,1049.64,65.4,832.0699999999999,831.63,1,-1,-1,-1
1555,16,1051.02,65.2,833.76,832.24,1,-1,-1,-1
1556,16,1052.4,65.0,835.4499999999998,832.85,1,-1,-1,-1
1557,16,1053.78,64.8,837.1400000000001,833.46,1,-1,-1,-1
1558,16,1055.16,64.6,838.8299999999999,834.0699999999999,1,-1,-1,-1
1559,16,1056.54,64.4,840.52,834.6800000000001,1,-1,-1,-1
1560,16,1057.92,64.2,842.21,835.29,1,-1,-1,-1
1561,16,1059.3,64.0,843.9000000000001,835.9,1,-1,-1,-1
1562,16,1060.53,62.73,846.8700000000001,837.17,1,-1,-1,-1
1563,16,1061.75,61.45,849.8499999999999,838.4499999999999,1,-1,-1,-1
1564,16,1062.97,60.17,852.8299999999999,839.73,1,-1,-1,-1
1565,16,1064.2,58.9,855.8,841.0,1,-1,-1,-1
1566,16,1064.2,54.6,855.8,848.1,1,-1,-1,-1
1567,16,1065.68,52.9,854.3199999999999,851.5,1,-1,-1,-1
1568,16,1067.16,51.2,852.8399999999999,854.9,1,-1,-1,-1
1569,16,1068.64,49.5,851.3599999999999,858.3,1,-1,-1,-1
1570,16,1070.12,47.8,849.8800000000001,861.7,1,-1,-1,-1
1571,16,1071.6,46.1,848.4000000000001,865.1,1,-1,-1,-1
1572,16,1072.67,44.11,847.3299999999999,867.09,1,-1,-1,-1
1573,16,1073.74,42.12,846.26,869.08,1,-1,-1,-1
1574,16,1074.81,40.13,845.19,871.07,1,-1,-1,-1
1575,16,1075.88,38.14,844.1199999999999,873.0600000000001,1,-1,-1,-1
1576,16,1076.95,36.15,843.05,875.0500000000001,1,-1,-1,-1
1577,16,1078.02,34.16,841.98,877.0400000000001,1,-1,-1,-1
1578,16,1079.09,32.17,840.9100000000001,879.0300000000001,1,-1,-1,-1
1579,16,1080.16,30.18,839.8399999999999,881.0200000000001,1,-1,-1,-1
1580,16,1081.23,28.19,838.77,883.01,1,-1,-1,-1
1581,16,1082.3,26.2,837.7,885.0,1,-1,-1,-1
1582,16,1083.53,21.94,836.47,890.2399999999999,1,-1,-1,-1
1583,16,1084.76,17.68,835.24,895.48,1,-1,-1,-1
1584,16,1085.99,13.42,834.01,900.72,1,-1,-1,-1
1585,16,1087.22,9.16,832.78,905.96,1,-1,-1,-1
1586,16,1088.45,4.9,831.55,911.2,1,-1,-1,-1
1587,16,1089.68,3.92,830.3199999999999,913.1600000000001,1,-1,-1,-1
1588,16,1090.91,2.94,829.0899999999999,915.1199999999999,1,-1,-1,-1
1589,16,1092.14,1.96,827.8599999999999,917.0799999999999,1,-1,-1,-1
1590,16,1093.37,0.98,826.6300000000001,919.04,1,-1,-1,-1
1591,16,1094.6,0.0,825.4000000000001,921.0,1,-1,-1,-1
1592,16,1095.35,0.0,824.6500000000001,921.0,1,-1,-1,-1
1593,16,1096.1,0.0,823.9000000000001,921.0,1,-1,-1,-1
1594,16,1096.85,0.0,823.1500000000001,921.0,1,-1,-1,-1
1595,16,1097.6,0.0,822.4000000000001,921.0,1,-1,-1,-1
1596,16,1098.35,0.0,821.6500000000001,921.0,1,-1,-1,-1
1597,16,1099.1,0.0,820.9000000000001,921.0,1,-1,-1,-1
1598,16,1099.85,0.0,820.1500000000001,921.0,1,-1,-1,-1
1599,16,1100.6,0.0,819.4000000000001,921.0,1,-1,-1,-1
1600,16,1101.35,0.0,818.6500000000001,921.0,1,-1,-1,-1
1601,16,1102.1,0.0,817.9000000000001,921.0,1,-1,-1,-1
1602,16,1103.26,0.0,816.74,921.0,1,-1,-1,-1
1603,16,1104.42,0.0,815.5799999999999,921.0,1,-1,-1,-1
1604,16,1105.58,0.0,814.4200000000001,921.0,1,-1,-1,-1
1605,16,1106.74,0.0,813.26,921.0,1,-1,-1,-1
1606,16,1107.9,0.0,812.0999999999999,921.0,1,-1,-1,-1
1607,16,1109.06,0.0,810.94,921.0,1,-1,-1,-1
1608,16,1110.22,0.0,809.78,921.0,1,-1,-1,-1
1609,16,1111.38,0.0,808.6199999999999,921.0,1,-1,-1,-1
1610,16,1112.54,0.0,807.46,921.0,1,-1,-1,-1
1611,16,1113.7,0.0,806.3,921.0,1,-1,-1,-1
1612,16,1114.59,0.0,805.4100000000001,921.0,1,-1,-1,-1
1613,16,1115.48,0.0,804.52,921.0,1,-1,-1,-1
1614,16,1116.37,0.0,803.6300000000001,921.0,1,-1,-1,-1
1615,16,1117.26,0.0,802.74,921.0,1,-1,-1,-1
1616,16,1118.15,0.0,801.8499999999999,921.0,1,-1,-1,-1
1617,16,1119.04,0.0,800.96,921.0,1,-1,-1,-1
1618,16,1119.93,0.0,800.0699999999999,921.0,1,-1,-1,-1
1619,16,1120.82,0.0,799.1800000000001,921.0,1,-1,-1,-1
1620,16,1121.71,0.0,798.29,921.0,1,-1,-1,-1
1621,16,1122.6,0.0,797.4000000000001,921.0,1,-1,-1,-1
1622,16,1123.97,0.0,796.03,923.66,1,-1,-1,-1
1623,16,1125.34,0.0,794.6600000000001,926.32,1,-1,-1,-1
1624,16,1126.71,0.0,793.29,928.98,1,-1,-1,-1
1625,16,1128.08,0.0,791.9200000000001,931.64,1,-1,-1,-1
1626,16,1129.45,0.0,790.55,934.3,1,-1,-1,-1
1627,16,1130.82,0.0,789.1800000000001,936.96,1,-1,-1,-1
1628,16,1132.19,0.0,787.81,939.62,1,-1,-1,-1
1629,16,1133.56,0.0,786.44,942.28,1,-1,-1,-1
1630,16,1134.93,0.0,785.0699999999999,944.94,1,-1,-1,-1
1631,16,1136.3,0.0,783.7,947.6,1,-1,-1,-1
1632,16,1137.72,0.0,782.28,948.82,1,-1,-1,-1
1633,16,1139.14,0.0,780.8599999999999,950.04,1,-1,-1,-1
1634,16,1140.56,0.0,779.44,951.26,1,-1,-1,-1
1635,16,1141.98,0.0,778.02,952.48,1,-1,-1,-1
1636,16,1143.4,0.0,776.5999999999999,953.7,1,-1,-1,-1
1637,16,1144.82,0.0,775.1800000000001,954.92,1,-1,-1,-1
1638,16,1146.24,0.0,773.76,956.14,1,-1,-1,-1
1639,16,1147.66,0.0,772.3399999999999,957.36,1,-1,-1,-1
1640,16,1149.08,0.0,770.9200000000001,958.58,1,-1,-1,-1
1641,16,1150.5,0.0,769.5,959.8,1,-1,-1,-1
1642,16,1152.08,0.0,767.9200000000001,959.8,1,-1,-1,-1
1643,16,1153.66,0.0,766.3399999999999,959.8,1,-1,-1,-1
1644,16,1155.24,0.0,764.76,959.8,1,-1,-1,-1
1645,16,1156.82,0.0,763.1800000000001,959.8,1,-1,-1,-1
1646,16,1158.4,0.0,761.5999999999999,959.8,1,-1,-1,-1
1647,16,1159.98,0.0,760.02,959.8,1,-1,-1,-1
1648,16,1161.56,0.0,758.44,959.8,1,-1,-1,-1
1649,16,1163.14,0.0,756.8599999999999,959.8,1,-1,-1,-1
1650,16,1164.72,0.0,755.28,959.8,1,-1,-1,-1
1651,16,1166.3,0.0,753.7,959.8,1,-1,-1,-1
1652,16,1168.28,0.0,751.72,959.8,1,-1,-1,-1
1653,16,1170.26,0.0,749.74,959.8,1,-1,-1,-1
1654,16,1172.24,0.0,747.76,959.8,1,-1,-1,-1
1655,16,1174.22,0.0,745.78,959.8,1,-1,-1,-1
1656,16,1176.2,0.0,743.8,959.8,1,-1,-1,-1
1657,16,1178.18,0.0,741.8199999999999,959.8,1,-1,-1,-1
1658,16,1180.16,0.0,739.8399999999999,959.8,1,-1,-1,-1
1659,16,1182.14,0.0,737.8599999999999,959.8,1,-1,-1,-1
1660,16,1184.12,0.0,735.8800000000001,959.8,1,-1,-1,-1
1661,16,1186.1,0.0,733.9000000000001,959.8,1,-1,-1,-1
1662,16,1188.24,0.0,731.76,959.8,1,-1,-1,-1
1663,16,1190.38,0.0,729.6199999999999,959.8,1,-1,-1,-1
1664,16,1192.52,0.0,727.48,959.8,1,-1,-1,-1
1665,16,1194.66,0.0,725.3399999999999,959.8,1,-1,-1,-1
1666,16,1196.8,0.0,723.2,959.8,1,-1,-1,-1
1667,16,1198.94,0.0,721.06,959.8,1,-1,-1,-1
1668,16,1201.08,0.0,718.9200000000001,959.8,1,-1,-1,-1
1669,16,1203.22,0.0,716.78,959.8,1,-1,-1,-1
1670,16,1205.36,0.0,714.6400000000001,959.8,1,-1,-1,-1
1671,16,1207.5,0.0,712.5,959.8,1,-1,-1,-1
1672,16,1209.57,0.0,710.4300000000001,959.8,1,-1,-1,-1
1673,16,1211.64,0.0,708.3599999999999,959.8,1,-1,-1,-1
1674,16,1213.71,0.0,706.29,959.8,1,-1,-1,-1
1675,16,1215.78,0.0,704.22,959.8,1,-1,-1,-1
1676,16,1217.85,0.0,702.1500000000001,959.8,1,-1,-1,-1
1677,16,1219.92,0.0,700.0799999999999,959.8,1,-1,-1,-1
1678,16,1221.99,0.0,698.01,959.8,1,-1,-1,-1
1679,16,1224.06,0.0,695.94,959.8,1,-1,-1,-1
1680,16,1226.13,0.0,693.8699999999999,959.8,1,-1,-1,-1
1681,16,1228.2,0.0,691.8,959.8,1,-1,-1,-1
1682,16,1230.19,0.0,689.81,959.8,1,-1,-1,-1
1683,16,1232.18,0.0,687.8199999999999,959.8,1,-1,-1,-1
1684,16,1234.17,0.0,685.8299999999999,959.8,1,-1,-1,-1
1685,16,1236.16,0.0,683.8399999999999,959.8,1,-1,-1,-1
1686,16,1238.15,0.0,681.8499999999999,959.8,1,-1,-1,-1
1687,16,1240.14,0.0,679.8599999999999,959.8,1,-1,-1,-1
1688,16,1242.13,0.0,677.8699999999999,959.8,1,-1,-1,-1
1689,16,1244.12,0.0,675.8800000000001,959.8,1,-1,-1,-1
1690,16,1246.11,0.0,673.8900000000001,959.8,1,-1,-1,-1
1691,16,1248.1,0.0,671.9000000000001,959.8,1,-1,-1,-1
1692,16,1250.17,0.0,669.8299999999999,959.8,1,-1,-1,-1
1693,16,1252.24,0.0,667.76,959.8,1,-1,-1,-1
1694,16,1254.31,0.0,665.69,959.8,1,-1,-1,-1
1695,16,1256.38,0.0,663.6199999999999,959.8,1,-1,-1,-1
1696,16,1258.45,0.0,661.55,959.8,1,-1,-1,-1
1697,16,1260.52,0.0,659.48,959.8,1,-1,-1,-1
1698,16,1262.59,0.0,657.4100000000001,959.8,1,-1,-1,-1
1699,16,1264.66,0.0,655.3399999999999,959.8,1,-1,-1,-1
1700,16,1266.73,0.0,653.27,959.8,1,-1,-1,-1
1701,16,1268.8,0.0,651.2,959.8,1,-1,-1,-1
1702,16,1270.38,0.0,649.6199999999999,959.8,1,-1,-1,-1
1703,16,1271.96,0.0,648.04,959.8,1,-1,-1,-1
1704,16,1273.54,0.0,646.46,959.8,1,-1,-1,-1
1705,16,1275.12,0.0,644.8800000000001,959.8,1,-1,-1,-1
1706,16,1276.7,0.0,643.3,959.8,1,-1,-1,-1
1707,16,1278.28,0.0,641.72,959.8,1,-1,-1,-1
1708,16,1279.86,0.0,640.1400000000001,959.8,1,-1,-1,-1
1709,16,1281.44,0.0,638.56,959.8,1,-1,-1,-1
1710,16,1283.02,0.0,636.98,959.8,1,-1,-1,-1
1711,16,1284.6,0.0,635.4000000000001,959.8,1,-1,-1,-1
1712,16,1285.31,0.0,634.69,959.8,1,-1,-1,-1
1713,16,1286.02,0.0,633.98,959.8,1,-1,-1,-1
1714,16,1286.73,0.0,633.27,959.8,1,-1,-1,-1
1715,16,1287.44,0.0,632.56,959.8,1,-1,-1,-1
1716,16,1288.15,0.0,631.8499999999999,959.8,1,-1,-1,-1
1717,16,1288.86,0.0,631.1400000000001,959.8,1,-1,-1,-1
1718,16,1289.57,0.0,630.4300000000001,959.8,1,-1,-1,-1
1719,16,1290.28,0.0,629.72,959.8,1,-1,-1,-1
1720,16,1290.99,0.0,629.01,959.8,1,-1,-1,-1
1721,16,1291.7,0.0,628.3,959.8,1,-1,-1,-1
1722,16,1291.49,0.0,628.51,959.8,1,-1,-1,-1
1723,16,1291.27,0.0,628.73,959.8,1,-1,-1,-1
1724,16,1291.06,0.0,628.94,959.8,1,-1,-1,-1
1725,16,1290.84,0.0,629.1600000000001,959.8,1,-1,-1,-1
1726,16,1290.62,0.0,629.3800000000001,959.8,1,-1,-1,-1
1727,16,1290.41,0.0,629.5899999999999,959.8,1,-1,-1,-1
1728,16,1290.2,0.0,629.8,959.8,1,-1,-1,-1
1729,16,1289.98,0.0,630.02,959.8,1,-1,-1,-1
1730,16,1289.77,0.0,630.23,959.8,1,-1,-1,-1
1731,16,1289.55,0.0,630.45,959.8,1,-1,-1,-1
1732,16,1289.34,0.0,630.6600000000001,959.8,1,-1,-1,-1
1733,16,1289.12,0.0,630.8800000000001,959.8,1,-1,-1,-1
1734,16,1288.9,0.0,631.0999999999999,959.8,1,-1,-1,-1
1735,16,1288.69,0.0,631.31,959.8,1,-1,-1,-1
1736,16,1288.48,0.0,631.52,959.8,1,-1,-1,-1
1737,16,1288.26,0.0,631.74,959.8,1,-1,-1,-1
1738,16,1288.05,0.0,631.95,959.8,1,-1,-1,-1
1739,16,1287.83,0.0,632.1700000000001,959.8,1,-1,-1,-1
1740,16,1287.62,0.0,632.3800000000001,959.8,1,-1,-1,-1
1741,16,1287.4,0.0,632.5999999999999,959.8,1,-1,-1,-1
1742,16,1286.69,0.0,633.31,959.8,1,-1,-1,-1
1743,16,1285.98,0.0,634.02,959.8,1,-1,-1,-1
1744,16,1285.27,0.0,634.73,959.8,1,-1,-1,-1
1745,16,1284.56,0.0,635.44,959.8,1,-1,-1,-1
1746,16,1283.85,0.0,636.1500000000001,959.8,1,-1,-1,-1
1747,16,1283.14,0.0,636.8599999999999,959.8,1,-1,-1,-1
1748,16,1282.43,0.0,637.5699999999999,959.8,1,-1,-1,-1
1749,16,1281.72,0.0,638.28,959.8,1,-1,-1,-1
1750,16,1281.01,0.0,638.99,959.8,1,-1,-1,-1
1751,16,1280.3,0.0,639.7,959.8,1,-1,-1,-1
1752,16,1278.88,0.0,641.1199999999999,959.8,1,-1,-1,-1
1753,16,1277.46,0.0,642.54,959.8,1,-1,-1,-1
1754,16,1276.04,0.0,643.96,959.8,1,-1,-1,-1
1755,16,1274.62,0.0,645.3800000000001,959.8,1,-1,-1,-1
1756,16,1273.2,0.0,646.8,959.8,1,-1,-1,-1
1757,16,1271.78,0.0,648.22,959.8,1,-1,-1,-1
1758,16,1270.36,0.0,649.6400000000001,959.8,1,-1,-1,-1
1759,16,1268.94,0.0,651.06,959.8,1,-1,-1,-1
1760,16,1267.52,0.0,652.48,959.8,1,-1,-1,-1
1761,16,1266.1,0.0,653.9000000000001,959.8,1,-1,-1,-1
1762,16,1264.46,0.0,655.54,959.8,1,-1,-1,-1
1763,16,1262.82,0.0,657.1800000000001,959.8,1,-1,-1,-1
1764,16,1261.18,0.0,658.8199999999999,959.8,1,-1,-1,-1
1765,16,1259.54,0.0,660.46,959.8,1,-1,-1,-1
1766,16,1257.9,0.0,662.0999999999999,959.8,1,-1,-1,-1
1767,16,1256.26,0.0,663.74,959.8,1,-1,-1,-1
1768,16,1254.62,0.0,665.3800000000001,959.8,1,-1,-1,-1
1769,16,1252.98,0.0,667.02,959.8,1,-1,-1,-1
1770,16,1251.34,0.0,668.6600000000001,959.8,1,-1,-1,-1
1771,16,1249.7,0.0,670.3,959.8,1,-1,-1,-1
1772,16,1246.86,0.0,673.1400000000001,959.8,1,-1,-1,-1
1773,16,1244.02,0.0,675.98,959.8,1,-1,-1,-1
1774,16,1241.18,0.0,678.8199999999999,959.8,1,-1,-1,-1
1775,16,1238.34,0.0,681.6600000000001,959.8,1,-1,-1,-1
1776,16,1235.5,0.0,684.5,959.8,1,-1,-1,-1
1777,16,1232.66,0.0,687.3399999999999,959.8,1,-1,-1,-1
1778,16,1229.82,0.0,690.1800000000001,959.8,1,-1,-1,-1
1779,16,1226.98,0.0,693.02,959.8,1,-1,-1,-1
1780,16,1224.14,0.0,695.8599999999999,959.8,1,-1,-1,-1
1781,16,1221.3,0.0,698.7,959.8,1,-1,-1,-1
1782,16,1218.6,0.0,701.4000000000001,959.8,1,-1,-1,-1
1783,16,1215.9,0.0,704.0999999999999,959.8,1,-1,-1,-1
1784,16,1213.2,0.0,706.8,959.8,1,-1,-1,-1
1785,16,1210.5,0.0,709.5,959.8,1,-1,-1,-1
1786,16,1207.8,0.0,712.2,959.8,1,-1,-1,-1
1787,16,1205.1,0.0,714.9000000000001,959.8,1,-1,-1,-1
1788,16,1202.4,0.0,717.5999999999999,959.8,1,-1,-1,-1
1789,16,1199.7,0.0,720.3,959.8,1,-1,-1,-1
1790,16,1197.0,0.0,723.0,959.8,1,-1,-1,-1
1791,16,1194.3,0.0,725.7,959.8,1,-1,-1,-1
1792,16,1191.34,0.0,728.6600000000001,959.8,1,-1,-1,-1
1793,16,1188.39,0.0,731.6099999999999,959.8,1,-1,-1,-1
1794,16,1185.43,0.0,734.5699999999999,959.8,1,-1,-1,-1
1795,16,1182.48,0.0,737.52,959.8,1,-1,-1,-1
1796,16,1179.52,0.0,740.48,959.8,1,-1,-1,-1
1797,16,1176.57,0.0,743.4300000000001,959.8,1,-1,-1,-1
1798,16,1173.61,0.0,746.3900000000001,959.8,1,-1,-1,-1
1799,16,1170.66,0.0,749.3399999999999,959.8,1,-1,-1,-1
1800,16,1167.7,0.0,752.3,959.8,1,-1,-1,-1
