1,16,1023.91,431.96,205.7700000000001,278.19,1,-1,-1,-1
2,16,1026.01,429.15,210.67000000000007,282.38,1,-1,-1,-1
3,16,1028.1,426.34,215.58000000000015,286.58,1,-1,-1,-1
4,16,1030.2,423.52,220.49,290.78,1,-1,-1,-1
5,16,1032.29,420.71,225.4000000000001,294.9800000000001,1,-1,-1,-1
6,16,1034.39,417.9,230.29999999999995,299.1700000000001,1,-1,-1,-1
7,16,1036.49,413.66,235.20000000000005,304.8,1,-1,-1,-1
8,16,1038.58,409.42,240.11000000000013,310.42,1,-1,-1,-1
9,16,1040.68,405.17,245.01999999999998,316.06,1,-1,-1,-1
10,16,1042.77,400.93,249.93000000000006,321.68,1,-1,-1,-1
11,16,1044.87,396.69,254.83000000000015,327.31,1,-1,-1,-1
12,16,1047.22,391.88,262.3499999999999,334.06000000000006,1,-1,-1,-1
13,16,1049.58,387.07,269.8600000000001,340.81,1,-1,-1,-1
14,16,1051.93,382.26,277.3799999999999,347.56000000000006,1,-1,-1,-1
15,16,1054.29,377.45,284.8900000000001,354.31,1,-1,-1,-1
16,16,1056.64,372.64,292.40999999999985,361.06000000000006,1,-1,-1,-1
17,16,1058.99,367.83,299.93000000000006,367.81,1,-1,-1,-1
18,16,1061.35,363.02,307.44000000000005,374.56000000000006,1,-1,-1,-1
19,16,1063.7,358.21,314.96000000000004,381.31,1,-1,-1,-1
20,16,1066.06,353.4,322.47,388.06000000000006,1,-1,-1,-1
21,16,1068.41,348.59,329.99,394.81,1,-1,-1,-1
22,16,1070.99,343.43,341.27,404.08,1,-1,-1,-1
23,16,1073.56,338.27,352.55999999999995,413.35,1,-1,-1,-1
24,16,1076.14,333.12,363.8399999999999,422.61,1,-1,-1,-1
25,16,1078.71,327.96,375.1299999999999,431.88000000000005,1,-1,-1,-1
26,16,1081.29,322.8,386.4100000000001,441.15000000000003,1,-1,-1,-1
27,16,1083.87,314.7,397.69000000000005,453.35999999999996,1,-1,-1,-1
28,16,1086.45,306.6,408.97,465.56999999999994,1,-1,-1,-1
29,16,1089.02,298.5,420.26,477.78,1,-1,-1,-1
30,16,1091.6,290.4,431.5400000000002,489.99,1,-1,-1,-1
31,16,1094.18,282.3,442.81999999999994,502.2,1,-1,-1,-1
32,16,1097.02,270.0,459.94000000000005,518.2,1,-1,-1,-1
33,16,1099.87,257.7,477.0500000000002,534.2,1,-1,-1,-1
34,16,1102.71,245.4,494.1700000000001,550.2,1,-1,-1,-1
35,16,1105.56,231.65,511.28,567.65,1,-1,-1,-1
36,16,1108.4,217.9,528.3999999999999,585.1,1,-1,-1,-1
37,16,1113.7,202.55,545.52,605.9100000000001,1,-1,-1,-1
38,16,1118.99,187.2,562.6500000000001,626.72,1,-1,-1,-1
39,16,1124.29,171.85,579.77,647.53,1,-1,-1,-1
40,16,1129.58,156.5,596.9000000000001,668.34,1,-1,-1,-1
41,16,1134.88,141.15,614.02,689.15,1,-1,-1,-1
42,16,1137.1,121.7,641.8800000000001,719.03,1,-1,-1,-1
43,16,1139.33,102.25,669.73,748.91,1,-1,-1,-1
44,16,1141.55,82.8,697.5900000000001,778.7900000000001,1,-1,-1,-1
45,16,1143.78,63.35,725.44,808.67,1,-1,-1,-1
46,16,1146.0,43.9,753.3,838.5500000000001,1,-1,-1,-1
47,16,1151.92,19.9,768.0799999999999,872.98,1,-1,-1,-1
48,16,1157.84,0.0,762.1600000000001,903.31,1,-1,-1,-1
49,16,1163.76,0.0,756.24,913.74,1,-1,-1,-1
50,16,1169.67,0.0,750.3299999999999,924.17,1,-1,-1,-1
51,16,1175.59,0.0,744.4100000000001,934.6,1,-1,-1,-1
52,16,1181.33,0.0,738.6700000000001,934.6,1,-1,-1,-1
53,16,1187.06,0.0,732.94,934.6,1,-1,-1,-1
54,16,1192.8,0.0,727.2,934.6,1,-1,-1,-1
55,16,1201.05,0.0,718.95,934.6,1,-1,-1,-1
56,16,1209.3,0.0,710.7,934.6,1,-1,-1,-1
57,16,1218.08,0.0,701.9200000000001,934.6,1,-1,-1,-1
58,16,1226.86,0.0,693.1400000000001,934.6,1,-1,-1,-1
59,16,1235.64,0.0,684.3599999999999,934.6,1,-1,-1,-1
60,16,1244.42,0.0,675.5799999999999,934.6,1,-1,-1,-1
61,16,1253.2,0.0,666.8,934.6,1,-1,-1,-1
62,16,1264.98,0.0,655.02,934.6,1,-1,-1,-1
63,16,1276.76,0.0,643.24,934.6,1,-1,-1,-1
64,16,1288.54,0.0,631.46,934.6,1,-1,-1,-1
65,16,1300.32,0.0,619.6800000000001,934.6,1,-1,-1,-1
66,16,1312.1,0.0,607.9000000000001,934.6,1,-1,-1,-1
67,16,1327.46,0.0,592.54,934.6,1,-1,-1,-1
68,16,1342.82,0.0,577.1800000000001,934.6,1,-1,-1,-1
69,16,1358.18,0.0,561.8199999999999,934.6,1,-1,-1,-1
70,16,1373.54,0.0,546.46,934.6,1,-1,-1,-1
71,16,1388.9,0.0,531.0999999999999,934.6,1,-1,-1,-1
72,16,1412.38,0.0,507.6199999999999,934.6,1,-1,-1,-1
73,16,1435.86,0.0,484.1400000000001,934.6,1,-1,-1,-1
74,16,1459.34,0.0,460.6600000000001,934.6,1,-1,-1,-1
75,16,1482.82,0.0,437.18000000000006,934.6,1,-1,-1,-1
76,16,1506.3,0.0,413.70000000000005,934.6,1,-1,-1,-1
77,16,1540.08,0.0,379.9200000000001,934.6,1,-1,-1,-1
78,16,1573.85,0.0,346.1500000000001,934.6,1,-1,-1,-1
79,16,1607.62,0.0,312.3800000000001,934.6,1,-1,-1,-1
80,16,1641.4,0.0,278.5999999999999,934.6,1,-1,-1,-1
81,16,1684.7,0.0,235.29999999999995,934.6,1,-1,-1,-1
82,16,1731.5,24.9,188.5,909.7,1,-1,-1,-1
83,16,1778.3,159.8,141.70000000000005,774.8,1,-1,-1,-1
84,16,1825.1,171.0,94.90000000000009,763.6,1,-1,-1,-1
85,16,1881.4,200.4,38.59999999999991,734.2,1,-1,-1,-1
720,13,918.19,599.17,79.52999999999997,63.389999999999986,1,-1,-1,-1
721,13,917.95,598.74,80.25,63.460000000000036,1,-1,-1,-1
722,13,918.86,599.0,79.91999999999996,63.34000000000003,1,-1,-1,-1
723,13,919.77,599.26,79.59000000000003,63.22000000000003,1,-1,-1,-1
724,13,920.69,599.51,79.25,63.110000000000014,1,-1,-1,-1
727,13,922.18,600.01,79.16000000000008,63.16999999999996,1,-1,-1,-1
728,13,921.85,599.99,79.73000000000002,63.47000000000003,1,-1,-1,-1
729,13,921.52,599.98,80.30000000000007,63.75999999999999,1,-1,-1,-1
730,13,921.19,599.96,80.86999999999989,64.05999999999995,1,-1,-1,-1
731,13,920.86,599.94,81.43999999999994,64.3599999999999,1,-1,-1,-1
732,13,921.99,599.56,80.95000000000005,64.30000000000007,1,-1,-1,-1
733,13,923.13,599.19,80.45000000000005,64.2299999999999,1,-1,-1,-1
734,13,924.26,598.81,79.96000000000004,64.17000000000007,1,-1,-1,-1
735,13,925.4,598.44,79.46000000000004,64.09999999999991,1,-1,-1,-1
736,13,926.53,598.06,78.97000000000003,64.04000000000008,1,-1,-1,-1
737,13,926.9,597.61,79.15999999999997,64.38999999999999,1,-1,-1,-1
738,13,927.28,597.17,79.34000000000003,64.73000000000002,1,-1,-1,-1
739,13,927.65,596.72,79.52999999999997,65.07999999999993,1,-1,-1,-1
740,13,928.03,596.28,79.71000000000004,65.42000000000007,1,-1,-1,-1
741,13,928.4,595.83,79.89999999999998,65.76999999999998,1,-1,-1,-1
742,13,929.02,596.02,79.63999999999999,65.76999999999998,1,-1,-1,-1
743,13,929.64,596.2,79.38,65.76999999999998,1,-1,-1,-1
744,13,930.25,596.39,79.13,65.76999999999998,1,-1,-1,-1
745,13,930.87,596.57,78.87,65.76999999999998,1,-1,-1,-1
746,13,931.49,596.76,78.61000000000001,65.76999999999998,1,-1,-1,-1
747,13,931.69,596.8,78.63,66.54000000000008,1,-1,-1,-1
748,13,931.89,597.8,78.64999999999998,66.34000000000003,1,-1,-1,-1
749,13,932.1,598.79,78.65999999999997,66.16000000000008,1,-1,-1,-1
750,13,932.3,599.79,78.68000000000006,65.96000000000004,1,-1,-1,-1
751,13,932.5,600.79,78.70000000000005,65.76999999999998,1,-1,-1,-1
752,13,931.31,601.15,78.97000000000003,66.04000000000008,1,-1,-1,-1
753,13,930.12,601.51,79.24000000000001,66.31000000000006,1,-1,-1,-1
754,13,928.92,601.88,79.5200000000001,66.56000000000006,1,-1,-1,-1
755,13,927.73,602.24,79.78999999999996,66.83000000000004,1,-1,-1,-1
756,13,926.54,602.6,80.06000000000006,67.10000000000002,1,-1,-1,-1
757,13,923.83,602.55,80.75,66.87,1,-1,-1,-1
758,13,921.12,602.5,81.43999999999994,66.63999999999999,1,-1,-1,-1
759,13,918.4,602.44,82.13999999999999,66.41999999999996,1,-1,-1,-1
760,13,915.69,602.39,82.82999999999993,66.19000000000005,1,-1,-1,-1
761,13,912.98,602.34,83.51999999999998,65.95999999999992,1,-1,-1,-1
762,13,910.35,602.08,82.90999999999997,65.95999999999992,1,-1,-1,-1
763,13,907.72,601.82,82.29999999999995,65.95999999999992,1,-1,-1,-1
764,13,905.09,601.56,81.68999999999994,65.96000000000004,1,-1,-1,-1
765,13,902.46,601.3,81.07999999999993,65.96000000000004,1,-1,-1,-1
766,13,899.83,601.04,80.46999999999991,65.96000000000004,1,-1,-1,-1
767,13,895.89,601.33,80.33000000000004,65.95999999999992,1,-1,-1,-1
768,13,891.94,601.63,80.19999999999993,65.96000000000004,1,-1,-1,-1
769,13,888.0,601.92,80.05999999999995,65.96000000000004,1,-1,-1,-1
770,13,884.05,602.22,79.93000000000006,65.95999999999992,1,-1,-1,-1
771,13,880.11,602.51,79.78999999999996,65.96000000000004,1,-1,-1,-1
772,13,875.57,602.03,79.90999999999997,66.49000000000001,1,-1,-1,-1
773,13,871.03,601.55,80.02999999999997,67.00999999999999,1,-1,-1,-1
774,13,866.5,601.07,80.13999999999999,67.53999999999996,1,-1,-1,-1
775,13,861.96,600.59,80.25999999999999,68.05999999999995,1,-1,-1,-1
776,13,857.42,600.11,80.38,68.59000000000003,1,-1,-1,-1
777,13,852.95,599.63,80.2299999999999,68.09000000000003,1,-1,-1,-1
778,13,848.48,599.15,80.07999999999993,67.59000000000003,1,-1,-1,-1
779,13,844.02,598.67,79.92000000000007,67.09000000000003,1,-1,-1,-1
780,13,839.55,598.19,79.7700000000001,66.58999999999992,1,-1,-1,-1
781,13,835.08,597.71,79.62,66.08999999999992,1,-1,-1,-1
782,13,831.42,597.5,79.78000000000009,66.44000000000005,1,-1,-1,-1
783,13,827.76,597.29,79.93000000000006,66.79000000000008,1,-1,-1,-1
784,13,824.11,597.09,80.08000000000004,67.13,1,-1,-1,-1
785,13,820.45,596.88,80.2299999999999,67.48000000000002,1,-1,-1,-1
786,13,816.79,596.67,80.38999999999999,67.83000000000004,1,-1,-1,-1
787,13,815.0,597.22,80.53999999999996,67.62,1,-1,-1,-1
788,13,813.21,597.77,80.69999999999993,67.40999999999997,1,-1,-1,-1
789,13,811.41,598.33,80.86000000000001,67.18999999999994,1,-1,-1,-1
790,13,809.62,598.88,81.01999999999998,66.98000000000002,1,-1,-1,-1
791,13,807.83,599.43,81.16999999999996,66.7700000000001,1,-1,-1,-1
792,13,808.62,599.32,81.29999999999995,66.81999999999994,1,-1,-1,-1
793,13,809.4,599.22,81.44000000000005,66.86000000000001,1,-1,-1,-1
794,13,810.19,599.11,81.56999999999994,66.90999999999997,1,-1,-1,-1
795,13,810.97,599.01,81.70999999999992,66.95000000000005,1,-1,-1,-1
796,13,811.76,598.9,81.84000000000003,67.0,1,-1,-1,-1
797,13,814.33,598.52,81.99000000000001,66.58000000000004,1,-1,-1,-1
798,13,817.52,598.14,82.14999999999998,66.84000000000003,1,-1,-1,-1
799,13,820.71,597.76,82.29999999999995,67.09000000000003,1,-1,-1,-1
800,13,823.9,597.38,82.46000000000004,67.35000000000002,1,-1,-1,-1
801,13,827.09,597.0,82.61000000000001,67.60000000000002,1,-1,-1,-1
802,13,832.15,596.95,82.71000000000004,67.62,1,-1,-1,-1
803,13,837.21,596.9,82.80999999999995,67.63999999999999,1,-1,-1,-1
804,13,842.26,596.85,82.91999999999996,67.66999999999996,1,-1,-1,-1
805,13,847.32,596.8,83.01999999999998,67.69000000000005,1,-1,-1,-1
806,13,852.38,596.75,83.12,67.71000000000004,1,-1,-1,-1
807,13,858.96,596.36,83.21999999999991,67.73000000000002,1,-1,-1,-1
808,13,865.54,595.96,83.32000000000005,67.75999999999999,1,-1,-1,-1
809,13,872.12,595.57,83.41999999999996,67.76999999999998,1,-1,-1,-1
810,13,878.7,595.17,83.51999999999998,67.80000000000007,1,-1,-1,-1
811,13,885.28,594.78,83.62,67.82000000000005,1,-1,-1,-1
812,13,892.2,595.25,83.59999999999991,67.59000000000003,1,-1,-1,-1
813,13,899.12,595.71,83.58000000000004,67.37,1,-1,-1,-1
814,13,906.03,596.18,83.57000000000005,67.1400000000001,1,-1,-1,-1
815,13,912.95,596.64,83.54999999999995,66.91999999999996,1,-1,-1,-1
816,13,919.87,597.11,83.52999999999997,66.68999999999994,1,-1,-1,-1
817,13,926.37,597.02,83.59000000000003,66.74000000000001,1,-1,-1,-1
818,13,932.88,596.93,83.63999999999999,66.79000000000008,1,-1,-1,-1
819,13,939.38,596.84,83.70000000000005,66.83999999999992,1,-1,-1,-1
820,13,945.89,596.75,83.75000000000011,66.88999999999999,1,-1,-1,-1
821,13,952.39,596.66,83.81000000000006,66.94000000000005,1,-1,-1,-1
822,13,957.13,597.36,83.64999999999998,67.08000000000004,1,-1,-1,-1
823,13,961.87,598.07,83.4899999999999,67.20999999999992,1,-1,-1,-1
824,13,966.6,598.77,83.34000000000003,67.35000000000002,1,-1,-1,-1
825,13,971.34,599.48,83.17999999999995,67.48000000000002,1,-1,-1,-1
826,13,976.08,600.18,83.01999999999987,67.62,1,-1,-1,-1
827,13,979.18,600.47,82.91999999999996,67.75,1,-1,-1,-1
828,13,981.04,600.76,82.84000000000015,67.88,1,-1,-1,-1
829,13,982.9,601.05,82.75000000000011,68.00999999999999,1,-1,-1,-1
830,13,984.77,601.34,82.65000000000009,68.13999999999999,1,-1,-1,-1
831,13,986.63,601.63,82.57000000000005,68.26999999999998,1,-1,-1,-1
832,13,986.62,602.18,82.0200000000001,67.90000000000009,1,-1,-1,-1
833,13,986.61,602.73,81.46999999999991,67.52999999999997,1,-1,-1,-1
834,13,986.59,603.29,80.92999999999995,67.15000000000009,1,-1,-1,-1
835,13,986.58,603.84,80.38,66.77999999999997,1,-1,-1,-1
836,13,986.57,604.39,79.83000000000004,66.40999999999997,1,-1,-1,-1
837,13,985.52,604.04,79.29999999999995,65.66000000000008,1,-1,-1,-1
838,13,984.47,603.69,78.76999999999998,65.83999999999992,1,-1,-1,-1
839,13,983.42,603.35,78.24000000000012,66.0,1,-1,-1,-1
840,13,982.37,603.0,77.70999999999992,66.16999999999996,1,-1,-1,-1
841,13,981.32,602.66,77.17999999999995,66.34000000000003,1,-1,-1,-1
842,13,979.61,602.86,77.40999999999997,65.86000000000001,1,-1,-1,-1
843,13,977.9,603.07,77.63999999999999,65.37,1,-1,-1,-1
844,13,976.2,603.27,77.8599999999999,64.88999999999999,1,-1,-1,-1
845,13,974.49,603.48,78.08999999999992,64.39999999999998,1,-1,-1,-1
846,13,972.78,603.68,78.31999999999994,63.92000000000007,1,-1,-1,-1
1115,5,780.47,608.99,83.20999999999992,60.200000000000045,1,-1,-1,-1
1116,5,780.28,608.99,83.51999999999998,60.50999999999999,1,-1,-1,-1
1117,5,780.11,609.61,83.63,60.68999999999994,1,-1,-1,-1
1118,5,779.93,610.23,83.75,60.870000000000005,1,-1,-1,-1
1119,5,779.76,610.86,83.86000000000001,61.039999999999964,1,-1,-1,-1
1120,5,779.58,611.48,83.9799999999999,61.22000000000003,1,-1,-1,-1
1121,5,779.41,612.1,84.09000000000003,61.39999999999998,1,-1,-1,-1
1122,5,778.94,612.73,84.45999999999992,61.50999999999999,1,-1,-1,-1
1123,5,778.48,613.36,84.81999999999994,61.620000000000005,1,-1,-1,-1
1124,5,778.01,613.99,85.19000000000005,61.73000000000002,1,-1,-1,-1
1125,5,777.55,614.62,85.55000000000007,61.84000000000003,1,-1,-1,-1
1126,5,777.08,615.25,85.91999999999996,61.950000000000045,1,-1,-1,-1
1127,5,776.61,614.14,86.28999999999996,62.460000000000036,1,-1,-1,-1
1128,5,776.15,613.02,86.64999999999998,62.98000000000002,1,-1,-1,-1
1129,5,775.68,611.91,87.0200000000001,63.49000000000001,1,-1,-1,-1
1130,5,775.22,610.79,87.38,64.00999999999999,1,-1,-1,-1
1131,5,774.75,609.68,87.75,64.5200000000001,1,-1,-1,-1
1132,5,774.41,608.89,88.17000000000007,64.75999999999999,1,-1,-1,-1
1133,5,774.08,608.1,88.56999999999994,65.0,1,-1,-1,-1
1134,5,773.74,607.32,88.99000000000001,65.2299999999999,1,-1,-1,-1
1135,5,773.41,606.53,89.38999999999999,65.47000000000003,1,-1,-1,-1
1136,5,773.07,605.74,89.80999999999995,65.71000000000004,1,-1,-1,-1
1137,5,772.4,606.11,90.22000000000003,65.94999999999993,1,-1,-1,-1
1138,5,771.74,606.49,90.63,66.17999999999995,1,-1,-1,-1
1139,5,771.07,606.86,91.03999999999996,66.41999999999996,1,-1,-1,-1
1140,5,770.41,607.24,91.45000000000005,66.64999999999998,1,-1,-1,-1
1141,5,769.74,607.61,91.86000000000001,66.88999999999999,1,-1,-1,-1
1142,5,769.08,608.4,92.36000000000001,67.21000000000004,1,-1,-1,-1
1143,5,768.43,609.2,92.85000000000002,67.51999999999998,1,-1,-1,-1
1144,5,767.77,610.0,93.35000000000002,67.83000000000004,1,-1,-1,-1
1145,5,767.11,610.79,93.85000000000002,68.15000000000009,1,-1,-1,-1
1146,5,766.45,611.59,94.34999999999991,68.45999999999992,1,-1,-1,-1
1147,5,765.8,612.38,94.84000000000003,68.77999999999997,1,-1,-1,-1
1148,5,765.14,613.17,95.34000000000003,69.10000000000002,1,-1,-1,-1
1149,5,764.48,613.97,95.84000000000003,69.40999999999997,1,-1,-1,-1
1150,5,763.83,614.76,96.32999999999993,69.73000000000002,1,-1,-1,-1
1151,5,763.17,615.56,96.83000000000004,70.04000000000008,1,-1,-1,-1
1152,5,762.34,614.46,97.39999999999998,70.83999999999992,1,-1,-1,-1
1153,5,761.5,613.35,97.98000000000002,71.64999999999998,1,-1,-1,-1
1154,5,760.67,612.25,98.55000000000007,72.45000000000005,1,-1,-1,-1
1155,5,759.84,611.15,99.12,71.97000000000003,1,-1,-1,-1
1156,5,759.0,610.05,99.70000000000005,71.5,1,-1,-1,-1
1157,5,758.0,607.87,100.44000000000005,71.78999999999996,1,-1,-1,-1
1158,5,757.0,605.69,101.17999999999995,72.07999999999993,1,-1,-1,-1
1159,5,756.01,603.5,101.90999999999997,72.38,1,-1,-1,-1
1160,5,755.01,601.32,102.64999999999998,72.66999999999996,1,-1,-1,-1
1161,5,754.01,599.14,103.38999999999999,72.96000000000004,1,-1,-1,-1
1162,5,753.45,597.97,103.64999999999998,73.67999999999995,1,-1,-1,-1
1163,5,752.9,596.79,103.89999999999998,74.42000000000007,1,-1,-1,-1
1164,5,752.34,595.62,104.15999999999997,75.13999999999999,1,-1,-1,-1
1165,5,751.79,595.44,104.41000000000008,75.86999999999989,1,-1,-1,-1
1166,5,751.23,595.26,104.66999999999996,76.59000000000003,1,-1,-1,-1
1167,5,750.09,596.14,105.82999999999993,77.32000000000005,1,-1,-1,-1
1168,5,748.95,597.02,106.99000000000001,78.05000000000007,1,-1,-1,-1
1169,5,747.82,597.9,108.13999999999999,78.77999999999997,1,-1,-1,-1
1170,5,746.68,598.78,109.30000000000007,79.50999999999999,1,-1,-1,-1
1171,5,745.54,599.66,110.46000000000004,80.24000000000001,1,-1,-1,-1
1172,5,744.59,601.15,111.01999999999998,80.47000000000003,1,-1,-1,-1
1173,5,743.64,602.65,111.59000000000003,80.69000000000005,1,-1,-1,-1
1174,5,742.68,604.14,112.16000000000008,80.90999999999997,1,-1,-1,-1
1175,5,741.73,605.64,112.73000000000002,81.13,1,-1,-1,-1
1176,5,740.78,607.13,113.29000000000008,81.36000000000001,1,-1,-1,-1
1177,5,739.66,608.12,113.86000000000001,81.59000000000003,1,-1,-1,-1
1178,5,738.54,609.12,114.42000000000007,81.80999999999995,1,-1,-1,-1
1179,5,737.42,610.11,114.99000000000001,82.04999999999995,1,-1,-1,-1
1180,5,736.3,611.11,115.55000000000007,82.26999999999998,1,-1,-1,-1
1181,5,735.18,612.1,116.12,82.5,1,-1,-1,-1
1182,5,734.17,611.7,117.0200000000001,83.16999999999996,1,-1,-1,-1
1183,5,733.17,611.3,117.91000000000008,83.83000000000004,1,-1,-1,-1
1184,5,732.16,610.9,118.81000000000006,84.5,1,-1,-1,-1
1185,5,731.01,610.36,119.71000000000004,84.88,1,-1,-1,-1
1186,5,729.86,609.81,120.60000000000002,85.28000000000009,1,-1,-1,-1
1187,5,728.71,609.27,121.5,85.65999999999997,1,-1,-1,-1
1188,5,727.57,608.72,122.38999999999999,86.04999999999995,1,-1,-1,-1
1189,5,726.42,608.18,123.29000000000008,86.43000000000006,1,-1,-1,-1
1190,5,725.27,607.63,124.18000000000006,86.83000000000004,1,-1,-1,-1
1191,5,724.12,607.09,125.08000000000004,87.20999999999992,1,-1,-1,-1
1192,5,723.06,606.23,126.16000000000008,87.92999999999995,1,-1,-1,-1
1193,5,722.01,605.38,127.23000000000002,88.64999999999998,1,-1,-1,-1
1194,5,720.95,604.52,128.30999999999995,89.37,1,-1,-1,-1
1195,5,719.61,604.8,129.38,90.09000000000003,1,-1,-1,-1
1196,5,718.27,605.08,130.46000000000004,90.80999999999995,1,-1,-1,-1
1197,5,716.93,605.36,131.5300000000001,91.52999999999997,1,-1,-1,-1
1198,5,715.6,605.65,132.60000000000002,92.25,1,-1,-1,-1
1199,5,714.26,605.93,133.66999999999996,92.97000000000003,1,-1,-1,-1
1200,5,712.92,606.21,134.75,93.68999999999994,1,-1,-1,-1
1201,5,711.58,606.49,135.81999999999994,94.40999999999997,1,-1,-1,-1
1202,5,709.91,606.52,136.95000000000005,95.10000000000002,1,-1,-1,-1
1203,5,708.24,606.55,138.08000000000004,95.79000000000008,1,-1,-1,-1
1204,5,706.56,606.58,139.22000000000003,96.4799999999999,1,-1,-1,-1
1205,5,704.89,606.61,140.35000000000002,97.16999999999996,1,-1,-1,-1
1206,5,703.22,606.64,141.48000000000002,97.86000000000001,1,-1,-1,-1
1207,5,701.55,606.67,142.61,98.55000000000007,1,-1,-1,-1
1208,5,699.88,606.7,143.74,99.24000000000001,1,-1,-1,-1
1209,5,698.2,606.73,144.88,99.92999999999995,1,-1,-1,-1
1210,5,696.53,606.76,146.01,100.62,1,-1,-1,-1
1211,5,694.86,606.79,147.14,101.31000000000006,1,-1,-1,-1
1212,5,693.56,605.93,148.1400000000001,102.59000000000003,1,-1,-1,-1
1213,5,692.27,605.07,149.13,103.88,1,-1,-1,-1
1214,5,690.97,604.21,150.13,105.15999999999997,1,-1,-1,-1
1215,5,688.97,604.62,151.39999999999998,106.02999999999997,1,-1,-1,-1
1216,5,686.96,605.03,152.67999999999995,106.88999999999999,1,-1,-1,-1
1217,5,684.96,605.44,153.94999999999993,107.75999999999999,1,-1,-1,-1
1218,5,682.95,605.86,155.24,108.61000000000001,1,-1,-1,-1
1219,5,680.95,606.27,156.51,109.48000000000002,1,-1,-1,-1
1220,5,678.94,606.68,157.78999999999996,110.34000000000003,1,-1,-1,-1
1221,5,676.94,607.09,159.05999999999995,111.20999999999992,1,-1,-1,-1
1222,5,674.6,606.99,160.44999999999993,112.13,1,-1,-1,-1
1223,5,672.26,606.89,161.84000000000003,113.05000000000007,1,-1,-1,-1
1224,5,669.92,606.79,163.23000000000002,113.97000000000003,1,-1,-1,-1
1225,5,667.58,606.69,164.62,114.88999999999999,1,-1,-1,-1
1226,5,665.25,606.6,166.0,115.79999999999995,1,-1,-1,-1
1227,5,662.91,606.5,167.39,116.72000000000003,1,-1,-1,-1
1228,5,660.57,606.4,168.77999999999997,117.63999999999999,1,-1,-1,-1
1229,5,658.23,606.3,170.16999999999996,118.56000000000006,1,-1,-1,-1
1230,5,655.89,606.2,171.56000000000006,119.4799999999999,1,-1,-1,-1
1231,5,653.55,606.1,172.95000000000005,120.39999999999998,1,-1,-1,-1
1232,5,650.15,606.1,174.74,121.54999999999995,1,-1,-1,-1
1233,5,646.74,606.1,176.53999999999996,122.69999999999993,1,-1,-1,-1
1234,5,643.34,606.1,178.32999999999993,123.85000000000002,1,-1,-1,-1
1235,5,639.93,606.1,180.13,125.0,1,-1,-1,-1
1236,5,636.53,606.1,181.92000000000007,126.14999999999998,1,-1,-1,-1
1237,5,633.13,606.1,183.71000000000004,127.29999999999995,1,-1,-1,-1
1238,5,629.72,606.1,185.51,128.44999999999993,1,-1,-1,-1
1239,5,626.32,606.1,187.29999999999995,129.60000000000002,1,-1,-1,-1
1240,5,622.91,606.1,189.10000000000002,130.75,1,-1,-1,-1
1241,5,619.51,606.1,190.89,131.89999999999998,1,-1,-1,-1
1242,5,615.14,606.23,193.18000000000006,132.49,1,-1,-1,-1
1243,5,610.76,606.37,195.48000000000002,133.07000000000005,1,-1,-1,-1
1244,5,606.39,606.5,197.76999999999998,133.65999999999997,1,-1,-1,-1
1245,5,602.02,605.93,200.06000000000006,134.95000000000005,1,-1,-1,-1
1246,5,597.65,605.36,202.35000000000002,136.24,1,-1,-1,-1
1247,5,593.28,604.79,204.64,137.5300000000001,1,-1,-1,-1
1248,5,588.9,604.23,206.94000000000005,138.80999999999995,1,-1,-1,-1
1249,5,584.53,603.66,209.23000000000002,140.10000000000002,1,-1,-1,-1
1250,5,580.16,603.09,211.51999999999998,141.39,1,-1,-1,-1
1251,5,575.79,602.52,213.81000000000006,142.68000000000006,1,-1,-1,-1
1252,5,570.82,602.18,216.77999999999997,144.43000000000006,1,-1,-1,-1
1253,5,565.86,601.85,219.74,146.17999999999995,1,-1,-1,-1
1254,5,560.89,601.51,222.71000000000004,147.93000000000006,1,-1,-1,-1
1255,5,555.75,601.86,225.67999999999995,149.66999999999996,1,-1,-1,-1
1256,5,550.61,602.21,228.64999999999998,151.41999999999996,1,-1,-1,-1
1257,5,545.47,602.56,231.62,153.16000000000008,1,-1,-1,-1
1258,5,540.33,602.9,234.57999999999993,154.92000000000007,1,-1,-1,-1
1259,5,535.19,603.25,237.54999999999995,156.65999999999997,1,-1,-1,-1
1260,5,530.05,603.6,240.5200000000001,158.40999999999997,1,-1,-1,-1
1261,5,524.91,603.95,243.49,160.14999999999998,1,-1,-1,-1
1262,5,518.38,604.12,247.26999999999998,162.34000000000003,1,-1,-1,-1
1263,5,511.84,604.29,251.06,164.5300000000001,1,-1,-1,-1
1264,5,505.3,604.47,254.84999999999997,166.70999999999992,1,-1,-1,-1
1265,5,498.77,604.64,258.63,168.89999999999998,1,-1,-1,-1
1266,5,492.24,604.81,262.40999999999997,171.09000000000003,1,-1,-1,-1
1267,5,485.7,604.98,266.2,173.27999999999997,1,-1,-1,-1
1268,5,479.16,605.15,269.98999999999995,175.47000000000003,1,-1,-1,-1
1269,5,472.63,605.33,273.77,177.64999999999998,1,-1,-1,-1
1270,5,466.1,605.5,277.54999999999995,179.84000000000003,1,-1,-1,-1
1271,5,459.56,605.67,281.34,182.0300000000001,1,-1,-1,-1
1272,5,452.15,604.91,286.37,185.38,1,-1,-1,-1
1273,5,444.74,604.15,291.39,188.74,1,-1,-1,-1
1274,5,437.33,603.39,296.42,192.09000000000003,1,-1,-1,-1
1275,5,428.9,603.04,301.44000000000005,195.44000000000005,1,-1,-1,-1
1276,5,420.46,602.69,306.4800000000001,198.79999999999995,1,-1,-1,-1
1277,5,412.03,602.34,311.5,202.14999999999998,1,-1,-1,-1
1278,5,403.59,601.99,316.53000000000003,205.5,1,-1,-1,-1
1279,5,395.16,601.64,321.55,208.85000000000002,1,-1,-1,-1
1280,5,386.72,601.29,326.5899999999999,212.21000000000004,1,-1,-1,-1
1281,5,378.29,600.94,331.60999999999996,215.55999999999995,1,-1,-1,-1
1282,5,367.58,600.82,338.47999999999996,218.83999999999992,1,-1,-1,-1
1283,5,356.87,600.69,345.35,222.13,1,-1,-1,-1
1284,5,346.15,600.57,352.23,225.40999999999997,1,-1,-1,-1
1285,5,335.44,600.44,359.09999999999997,228.69999999999993,1,-1,-1,-1
1286,5,324.73,600.32,365.97,231.9799999999999,1,-1,-1,-1
1287,5,314.02,600.2,372.84000000000003,235.26,1,-1,-1,-1
1288,5,303.31,600.07,379.71,238.54999999999995,1,-1,-1,-1
1289,5,292.59,599.95,386.59,241.82999999999993,1,-1,-1,-1
1290,5,281.88,599.82,393.46000000000004,245.12,1,-1,-1,-1
1291,5,271.17,599.7,400.33,248.39999999999998,1,-1,-1,-1
1292,5,258.11,599.63,408.34000000000003,253.97000000000003,1,-1,-1,-1
1293,5,245.06,599.55,416.34,259.55000000000007,1,-1,-1,-1
1294,5,232.0,599.48,424.35,265.12,1,-1,-1,-1
1295,5,217.75,599.41,433.54999999999995,270.69000000000005,1,-1,-1,-1
1296,5,203.49,599.33,442.76,276.27,1,-1,-1,-1
1297,5,189.24,599.26,451.96000000000004,281.84000000000003,1,-1,-1,-1
1298,5,174.99,599.18,461.15999999999997,287.4200000000001,1,-1,-1,-1
1299,5,160.74,599.11,470.36,292.99,1,-1,-1,-1
1300,5,146.48,599.03,479.56999999999994,298.57000000000005,1,-1,-1,-1
1301,5,132.23,598.96,488.77,304.14,1,-1,-1,-1
1302,5,116.2,598.96,500.50000000000006,304.14,1,-1,-1,-1
1303,5,99.1,598.96,508.0,304.14,1,-1,-1,-1
1304,5,84.1,598.96,518.8,304.14,1,-1,-1,-1
1305,5,64.8,598.96,534.8000000000001,304.14,1,-1,-1,-1
1306,5,48.8,598.96,543.3000000000001,327.64,1,-1,-1,-1
1307,5,31.7,598.96,554.0,304.14,1,-1,-1,-1
1308,5,13.5,598.96,562.6,329.8399999999999,1,-1,-1,-1
1309,5,0.0,595.7,568.6,338.4,1,-1,-1,-1
1310,5,0.0,595.7,561.1,346.4,1,-1,-1,-1
1311,5,0.0,595.7,553.6,354.4,1,-1,-1,-1
1312,5,0.0,595.7,545.05,362.94999999999993,1,-1,-1,-1
1313,5,0.0,595.7,536.5,371.5,1,-1,-1,-1
1314,5,0.0,595.7,527.4,371.5,1,-1,-1,-1
1315,5,0.0,595.7,518.3,371.5,1,-1,-1,-1
1316,5,0.0,594.2,508.15,373.0,1,-1,-1,-1
1317,5,0.0,592.7,498.0,374.5,1,-1,-1,-1
1318,5,0.0,592.7,487.1,374.5,1,-1,-1,-1
1319,5,0.0,592.7,476.2,374.5,1,-1,-1,-1
1320,5,0.0,592.7,465.3,374.5,1,-1,-1,-1
1321,5,0.0,588.4,452.5,378.80000000000007,1,-1,-1,-1
1322,5,0.0,588.4,440.5,378.80000000000007,1,-1,-1,-1
1323,5,0.0,588.4,428.5,378.80000000000007,1,-1,-1,-1
1324,5,0.0,588.4,416.5,378.80000000000007,1,-1,-1,-1
1325,5,0.0,588.4,401.53,378.80000000000007,1,-1,-1,-1
1326,5,0.0,588.4,386.57,378.80000000000007,1,-1,-1,-1
1327,5,0.0,588.4,371.6,378.80000000000007,1,-1,-1,-1
1328,5,0.0,588.4,356.2,378.80000000000007,1,-1,-1,-1
1329,5,0.0,588.4,340.8,378.80000000000007,1,-1,-1,-1
1330,5,0.0,594.8,321.97,372.4000000000001,1,-1,-1,-1
1331,5,0.0,601.2,303.13,366.0,1,-1,-1,-1
1332,5,0.0,610.2,284.3,357.0,1,-1,-1,-1
1333,5,0.0,629.5,265.05,337.70000000000005,1,-1,-1,-1
1334,5,0.0,648.8,245.8,318.4000000000001,1,-1,-1,-1
1335,5,0.0,670.6,222.7,296.6,1,-1,-1,-1
1336,5,0.0,670.6,211.1,296.6,1,-1,-1,-1
1337,5,0.0,715.5,203.4,251.70000000000005,1,-1,-1,-1
1338,5,0.0,715.5,154.6,251.70000000000005,1,-1,-1,-1
1339,5,0.0,759.2,143.0,208.0,1,-1,-1,-1
1340,5,0.0,773.3,101.9,193.9000000000001,1,-1,-1,-1
1341,5,0.0,773.3,76.2,193.9000000000001,1,-1,-1,-1
1342,5,0.0,773.3,50.5,193.9000000000001,1,-1,-1,-1
1569,6,944.57,558.55,65.70999999999992,76.8900000000001,1,-1,-1,-1
1570,6,944.91,557.65,66.33000000000004,77.51999999999998,1,-1,-1,-1
1571,6,945.26,556.76,66.94000000000005,78.13999999999999,1,-1,-1,-1
1572,6,945.63,556.38,67.82000000000005,78.84000000000003,1,-1,-1,-1
1573,6,946.0,556.0,68.70000000000005,79.53999999999996,1,-1,-1,-1
1574,6,946.36,555.62,69.58000000000004,80.24000000000001,1,-1,-1,-1
1575,6,946.73,555.24,70.46000000000004,80.93999999999994,1,-1,-1,-1
1576,6,947.1,554.86,71.34000000000003,81.63999999999999,1,-1,-1,-1
1577,6,947.35,554.83,72.22000000000003,82.63,1,-1,-1,-1
1578,6,947.61,554.79,73.09000000000003,83.63,1,-1,-1,-1
1579,6,947.86,554.76,73.98000000000002,84.62,1,-1,-1,-1
1580,6,948.12,554.72,74.85000000000002,85.62,1,-1,-1,-1
1581,6,948.37,554.69,75.7299999999999,86.6099999999999,1,-1,-1,-1
1582,6,949.24,554.11,76.32999999999993,87.21000000000004,1,-1,-1,-1
1583,6,950.11,553.53,76.92999999999995,87.81000000000006,1,-1,-1,-1
1584,6,950.98,552.95,77.52999999999997,88.40999999999997,1,-1,-1,-1
1585,6,951.85,552.37,78.13,89.00999999999999,1,-1,-1,-1
1586,6,952.72,551.79,78.73000000000002,89.61000000000001,1,-1,-1,-1
1587,6,953.59,551.21,79.33000000000004,90.50999999999999,1,-1,-1,-1
1588,6,954.46,550.63,79.93000000000006,91.40999999999997,1,-1,-1,-1
1589,6,955.34,550.04,80.51999999999987,92.32000000000005,1,-1,-1,-1
1590,6,956.21,549.46,81.11999999999989,93.21999999999991,1,-1,-1,-1
1591,6,957.08,548.88,81.71999999999991,94.12,1,-1,-1,-1
1592,6,957.81,548.96,82.78999999999996,94.84999999999991,1,-1,-1,-1
1593,6,958.53,549.05,83.87000000000012,95.57000000000005,1,-1,-1,-1
1594,6,959.26,549.13,84.94000000000005,96.29999999999995,1,-1,-1,-1
1595,6,959.98,549.22,86.01999999999998,97.01999999999998,1,-1,-1,-1
1596,6,960.71,549.3,87.08999999999992,97.75,1,-1,-1,-1
1597,6,961.44,548.8,88.15999999999985,99.06000000000006,1,-1,-1,-1
1598,6,962.16,548.3,89.24000000000012,100.37,1,-1,-1,-1
1599,6,962.89,547.81,90.31000000000006,101.67000000000007,1,-1,-1,-1
1600,6,963.61,547.31,91.38999999999999,102.98000000000002,1,-1,-1,-1
1601,6,964.34,546.81,92.45999999999992,104.29000000000008,1,-1,-1,-1
1602,6,965.71,545.88,93.40999999999985,105.13999999999999,1,-1,-1,-1
1603,6,967.08,544.94,94.36000000000001,106.0,1,-1,-1,-1
1604,6,968.44,544.01,95.31999999999994,106.85000000000002,1,-1,-1,-1
1605,6,969.81,543.07,96.26999999999998,107.70999999999992,1,-1,-1,-1
1606,6,971.18,542.14,97.22000000000014,108.56000000000006,1,-1,-1,-1
1607,6,972.55,541.21,98.17000000000007,109.68999999999994,1,-1,-1,-1
1608,6,973.92,540.28,99.12,110.82000000000005,1,-1,-1,-1
1609,6,975.28,539.34,100.07999999999993,111.95999999999992,1,-1,-1,-1
1610,6,976.65,538.41,101.03000000000009,113.09000000000003,1,-1,-1,-1
1611,6,978.02,537.48,101.98000000000002,114.22000000000003,1,-1,-1,-1
1612,6,979.2,537.19,103.49000000000001,115.54999999999995,1,-1,-1,-1
1613,6,980.39,536.91,104.99000000000012,116.87,1,-1,-1,-1
1614,6,981.57,536.62,106.49999999999989,118.20000000000005,1,-1,-1,-1
1615,6,982.75,536.33,108.00999999999999,119.52999999999997,1,-1,-1,-1
1616,6,983.93,536.05,109.5200000000001,120.85000000000002,1,-1,-1,-1
1617,6,985.12,535.76,111.0200000000001,122.18000000000006,1,-1,-1,-1
1618,6,986.3,535.47,112.52999999999997,123.50999999999999,1,-1,-1,-1
1619,6,987.48,535.18,114.03999999999996,124.84000000000003,1,-1,-1,-1
1620,6,988.67,534.9,115.54000000000008,126.15999999999997,1,-1,-1,-1
1621,6,989.85,534.61,117.05000000000007,127.49000000000001,1,-1,-1,-1
1622,6,990.7,533.85,119.1099999999999,128.20999999999992,1,-1,-1,-1
1623,6,991.54,533.09,121.18000000000006,128.92999999999995,1,-1,-1,-1
1624,6,992.39,532.32,123.24000000000012,129.65999999999997,1,-1,-1,-1
1625,6,993.23,531.56,125.30999999999995,130.3800000000001,1,-1,-1,-1
1626,6,994.08,530.8,127.37,131.10000000000002,1,-1,-1,-1
1627,6,994.93,530.77,129.42999999999995,133.01,1,-1,-1,-1
1628,6,995.77,530.73,131.5,134.92999999999995,1,-1,-1,-1
1629,6,996.62,530.7,133.56000000000006,136.83999999999992,1,-1,-1,-1
1630,6,997.46,530.66,135.62999999999988,138.76,1,-1,-1,-1
1631,6,998.31,530.63,137.69000000000005,140.66999999999996,1,-1,-1,-1
1632,6,998.78,530.76,140.27999999999997,141.81000000000006,1,-1,-1,-1
1633,6,999.25,530.9,142.8699999999999,142.94000000000005,1,-1,-1,-1
1634,6,999.73,531.03,145.45000000000005,144.08000000000004,1,-1,-1,-1
1635,6,1000.2,531.17,148.03999999999996,145.21000000000004,1,-1,-1,-1
1636,6,1000.67,531.3,150.63,146.35000000000002,1,-1,-1,-1
1637,6,1001.14,530.47,153.2199999999999,148.44999999999993,1,-1,-1,-1
1638,6,1001.61,529.64,155.81000000000006,150.55000000000007,1,-1,-1,-1
1639,6,1002.09,528.81,158.39,152.6500000000001,1,-1,-1,-1
1640,6,1002.56,527.98,160.98000000000002,154.75,1,-1,-1,-1
1641,6,1003.03,527.15,163.56999999999994,156.85000000000002,1,-1,-1,-1
1642,6,1003.33,525.77,166.80000000000007,158.84000000000003,1,-1,-1,-1
1643,6,1003.63,524.38,170.0300000000001,160.84000000000003,1,-1,-1,-1
1644,6,1003.92,523.0,173.2700000000001,162.84000000000003,1,-1,-1,-1
1645,6,1004.22,521.61,176.5,164.84000000000003,1,-1,-1,-1
1646,6,1004.52,520.23,179.73000000000002,166.82999999999993,1,-1,-1,-1
1647,6,1004.82,519.56,182.95999999999992,168.83000000000004,1,-1,-1,-1
1648,6,1005.11,518.9,186.19999999999993,170.82000000000005,1,-1,-1,-1
1649,6,1005.41,518.23,189.42999999999995,172.80999999999995,1,-1,-1,-1
1650,6,1005.7,517.57,192.66999999999985,174.79999999999995,1,-1,-1,-1
1651,6,1006.0,516.9,195.9000000000001,176.80000000000007,1,-1,-1,-1
1652,6,1006.29,515.84,199.93000000000006,179.2199999999999,1,-1,-1,-1
1653,6,1006.57,514.78,203.9699999999999,181.64,1,-1,-1,-1
1654,6,1006.86,513.72,207.9999999999999,184.05999999999995,1,-1,-1,-1
1655,6,1007.14,512.66,212.04000000000008,186.48000000000002,1,-1,-1,-1
1656,6,1007.43,511.6,216.07000000000005,188.89999999999998,1,-1,-1,-1
1657,6,1007.72,509.72,221.13999999999987,192.14,1,-1,-1,-1
1658,6,1008.01,507.84,226.21000000000004,195.38000000000005,1,-1,-1,-1
1659,6,1008.29,505.97,231.28999999999996,198.61,1,-1,-1,-1
1660,6,1008.58,504.09,236.36,201.85000000000008,1,-1,-1,-1
1661,6,1008.87,502.21,241.42999999999995,205.08999999999997,1,-1,-1,-1
1662,6,1009.49,500.75,247.12999999999988,208.73000000000002,1,-1,-1,-1
1663,6,1010.11,499.29,252.83000000000004,212.36999999999995,1,-1,-1,-1
1664,6,1010.74,497.82,258.52,216.02000000000004,1,-1,-1,-1
1665,6,1011.36,496.36,264.2199999999999,219.65999999999997,1,-1,-1,-1
1666,6,1011.98,494.9,269.9200000000001,223.30000000000007,1,-1,-1,-1
1667,6,1012.6,493.44,277.08000000000004,226.94,1,-1,-1,-1
1668,6,1013.23,491.98,284.23,230.57999999999993,1,-1,-1,-1
1669,6,1013.85,490.52,291.39,234.22000000000003,1,-1,-1,-1
1670,6,1014.48,489.06,298.53999999999996,237.85999999999996,1,-1,-1,-1
1671,6,1015.1,487.6,305.69999999999993,241.5,1,-1,-1,-1
1672,6,1015.92,484.59,314.48000000000013,247.01000000000005,1,-1,-1,-1
1673,6,1016.74,481.58,323.26,252.52000000000004,1,-1,-1,-1
1674,6,1017.56,478.57,332.03999999999996,258.03000000000003,1,-1,-1,-1
1675,6,1018.38,475.56,340.82000000000005,263.54,1,-1,-1,-1
1676,6,1019.2,472.55,349.5999999999999,269.05,1,-1,-1,-1
1677,6,1020.02,469.54,361.28,275.58,1,-1,-1,-1
1678,6,1020.84,466.53,372.9599999999999,282.11,1,-1,-1,-1
1679,6,1021.66,463.52,384.64,288.64,1,-1,-1,-1
1680,6,1022.48,460.51,396.31999999999994,295.16999999999996,1,-1,-1,-1
1681,6,1023.3,457.5,408.0,301.70000000000005,1,-1,-1,-1
1682,6,1024.58,453.63,422.5,310.5,1,-1,-1,-1
1683,6,1025.86,449.77,437.0,319.30000000000007,1,-1,-1,-1
1684,6,1027.14,445.9,451.5,328.1,1,-1,-1,-1
1685,6,1028.42,438.33,466.0,342.07,1,-1,-1,-1
1686,6,1029.7,430.76,480.5,356.03999999999996,1,-1,-1,-1
1687,6,1030.98,425.41,500.0,367.98999999999995,1,-1,-1,-1
1688,6,1032.26,420.06,519.5,379.94,1,-1,-1,-1
1689,6,1033.54,414.72,539.0,391.88,1,-1,-1,-1
1690,6,1034.82,409.37,558.5,403.83000000000004,1,-1,-1,-1
1691,6,1036.1,404.02,578.0,415.78,1,-1,-1,-1
1692,6,1038.87,391.85,605.8200000000002,437.5799999999999,1,-1,-1,-1
1693,6,1041.64,379.67,633.6399999999999,459.40000000000003,1,-1,-1,-1
1694,6,1044.41,367.5,661.4599999999998,481.20000000000005,1,-1,-1,-1
1695,6,1047.18,355.33,689.28,511.91,1,-1,-1,-1
1696,6,1049.95,343.16,717.0999999999999,542.6299999999999,1,-1,-1,-1
1697,6,1052.72,330.99,744.9200000000001,573.34,1,-1,-1,-1
1698,6,1055.49,318.81,772.74,604.06,1,-1,-1,-1
1699,6,1058.26,306.64,800.56,634.77,1,-1,-1,-1
1700,6,1061.03,294.47,828.3800000000001,665.49,1,-1,-1,-1
1701,6,1063.8,282.3,856.2,696.2,1,-1,-1,-1
1702,6,1068.61,258.73,851.3900000000001,719.77,1,-1,-1,-1
1703,6,1073.42,235.16,846.5799999999999,743.34,1,-1,-1,-1
1704,6,1078.23,211.59,841.77,766.91,1,-1,-1,-1
1705,6,1083.04,188.02,836.96,790.48,1,-1,-1,-1
1706,6,1087.85,164.45,832.1500000000001,814.05,1,-1,-1,-1
1707,6,1092.66,140.88,827.3399999999999,837.62,1,-1,-1,-1
1708,6,1097.47,117.31,822.53,861.19,1,-1,-1,-1
1709,6,1102.28,93.74,817.72,884.76,1,-1,-1,-1
1710,6,1107.09,70.17,812.9100000000001,908.33,1,-1,-1,-1
1711,6,1111.9,46.6,808.0999999999999,931.9,1,-1,-1,-1
1712,6,1120.77,52.15,799.23,926.35,1,-1,-1,-1
1713,6,1129.64,57.7,790.3599999999999,920.8,1,-1,-1,-1
1714,6,1138.51,63.25,781.49,915.25,1,-1,-1,-1
1715,6,1147.38,68.8,772.6199999999999,909.7,1,-1,-1,-1
1716,6,1156.25,74.35,763.75,904.15,1,-1,-1,-1
1717,6,1165.12,79.9,754.8800000000001,898.6,1,-1,-1,-1
1718,6,1173.99,85.45,746.01,893.05,1,-1,-1,-1
1719,6,1182.86,91.0,737.1400000000001,887.5,1,-1,-1,-1
1720,6,1191.73,96.55,728.27,881.95,1,-1,-1,-1
1721,6,1200.6,102.1,719.4000000000001,876.4,1,-1,-1,-1
1722,6,1220.38,91.89,699.6199999999999,886.61,1,-1,-1,-1
1723,6,1240.16,81.68,679.8399999999999,896.8199999999999,1,-1,-1,-1
1724,6,1259.94,71.47,660.06,907.03,1,-1,-1,-1
1725,6,1279.72,61.26,640.28,917.24,1,-1,-1,-1
1726,6,1299.5,51.05,620.5,927.45,1,-1,-1,-1
1727,6,1319.28,40.84,600.72,937.66,1,-1,-1,-1
1728,6,1339.06,30.63,580.94,947.87,1,-1,-1,-1
1729,6,1358.84,20.42,561.1600000000001,958.08,1,-1,-1,-1
1730,6,1378.62,10.21,541.3800000000001,968.29,1,-1,-1,-1
1731,6,1398.4,0.0,521.5999999999999,978.5,1,-1,-1,-1
1732,6,1438.7,0.0,481.29999999999995,978.5,1,-1,-1,-1
1733,6,1479.0,0.0,441.0,978.5,1,-1,-1,-1
1734,6,1519.3,0.0,400.70000000000005,978.5,1,-1,-1,-1
1735,6,1559.6,0.0,360.4000000000001,978.5,1,-1,-1,-1
1736,6,1599.9,0.0,320.0999999999999,978.5,1,-1,-1,-1
1737,6,1663.7,0.0,256.29999999999995,978.5,1,-1,-1,-1
1738,6,1727.5,0.0,192.5,978.5,1,-1,-1,-1
1739,6,1794.1,0.0,125.90000000000009,978.5,1,-1,-1,-1
1740,6,1873.6,0.0,46.40000000000009,978.5,1,-1,-1,-1
