510,2,548.73,602.77,88.71000000000004,56.55000000000007,1,-1,-1,-1
511,2,541.94,602.24,90.65999999999997,57.860000000000014,1,-1,-1,-1
512,2,532.46,601.7,93.77999999999997,59.299999999999955,1,-1,-1,-1
513,2,522.98,601.16,96.89999999999998,60.74000000000001,1,-1,-1,-1
514,2,513.5,600.61,100.01999999999998,62.18999999999994,1,-1,-1,-1
515,2,504.02,600.07,103.13999999999999,63.629999999999995,1,-1,-1,-1
516,2,494.54,599.53,106.25999999999993,65.07000000000005,1,-1,-1,-1
517,2,482.83,599.6,110.07,67.10000000000002,1,-1,-1,-1
518,2,471.12,599.68,113.88,69.12,1,-1,-1,-1
519,2,459.42,599.75,117.68,71.14999999999998,1,-1,-1,-1
520,2,447.71,599.83,121.49000000000007,73.16999999999996,1,-1,-1,-1
521,2,436.0,599.9,125.29999999999995,75.20000000000005,1,-1,-1,-1
522,2,420.5,599.86,129.72000000000003,77.29999999999995,1,-1,-1,-1
523,2,405.0,599.82,134.14,79.39999999999998,1,-1,-1,-1
524,2,389.5,599.78,138.55999999999995,81.5,1,-1,-1,-1
525,2,374.0,599.74,142.98000000000002,83.60000000000002,1,-1,-1,-1
526,2,358.5,599.7,147.39999999999998,85.69999999999993,1,-1,-1,-1
527,2,337.78,598.74,153.44000000000005,89.15999999999997,1,-1,-1,-1
527,6,470.9,600.09,82.0,64.49000000000001,1,-1,-1,-1
528,2,317.07,597.78,159.47000000000003,92.62,1,-1,-1,-1
528,6,457.65,599.44,85.85000000000002,66.51999999999998,1,-1,-1,-1
529,2,296.35,596.82,165.51,96.07999999999993,1,-1,-1,-1
529,6,444.41,598.8,89.69,68.54000000000008,1,-1,-1,-1
530,2,275.64,595.86,171.54000000000002,99.53999999999996,1,-1,-1,-1
530,6,431.16,598.15,93.54000000000002,70.57000000000005,1,-1,-1,-1
531,2,254.92,594.9,177.58,103.0,1,-1,-1,-1
531,6,417.92,597.5,97.37999999999994,72.60000000000002,1,-1,-1,-1
532,2,230.5,592.56,186.0,107.99000000000001,1,-1,-1,-1
532,6,399.58,596.41,103.80000000000001,74.83000000000004,1,-1,-1,-1
533,2,206.09,590.21,194.41,112.99000000000001,1,-1,-1,-1
533,6,381.24,595.32,110.21999999999997,77.05999999999995,1,-1,-1,-1
534,2,175.88,588.7,203.28000000000003,117.18999999999994,1,-1,-1,-1
534,6,362.9,594.23,116.64000000000004,79.28999999999996,1,-1,-1,-1
535,2,145.67,587.19,212.16,121.38,1,-1,-1,-1
535,6,344.56,593.14,123.06,81.51999999999998,1,-1,-1,-1
536,2,115.46,585.68,221.03000000000003,125.58000000000004,1,-1,-1,-1
536,6,326.22,592.05,129.47999999999996,83.75,1,-1,-1,-1
537,2,81.11,584.33,229.71999999999997,129.93999999999994,1,-1,-1,-1
537,6,302.98,591.22,137.15999999999997,87.10000000000002,1,-1,-1,-1
538,2,46.75,582.98,238.41000000000003,134.30999999999995,1,-1,-1,-1
538,6,279.73,590.39,144.84999999999997,90.45000000000005,1,-1,-1,-1
539,2,12.4,581.63,247.1,138.66999999999996,1,-1,-1,-1
539,6,256.49,589.57,152.52999999999997,93.78999999999996,1,-1,-1,-1
540,2,0.0,577.32,226.2,150.57999999999993,1,-1,-1,-1
540,6,233.24,588.74,160.21999999999997,97.13999999999999,1,-1,-1,-1
541,2,0.0,576.6,195.5,158.89999999999998,1,-1,-1,-1
541,6,210.0,587.91,167.89999999999998,100.49000000000001,1,-1,-1,-1
542,2,0.0,575.4,158.63,165.23000000000002,1,-1,-1,-1
542,6,182.12,587.07,175.04000000000002,103.88999999999999,1,-1,-1,-1
543,2,0.0,574.21,121.77,171.55999999999995,1,-1,-1,-1
543,6,154.24,586.23,182.18,107.28999999999996,1,-1,-1,-1
544,2,0.0,573.01,84.9,177.89,1,-1,-1,-1
544,6,126.36,585.39,189.32,110.69000000000005,1,-1,-1,-1
545,6,98.48,584.55,196.45999999999998,114.09000000000003,1,-1,-1,-1
546,6,70.6,583.71,203.6,117.49000000000001,1,-1,-1,-1
547,6,35.3,581.03,212.5,125.12,1,-1,-1,-1
548,6,0.0,578.35,221.4,132.75,1,-1,-1,-1
549,6,0.0,578.35,191.3,138.88,1,-1,-1,-1
550,6,0.0,578.35,161.2,145.01999999999998,1,-1,-1,-1
551,6,0.0,578.35,131.1,151.14999999999998,1,-1,-1,-1
552,6,0.0,578.35,93.65,155.54999999999995,1,-1,-1,-1
553,6,0.0,578.35,56.2,159.94999999999993,1,-1,-1,-1
898,4,925.9,572.14,67.01999999999998,74.86000000000001,1,-1,-1,-1
899,4,926.8,572.46,67.28000000000009,75.13999999999999,1,-1,-1,-1
900,4,927.7,572.78,67.53999999999996,75.42000000000007,1,-1,-1,-1
901,4,928.6,573.1,67.79999999999995,75.69999999999993,1,-1,-1,-1
902,4,929.7,572.08,68.12,76.41999999999996,1,-1,-1,-1
903,4,930.8,571.06,68.44000000000005,77.1400000000001,1,-1,-1,-1
904,4,931.9,570.05,68.75999999999999,77.86000000000001,1,-1,-1,-1
905,4,933.0,569.03,69.08000000000004,78.58000000000004,1,-1,-1,-1
906,4,934.1,568.01,69.39999999999998,79.29999999999995,1,-1,-1,-1
907,4,935.44,567.29,70.03999999999996,79.86000000000001,1,-1,-1,-1
908,4,936.78,566.57,70.68000000000006,80.41999999999996,1,-1,-1,-1
909,4,938.12,565.84,71.32000000000005,80.98000000000002,1,-1,-1,-1
910,4,939.46,565.12,71.95999999999992,81.53999999999996,1,-1,-1,-1
911,4,940.8,564.4,72.60000000000002,82.10000000000002,1,-1,-1,-1
912,4,942.04,564.28,73.34000000000003,82.63,1,-1,-1,-1
913,4,943.28,564.16,74.08000000000004,83.16000000000008,1,-1,-1,-1
914,4,944.51,564.04,74.83000000000004,83.70000000000005,1,-1,-1,-1
915,4,945.75,563.92,75.57000000000005,84.23000000000002,1,-1,-1,-1
916,4,946.99,563.8,76.30999999999995,84.75999999999999,1,-1,-1,-1
917,4,948.23,563.15,77.47000000000003,85.82000000000005,1,-1,-1,-1
918,4,949.46,562.5,78.63999999999987,86.88,1,-1,-1,-1
919,4,950.78,562.23,79.01999999999998,86.99000000000001,1,-1,-1,-1
920,4,952.09,561.97,79.40999999999997,87.08999999999992,1,-1,-1,-1
921,4,953.41,561.7,79.79000000000008,87.19999999999993,1,-1,-1,-1
922,4,954.79,561.06,80.17000000000007,87.96000000000004,1,-1,-1,-1
923,4,956.17,560.42,80.55000000000007,88.72000000000003,1,-1,-1,-1
924,4,957.54,559.78,80.94000000000005,89.48000000000002,1,-1,-1,-1
925,4,958.92,559.14,81.32000000000005,90.24000000000001,1,-1,-1,-1
926,4,960.3,558.5,81.70000000000005,91.0,1,-1,-1,-1
927,4,961.44,558.2,82.8599999999999,91.9799999999999,1,-1,-1,-1
928,4,962.58,557.9,84.01999999999987,92.96000000000004,1,-1,-1,-1
929,4,963.72,557.6,85.18000000000006,93.93999999999994,1,-1,-1,-1
930,4,964.86,557.3,86.34000000000003,94.92000000000007,1,-1,-1,-1
931,4,966.0,557.0,87.5,95.89999999999998,1,-1,-1,-1
932,4,967.04,557.41,88.12000000000012,96.37,1,-1,-1,-1
933,4,968.08,557.82,88.7399999999999,96.83999999999992,1,-1,-1,-1
934,4,969.12,558.24,89.36000000000001,97.29999999999995,1,-1,-1,-1
935,4,970.16,558.65,89.98000000000013,97.76999999999998,1,-1,-1,-1
936,4,971.2,559.06,90.59999999999991,98.24000000000001,1,-1,-1,-1
937,4,971.94,558.37,92.22000000000003,99.33000000000004,1,-1,-1,-1
938,4,972.69,557.68,93.82999999999993,100.42000000000007,1,-1,-1,-1
939,4,973.43,556.98,95.45000000000016,101.51999999999998,1,-1,-1,-1
940,4,974.18,556.29,97.06000000000006,102.61000000000001,1,-1,-1,-1
941,4,974.92,555.6,98.67999999999995,103.69999999999993,1,-1,-1,-1
942,4,976.11,555.08,100.42999999999995,104.43999999999994,1,-1,-1,-1
943,4,977.3,554.56,102.18000000000006,105.18000000000006,1,-1,-1,-1
944,4,978.48,554.04,103.94000000000005,105.92000000000007,1,-1,-1,-1
945,4,979.67,553.52,105.68999999999994,106.65999999999997,1,-1,-1,-1
946,4,980.86,553.0,107.43999999999994,107.39999999999998,1,-1,-1,-1
947,4,982.05,552.36,108.50999999999999,108.27999999999997,1,-1,-1,-1
948,4,983.24,551.72,109.57999999999993,109.15999999999997,1,-1,-1,-1
949,4,984.42,551.08,110.65999999999997,110.03999999999996,1,-1,-1,-1
950,4,985.61,550.44,111.7299999999999,110.91999999999996,1,-1,-1,-1
951,4,986.8,549.8,112.79999999999995,111.80000000000007,1,-1,-1,-1
952,4,987.65,549.37,114.29000000000008,112.95000000000005,1,-1,-1,-1
953,4,988.5,548.94,115.77999999999997,114.09999999999991,1,-1,-1,-1
954,4,989.36,548.5,117.25999999999988,115.25999999999999,1,-1,-1,-1
955,4,990.21,548.07,118.75,116.40999999999997,1,-1,-1,-1
956,4,991.06,547.64,120.24000000000001,117.56000000000006,1,-1,-1,-1
957,4,991.87,546.75,122.24999999999989,118.66999999999996,1,-1,-1,-1
958,4,992.68,545.86,124.2600000000001,119.77999999999997,1,-1,-1,-1
959,4,993.48,544.98,126.27999999999997,120.88,1,-1,-1,-1
960,4,994.29,544.09,128.28999999999996,121.99000000000001,1,-1,-1,-1
961,4,995.1,543.2,130.30000000000007,123.09999999999991,1,-1,-1,-1
962,4,995.99,542.96,132.3699999999999,124.65999999999997,1,-1,-1,-1
963,4,996.88,542.72,134.43999999999994,126.22000000000003,1,-1,-1,-1
964,4,997.76,542.48,136.51999999999998,127.77999999999997,1,-1,-1,-1
965,4,998.65,542.24,138.59000000000003,129.34000000000003,1,-1,-1,-1
966,4,999.54,542.0,140.66000000000008,130.89999999999998,1,-1,-1,-1
967,4,1000.87,541.48,143.81000000000006,132.72000000000003,1,-1,-1,-1
968,4,1002.2,540.96,146.96000000000004,134.53999999999996,1,-1,-1,-1
969,4,1003.54,540.44,150.10000000000014,136.3599999999999,1,-1,-1,-1
970,4,1004.87,539.92,153.2499999999999,138.18000000000006,1,-1,-1,-1
971,4,1006.2,539.4,156.39999999999986,140.0,1,-1,-1,-1
972,4,1007.59,538.8,159.52999999999986,141.8900000000001,1,-1,-1,-1
973,4,1008.97,538.2,162.67000000000007,143.78999999999996,1,-1,-1,-1
974,4,1010.36,537.6,165.80000000000007,145.67999999999995,1,-1,-1,-1
975,4,1011.74,537.0,168.94000000000005,147.58000000000004,1,-1,-1,-1
976,4,1013.13,536.4,172.07000000000005,149.47000000000003,1,-1,-1,-1
977,4,1014.64,535.7,175.7600000000001,151.53999999999996,1,-1,-1,-1
978,4,1016.16,535.0,179.43999999999994,153.60000000000002,1,-1,-1,-1
979,4,1017.67,534.3,183.13,155.67000000000007,1,-1,-1,-1
980,4,1019.19,533.6,186.80999999999995,157.73000000000002,1,-1,-1,-1
981,4,1020.7,532.9,190.5,159.80000000000007,1,-1,-1,-1
982,4,1022.13,532.08,194.7500000000001,162.4799999999999,1,-1,-1,-1
983,4,1023.56,531.26,199.0,165.15999999999997,1,-1,-1,-1
984,4,1024.98,530.44,203.26,167.83999999999992,1,-1,-1,-1
985,4,1026.41,529.62,207.51,170.51999999999998,1,-1,-1,-1
986,4,1027.84,528.8,211.76,173.20000000000005,1,-1,-1,-1
987,4,1029.87,527.52,217.67000000000007,176.34000000000003,1,-1,-1,-1
988,4,1031.9,526.24,223.57999999999993,179.48000000000002,1,-1,-1,-1
989,4,1033.94,524.96,229.48000000000002,182.62,1,-1,-1,-1
990,4,1035.97,523.68,235.38999999999987,185.7600000000001,1,-1,-1,-1
991,4,1038.0,522.4,241.29999999999995,188.89999999999998,1,-1,-1,-1
992,4,1039.39,520.6,249.05999999999995,192.05999999999995,1,-1,-1,-1
993,4,1040.79,518.8,256.80999999999995,195.22000000000003,1,-1,-1,-1
994,4,1043.07,517.23,264.26,198.85000000000002,1,-1,-1,-1
995,4,1045.34,515.67,271.73,202.47000000000003,1,-1,-1,-1
996,4,1047.62,514.1,279.18000000000006,206.10000000000002,1,-1,-1,-1
997,4,1049.9,511.11,288.4499999999998,211.14999999999998,1,-1,-1,-1
998,4,1052.18,508.11,297.72,216.21000000000004,1,-1,-1,-1
999,4,1054.99,505.84,306.24,220.54000000000002,1,-1,-1,-1
1000,4,1057.79,503.57,314.78,224.87000000000006,1,-1,-1,-1
1001,4,1060.6,501.3,323.3000000000002,229.2,1,-1,-1,-1
1002,4,1063.15,498.19,336.14999999999986,236.07,1,-1,-1,-1
1003,4,1065.7,495.08,349.0,242.94,1,-1,-1,-1
1004,4,1069.04,493.05,363.26,248.72999999999996,1,-1,-1,-1
1005,4,1072.39,491.03,377.51,254.51,1,-1,-1,-1
1006,4,1075.73,489.0,391.77,260.29999999999995,1,-1,-1,-1
1007,4,1079.08,485.95,403.9200000000001,268.13000000000005,1,-1,-1,-1
1008,4,1082.42,482.9,416.0799999999999,275.96000000000004,1,-1,-1,-1
1009,4,1086.18,480.27,433.64999999999986,282.87,1,-1,-1,-1
1010,4,1089.94,477.63,451.23,289.78999999999996,1,-1,-1,-1
1011,4,1093.7,475.0,468.79999999999995,296.70000000000005,1,-1,-1,-1
1012,4,1097.86,470.6,492.5200000000002,308.5799999999999,1,-1,-1,-1
1013,4,1102.02,466.2,516.24,320.46,1,-1,-1,-1
1014,4,1106.18,461.8,539.96,332.34,1,-1,-1,-1
1015,4,1110.34,457.4,563.6800000000001,344.22,1,-1,-1,-1
1016,4,1114.5,453.0,587.4000000000001,356.1,1,-1,-1,-1
1017,4,1119.54,441.81,619.76,377.22999999999996,1,-1,-1,-1
1018,4,1124.58,430.63,652.1200000000001,398.35,1,-1,-1,-1
1019,4,1129.62,419.44,684.48,419.47999999999996,1,-1,-1,-1
1020,4,1134.66,408.26,716.8399999999999,440.6,1,-1,-1,-1
1021,4,1139.7,397.07,749.2,461.72999999999996,1,-1,-1,-1
1022,4,1145.67,383.1,774.3299999999999,491.0,1,-1,-1,-1
1023,4,1152.53,362.53,767.47,526.87,1,-1,-1,-1
1024,4,1159.38,341.95,760.6199999999999,562.75,1,-1,-1,-1
1025,4,1166.24,321.38,753.76,598.62,1,-1,-1,-1
1026,4,1173.1,300.8,746.9000000000001,634.5,1,-1,-1,-1
1027,4,1182.08,290.95,737.9200000000001,659.6500000000001,1,-1,-1,-1
1028,4,1191.06,281.1,728.94,684.8,1,-1,-1,-1
1029,4,1200.03,271.26,719.97,709.94,1,-1,-1,-1
1030,4,1209.01,261.41,710.99,735.0899999999999,1,-1,-1,-1
1031,4,1217.99,251.56,702.01,760.24,1,-1,-1,-1
1032,4,1230.63,255.49,689.3699999999999,756.31,1,-1,-1,-1
1033,4,1243.27,259.42,676.73,752.3799999999999,1,-1,-1,-1
1034,4,1255.92,263.34,664.0799999999999,748.46,1,-1,-1,-1
1035,4,1268.56,267.27,651.44,744.53,1,-1,-1,-1
1036,4,1281.2,271.2,638.8,740.5999999999999,1,-1,-1,-1
1037,4,1298.9,273.3,621.0999999999999,738.5,1,-1,-1,-1
1038,4,1316.6,275.4,603.4000000000001,736.4,1,-1,-1,-1
1039,4,1336.17,269.4,583.8299999999999,742.4,1,-1,-1,-1
1040,4,1355.73,250.1,564.27,761.6999999999999,1,-1,-1,-1
1041,4,1378.1,229.1,541.9000000000001,782.6999999999999,1,-1,-1,-1
1042,4,1404.1,202.84,515.9000000000001,808.9599999999999,1,-1,-1,-1
1043,4,1430.1,176.58,489.9000000000001,835.2199999999999,1,-1,-1,-1
1044,4,1462.95,150.32,457.04999999999995,861.48,1,-1,-1,-1
1045,4,1495.8,124.06,424.20000000000005,887.74,1,-1,-1,-1
1046,4,1534.3,97.8,385.70000000000005,914.0,1,-1,-1,-1
1047,4,1574.8,66.75,345.20000000000005,945.05,1,-1,-1,-1
1048,4,1624.2,35.7,295.79999999999995,976.0999999999999,1,-1,-1,-1
1049,4,1677.8,41.6,242.20000000000005,970.1999999999999,1,-1,-1,-1
1050,4,1736.4,47.5,183.5999999999999,964.3,1,-1,-1,-1
1051,4,1800.5,53.4,119.5,958.4,1,-1,-1,-1
1052,4,1869.9,53.4,50.09999999999991,958.4,1,-1,-1,-1
1282,9,936.74,544.04,56.210000000000036,89.91000000000008,1,-1,-1,-1
1283,9,937.15,542.66,56.85000000000002,90.74000000000001,1,-1,-1,-1
1284,9,937.56,541.78,57.30000000000007,91.33000000000004,1,-1,-1,-1
1285,9,937.97,540.89,57.75,91.91999999999996,1,-1,-1,-1
1286,9,938.38,540.01,58.200000000000045,92.50999999999999,1,-1,-1,-1
1287,9,938.72,539.79,58.41999999999996,93.09000000000003,1,-1,-1,-1
1288,9,939.05,539.57,58.66000000000008,93.65999999999997,1,-1,-1,-1
1289,9,939.39,539.34,58.879999999999995,94.25,1,-1,-1,-1
1290,9,939.72,539.12,59.120000000000005,94.82000000000005,1,-1,-1,-1
1291,9,940.06,538.9,59.34000000000003,95.39999999999998,1,-1,-1,-1
1292,9,940.22,539.02,59.67999999999995,96.00999999999999,1,-1,-1,-1
1293,9,940.39,539.14,60.00999999999999,96.63,1,-1,-1,-1
1294,9,940.55,539.26,60.35000000000002,97.24000000000001,1,-1,-1,-1
1295,9,940.72,539.38,60.67999999999995,97.86000000000001,1,-1,-1,-1
1296,9,940.88,539.5,61.01999999999998,98.47000000000003,1,-1,-1,-1
1297,9,941.08,538.86,61.719999999999914,99.41999999999996,1,-1,-1,-1
1298,9,941.29,538.22,62.41000000000008,100.36000000000001,1,-1,-1,-1
1299,9,941.49,537.58,63.110000000000014,101.30999999999995,1,-1,-1,-1
1300,9,941.7,536.94,63.799999999999955,102.25,1,-1,-1,-1
1301,9,941.9,536.3,64.5,103.20000000000005,1,-1,-1,-1
1302,9,942.32,535.66,64.88999999999999,103.74000000000001,1,-1,-1,-1
1303,9,942.74,535.01,65.27999999999997,104.28999999999996,1,-1,-1,-1
1304,9,943.16,534.37,65.67000000000007,104.83000000000004,1,-1,-1,-1
1305,9,943.58,533.72,66.05999999999995,105.38,1,-1,-1,-1
1306,9,944.0,533.08,66.45000000000005,105.91999999999996,1,-1,-1,-1
1307,9,944.42,532.44,66.84000000000003,106.83999999999992,1,-1,-1,-1
1308,9,944.84,531.79,67.23000000000002,107.76999999999998,1,-1,-1,-1
1309,9,945.26,531.15,67.62,108.69000000000005,1,-1,-1,-1
1310,9,945.68,530.5,68.0100000000001,109.62,1,-1,-1,-1
1311,9,946.1,529.86,68.39999999999998,110.53999999999996,1,-1,-1,-1
1312,9,946.54,529.49,69.20000000000005,111.52999999999997,1,-1,-1,-1
1313,9,946.98,529.12,70.0,112.51999999999998,1,-1,-1,-1
1314,9,947.42,528.74,70.80000000000007,113.51999999999998,1,-1,-1,-1
1315,9,947.86,528.37,71.60000000000002,114.50999999999999,1,-1,-1,-1
1316,9,948.3,528.0,72.40000000000009,115.5,1,-1,-1,-1
1317,9,948.68,527.32,73.22000000000003,116.59999999999991,1,-1,-1,-1
1318,9,949.06,526.64,74.04000000000008,117.70000000000005,1,-1,-1,-1
1319,9,949.44,525.96,74.8599999999999,118.79999999999995,1,-1,-1,-1
1320,9,949.82,525.28,75.67999999999995,119.89999999999998,1,-1,-1,-1
1321,9,950.2,524.6,76.5,121.0,1,-1,-1,-1
1322,9,950.72,524.04,77.09999999999991,121.62,1,-1,-1,-1
1323,9,951.24,523.47,77.70000000000005,122.25,1,-1,-1,-1
1324,9,951.76,522.91,78.29999999999995,122.87,1,-1,-1,-1
1325,9,952.28,522.34,78.90000000000009,123.5,1,-1,-1,-1
1326,9,952.8,521.78,79.5,124.12,1,-1,-1,-1
1327,9,953.2,521.28,80.37999999999988,125.56000000000006,1,-1,-1,-1
1328,9,953.6,520.79,81.25999999999988,126.99000000000001,1,-1,-1,-1
1329,9,954.0,520.29,82.1400000000001,128.43000000000006,1,-1,-1,-1
1330,9,954.4,519.8,83.0200000000001,129.86,1,-1,-1,-1
1331,9,954.8,519.3,83.90000000000009,131.30000000000007,1,-1,-1,-1
1332,9,955.18,518.14,84.7700000000001,132.14,1,-1,-1,-1
1333,9,955.56,516.98,85.6400000000001,132.98000000000002,1,-1,-1,-1
1334,9,955.94,515.82,86.50999999999999,133.81999999999994,1,-1,-1,-1
1335,9,956.32,514.66,87.38,134.66000000000008,1,-1,-1,-1
1336,9,956.7,513.5,88.25,135.5,1,-1,-1,-1
1337,9,957.12,512.14,88.7399999999999,137.14,1,-1,-1,-1
1338,9,957.54,510.78,89.23000000000002,138.77999999999997,1,-1,-1,-1
1339,9,957.96,509.42,89.72000000000003,140.42000000000002,1,-1,-1,-1
1340,9,958.38,508.06,90.20999999999992,142.06,1,-1,-1,-1
1341,9,958.8,506.7,90.70000000000005,143.7,1,-1,-1,-1
1342,9,959.07,505.97,92.03999999999985,144.75,1,-1,-1,-1
1343,9,959.34,505.24,93.38,145.79999999999995,1,-1,-1,-1
1344,9,959.6,504.52,94.7299999999999,146.84000000000003,1,-1,-1,-1
1345,9,959.87,503.79,96.07000000000005,147.88999999999993,1,-1,-1,-1
1346,9,960.14,503.06,97.40999999999997,148.94,1,-1,-1,-1
1347,9,960.41,502.33,98.75000000000011,150.67000000000002,1,-1,-1,-1
1348,9,960.68,501.6,100.09000000000003,152.39999999999998,1,-1,-1,-1
1349,9,960.94,500.88,101.44000000000005,154.12,1,-1,-1,-1
1350,9,961.21,500.15,102.77999999999997,155.85000000000002,1,-1,-1,-1
1351,9,961.48,499.42,104.11999999999989,157.57999999999998,1,-1,-1,-1
1352,9,961.87,498.18,105.20999999999992,158.83999999999997,1,-1,-1,-1
1353,9,962.26,496.93,106.29999999999995,160.10999999999996,1,-1,-1,-1
1354,9,962.64,495.69,107.39999999999998,161.36999999999995,1,-1,-1,-1
1355,9,963.03,494.44,108.49000000000001,162.64000000000004,1,-1,-1,-1
1356,9,963.42,493.2,109.58000000000004,163.90000000000003,1,-1,-1,-1
1357,9,963.81,491.78,110.97000000000003,165.98000000000002,1,-1,-1,-1
1358,9,964.19,490.36,112.36999999999989,168.05999999999995,1,-1,-1,-1
1359,9,964.58,488.93,113.75999999999988,170.15000000000003,1,-1,-1,-1
1360,9,964.96,487.51,115.15999999999985,172.23000000000002,1,-1,-1,-1
1361,9,965.35,486.09,116.55000000000007,174.31,1,-1,-1,-1
1362,9,965.61,484.95,117.85000000000002,175.70999999999998,1,-1,-1,-1
1363,9,965.87,483.81,119.14999999999998,177.10999999999996,1,-1,-1,-1
1364,9,966.12,482.68,120.45999999999992,178.49999999999994,1,-1,-1,-1
1365,9,966.38,481.54,121.7600000000001,179.90000000000003,1,-1,-1,-1
1366,9,966.64,480.4,123.06000000000006,181.30000000000007,1,-1,-1,-1
1367,9,966.9,478.72,125.0200000000001,183.51999999999998,1,-1,-1,-1
1368,9,967.16,477.04,126.98000000000013,185.73999999999995,1,-1,-1,-1
1369,9,967.41,475.36,128.94999999999993,187.96000000000004,1,-1,-1,-1
1370,9,967.67,473.68,130.90999999999997,190.18,1,-1,-1,-1
1371,9,967.93,472.0,132.87,192.39999999999998,1,-1,-1,-1
1372,9,968.25,470.48,134.47000000000003,194.55999999999995,1,-1,-1,-1
1373,9,968.58,468.96,136.06000000000006,196.71999999999997,1,-1,-1,-1
1374,9,968.9,467.44,137.65999999999997,198.88000000000005,1,-1,-1,-1
1375,9,969.23,465.92,139.25,201.04000000000002,1,-1,-1,-1
1376,9,969.55,464.4,140.85000000000014,203.20000000000005,1,-1,-1,-1
1377,9,969.73,463.35,143.04999999999995,205.99,1,-1,-1,-1
1378,9,969.91,462.3,145.2500000000001,208.78000000000003,1,-1,-1,-1
1379,9,970.08,461.25,147.45999999999992,211.57000000000005,1,-1,-1,-1
1380,9,970.26,460.2,149.66000000000008,214.35999999999996,1,-1,-1,-1
1381,9,970.44,459.15,151.8599999999999,217.14999999999998,1,-1,-1,-1
1382,9,970.82,456.78,154.2399999999999,220.04000000000008,1,-1,-1,-1
1383,9,971.19,454.41,156.62999999999988,222.93,1,-1,-1,-1
1384,9,971.57,452.04,159.00999999999988,225.82,1,-1,-1,-1
1385,9,971.94,449.67,161.39999999999986,228.70999999999998,1,-1,-1,-1
1386,9,972.32,447.3,163.77999999999986,231.59999999999997,1,-1,-1,-1
1387,9,972.7,444.72,166.76,235.0,1,-1,-1,-1
1388,9,973.07,442.14,169.7499999999999,238.39999999999998,1,-1,-1,-1
1389,9,973.45,439.56,172.73000000000002,241.8,1,-1,-1,-1
1390,9,973.82,436.98,175.7199999999999,245.19999999999993,1,-1,-1,-1
1391,9,974.2,434.4,178.70000000000005,248.60000000000002,1,-1,-1,-1
1392,9,974.78,432.02,182.01999999999998,252.67000000000007,1,-1,-1,-1
1393,9,975.36,429.64,185.34000000000003,256.75,1,-1,-1,-1
1394,9,975.93,427.26,188.66999999999996,260.82000000000005,1,-1,-1,-1
1395,9,976.51,424.88,191.99,264.9,1,-1,-1,-1
1396,9,977.09,422.5,195.31000000000006,268.97,1,-1,-1,-1
1397,9,977.54,419.41,199.12000000000012,273.05,1,-1,-1,-1
1398,9,977.99,416.32,202.93000000000006,277.12000000000006,1,-1,-1,-1
1399,9,978.43,413.23,206.7500000000001,281.19999999999993,1,-1,-1,-1
1400,9,978.88,410.14,210.56000000000006,285.27,1,-1,-1,-1
1401,9,979.33,407.05,214.37,289.34999999999997,1,-1,-1,-1
1402,9,979.77,402.85,220.24,295.79999999999995,1,-1,-1,-1
1403,9,980.2,398.65,226.1199999999999,302.26,1,-1,-1,-1
1404,9,981.22,394.8,230.38999999999987,307.73999999999995,1,-1,-1,-1
1405,9,982.25,390.95,234.66000000000008,313.21999999999997,1,-1,-1,-1
1406,9,983.27,387.1,238.93000000000006,318.69999999999993,1,-1,-1,-1
1407,9,984.24,382.1,245.05999999999995,325.43999999999994,1,-1,-1,-1
1408,9,985.2,377.1,251.20000000000005,332.17999999999995,1,-1,-1,-1
1409,9,986.17,372.1,257.33000000000004,338.91999999999996,1,-1,-1,-1
1410,9,987.13,367.1,263.4699999999999,345.65999999999997,1,-1,-1,-1
1411,9,988.1,362.1,269.6,352.4,1,-1,-1,-1
1412,9,989.52,356.64,276.55999999999995,360.9,1,-1,-1,-1
1413,9,990.95,351.18,283.51,369.40000000000003,1,-1,-1,-1
1414,9,992.37,345.73,290.4699999999999,377.89,1,-1,-1,-1
1415,9,993.8,340.27,297.4200000000001,386.39,1,-1,-1,-1
1416,9,995.22,334.81,304.3799999999999,394.89000000000004,1,-1,-1,-1
1417,9,996.9,326.84,314.88,405.40000000000003,1,-1,-1,-1
1418,9,998.57,318.88,325.39,415.9,1,-1,-1,-1
1419,9,1000.25,310.91,335.8900000000001,426.41,1,-1,-1,-1
1420,9,1001.92,302.95,346.4,436.91,1,-1,-1,-1
1421,9,1003.6,294.98,356.9,447.41999999999996,1,-1,-1,-1
1422,9,1004.91,284.44,369.7099999999999,461.73999999999995,1,-1,-1,-1
1423,9,1006.23,273.91,382.51,476.05,1,-1,-1,-1
1424,9,1007.54,263.37,395.31999999999994,490.37,1,-1,-1,-1
1425,9,1008.86,252.84,408.12,504.67999999999995,1,-1,-1,-1
1426,9,1010.17,242.3,420.92999999999995,519.0,1,-1,-1,-1
1427,9,1012.96,227.87,438.39999999999986,538.21,1,-1,-1,-1
1428,9,1015.74,213.44,455.8799999999999,557.4200000000001,1,-1,-1,-1
1429,9,1018.53,199.02,473.35000000000014,576.62,1,-1,-1,-1
1430,9,1021.31,184.59,490.83000000000015,595.8299999999999,1,-1,-1,-1
1431,9,1024.1,170.16,508.3000000000002,615.0400000000001,1,-1,-1,-1
1432,9,1026.58,150.77,532.9000000000001,642.95,1,-1,-1,-1
1433,9,1029.06,131.38,557.5,670.86,1,-1,-1,-1
1434,9,1031.54,111.98,582.1000000000001,698.78,1,-1,-1,-1
1435,9,1034.02,92.59,606.7,726.6899999999999,1,-1,-1,-1
1436,9,1036.5,73.2,631.3,754.5999999999999,1,-1,-1,-1
1437,9,1038.0,48.25,665.9000000000001,788.25,1,-1,-1,-1
1438,9,1039.5,23.3,700.5,821.9000000000001,1,-1,-1,-1
1439,9,1042.13,0.0,735.9699999999998,858.0,1,-1,-1,-1
1440,9,1044.77,0.0,771.9300000000001,870.85,1,-1,-1,-1
1441,9,1047.4,0.0,807.8999999999999,883.7,1,-1,-1,-1
1442,9,1050.33,0.0,848.0700000000002,897.6,1,-1,-1,-1
1443,9,1053.26,0.0,866.74,914.7,1,-1,-1,-1
1444,9,1056.64,0.0,863.3599999999999,931.87,1,-1,-1,-1
1445,9,1060.02,0.0,859.98,949.03,1,-1,-1,-1
1446,9,1063.4,0.0,856.5999999999999,966.2,1,-1,-1,-1
1447,9,1066.48,0.0,853.52,981.14,1,-1,-1,-1
1448,9,1069.56,0.0,850.44,996.08,1,-1,-1,-1
1449,9,1072.64,0.0,847.3599999999999,1011.02,1,-1,-1,-1
1450,9,1075.72,0.0,844.28,1025.96,1,-1,-1,-1
1451,9,1078.8,0.0,841.2,1040.9,1,-1,-1,-1
1452,9,1082.6,0.0,837.4000000000001,1040.9,1,-1,-1,-1
1453,9,1086.4,0.0,833.5999999999999,1040.9,1,-1,-1,-1
1454,9,1090.2,0.0,829.8,1040.9,1,-1,-1,-1
1455,9,1094.0,0.0,826.0,1040.9,1,-1,-1,-1
1456,9,1097.8,0.0,822.2,1040.9,1,-1,-1,-1
1457,9,1102.72,0.0,817.28,1040.9,1,-1,-1,-1
1458,9,1107.64,0.0,812.3599999999999,1040.9,1,-1,-1,-1
1459,9,1112.56,0.0,807.44,1040.9,1,-1,-1,-1
1460,9,1117.48,0.0,802.52,1040.9,1,-1,-1,-1
1461,9,1122.4,0.0,797.5999999999999,1040.9,1,-1,-1,-1
1462,9,1128.18,0.0,791.8199999999999,1040.9,1,-1,-1,-1
1463,9,1133.95,0.0,786.05,1040.9,1,-1,-1,-1
1464,9,1139.72,0.0,780.28,1040.9,1,-1,-1,-1
1465,9,1145.5,0.0,774.5,1040.9,1,-1,-1,-1
1466,9,1155.2,0.0,764.8,1040.9,1,-1,-1,-1
1467,9,1163.1,0.0,756.9000000000001,1040.9,1,-1,-1,-1
1468,9,1172.5,0.0,747.5,1040.9,1,-1,-1,-1
1469,9,1181.9,0.0,738.0999999999999,1040.9,1,-1,-1,-1
1470,9,1191.3,0.0,728.7,1040.9,1,-1,-1,-1
1471,9,1200.7,0.0,719.3,1040.9,1,-1,-1,-1
1472,9,1214.24,0.0,705.76,1042.93,1,-1,-1,-1
1473,9,1227.78,0.0,692.22,1044.96,1,-1,-1,-1
1474,9,1241.32,0.0,678.6800000000001,1046.99,1,-1,-1,-1
1475,9,1254.86,0.0,665.1400000000001,1049.02,1,-1,-1,-1
1476,9,1268.4,0.0,651.5999999999999,1051.05,1,-1,-1,-1
1477,9,1287.87,0.0,632.1300000000001,1053.08,1,-1,-1,-1
1478,9,1307.33,0.0,612.6700000000001,1055.11,1,-1,-1,-1
1479,9,1326.8,0.0,593.2,1057.14,1,-1,-1,-1
1480,9,1352.95,0.0,567.05,1059.17,1,-1,-1,-1
1481,9,1379.1,0.0,540.9000000000001,1061.2,1,-1,-1,-1
1482,9,1406.15,0.0,513.8499999999999,1061.2,1,-1,-1,-1
1483,9,1444.0,157.2,476.0,904.0,1,-1,-1,-1
1484,9,1482.2,118.37,437.79999999999995,942.83,1,-1,-1,-1
1485,9,1528.75,79.53,391.25,981.6700000000001,1,-1,-1,-1
1486,9,1575.3,40.7,344.70000000000005,1020.5,1,-1,-1,-1
1487,9,1635.4,35.4,284.5999999999999,1025.8,1,-1,-1,-1
1488,9,1695.5,30.1,224.5,1031.1000000000001,1,-1,-1,-1
1489,9,1768.5,35.4,151.5,1025.8,1,-1,-1,-1
1490,9,1841.5,40.7,78.5,1020.5,1,-1,-1,-1
1524,12,940.24,565.31,67.15999999999997,75.19000000000005,1,-1,-1,-1
1525,12,940.28,564.86,68.12,75.74000000000001,1,-1,-1,-1
1526,12,940.32,564.4,69.07999999999993,76.30000000000007,1,-1,-1,-1
1527,12,940.97,563.99,69.58999999999992,76.97000000000003,1,-1,-1,-1
1528,12,941.62,563.58,70.10000000000002,77.63999999999999,1,-1,-1,-1
1529,12,942.28,563.18,70.60000000000002,78.30000000000007,1,-1,-1,-1
1530,12,942.93,562.77,71.11000000000001,78.97000000000003,1,-1,-1,-1
1531,12,943.58,562.36,71.62,79.63999999999999,1,-1,-1,-1
1532,12,944.24,562.08,72.31999999999994,80.43999999999994,1,-1,-1,-1
1533,12,944.91,561.81,73.00999999999999,81.23000000000002,1,-1,-1,-1
1534,12,945.57,561.53,73.70999999999992,82.02999999999997,1,-1,-1,-1
1535,12,946.24,561.26,74.39999999999998,82.82000000000005,1,-1,-1,-1
1536,12,946.9,560.98,75.10000000000002,83.62,1,-1,-1,-1
1537,12,948.0,560.7,75.77999999999997,84.29999999999995,1,-1,-1,-1
1538,12,949.1,560.43,76.45999999999992,84.97000000000003,1,-1,-1,-1
1539,12,950.19,560.15,77.14999999999986,85.64999999999998,1,-1,-1,-1
1540,12,951.29,559.88,77.82999999999993,86.32000000000005,1,-1,-1,-1
1541,12,952.39,559.6,78.5100000000001,87.0,1,-1,-1,-1
1542,12,953.44,559.16,79.41999999999985,87.94000000000005,1,-1,-1,-1
1543,12,954.5,558.72,80.31999999999994,88.88,1,-1,-1,-1
1544,12,955.55,558.29,81.23000000000002,89.81000000000006,1,-1,-1,-1
1545,12,956.61,557.85,82.13,90.75,1,-1,-1,-1
1546,12,957.66,557.41,83.04000000000008,91.69000000000005,1,-1,-1,-1
1547,12,958.85,557.33,83.87,92.11000000000001,1,-1,-1,-1
1548,12,960.05,557.25,84.69000000000005,92.52999999999997,1,-1,-1,-1
1549,12,961.24,557.16,85.51999999999998,92.96000000000004,1,-1,-1,-1
1550,12,962.44,557.08,86.33999999999992,93.38,1,-1,-1,-1
1551,12,963.63,557.0,87.16999999999996,93.79999999999995,1,-1,-1,-1
1552,12,965.03,555.55,88.26999999999998,95.03000000000009,1,-1,-1,-1
1553,12,966.43,554.11,89.37,96.25,1,-1,-1,-1
1554,12,967.82,552.66,90.4799999999999,97.48000000000002,1,-1,-1,-1
1555,12,969.22,551.22,91.57999999999993,98.69999999999993,1,-1,-1,-1
1556,12,970.62,549.77,92.67999999999995,99.93000000000006,1,-1,-1,-1
1557,12,971.92,548.4,93.74000000000012,101.52999999999997,1,-1,-1,-1
1558,12,973.22,547.04,94.80999999999995,103.12,1,-1,-1,-1
1559,12,974.52,546.56,95.90000000000009,104.28000000000009,1,-1,-1,-1
1560,12,975.81,546.08,97.0,105.43999999999994,1,-1,-1,-1
1561,12,977.11,545.6,98.09000000000003,106.60000000000002,1,-1,-1,-1
1562,12,978.36,545.77,99.7700000000001,107.40999999999997,1,-1,-1,-1
1563,12,979.61,545.94,101.44999999999993,108.21999999999991,1,-1,-1,-1
1564,12,980.85,546.11,103.13999999999999,109.02999999999997,1,-1,-1,-1
1565,12,982.1,546.28,104.82000000000005,109.84000000000003,1,-1,-1,-1
1566,12,983.35,546.45,106.49999999999989,110.64999999999998,1,-1,-1,-1
1567,12,984.6,546.62,108.17999999999995,112.0,1,-1,-1,-1
1568,12,985.85,546.79,109.86000000000001,113.35000000000002,1,-1,-1,-1
1569,12,987.1,546.96,111.54000000000008,114.69999999999993,1,-1,-1,-1
1570,12,988.35,547.13,113.21999999999991,116.04999999999995,1,-1,-1,-1
1571,12,989.6,547.3,114.89999999999998,117.40000000000009,1,-1,-1,-1
1572,12,990.68,546.46,116.91999999999996,118.92999999999995,1,-1,-1,-1
1573,12,991.76,545.62,118.94000000000005,120.46000000000004,1,-1,-1,-1
1574,12,992.84,544.78,120.95999999999992,121.99000000000001,1,-1,-1,-1
1575,12,993.92,543.94,122.98000000000013,123.51999999999998,1,-1,-1,-1
1576,12,995.0,543.1,125.0,125.04999999999995,1,-1,-1,-1
1577,12,995.82,541.77,127.27999999999986,127.07000000000005,1,-1,-1,-1
1578,12,996.63,540.44,129.57000000000005,129.08999999999992,1,-1,-1,-1
1579,12,997.45,539.12,131.8499999999999,131.10000000000002,1,-1,-1,-1
1580,12,998.26,537.79,134.1400000000001,133.12,1,-1,-1,-1
1581,12,999.08,536.46,136.41999999999996,135.14,1,-1,-1,-1
1582,12,999.98,535.43,139.68000000000006,137.17000000000007,1,-1,-1,-1
1583,12,1000.88,534.4,142.93999999999994,139.20000000000005,1,-1,-1,-1
1584,12,1001.77,532.97,145.83999999999992,141.63,1,-1,-1,-1
1585,12,1002.67,531.53,148.74000000000012,144.07000000000005,1,-1,-1,-1
1586,12,1003.56,530.1,151.6400000000001,146.5,1,-1,-1,-1
1587,12,1004.46,528.43,155.6199999999999,148.67000000000007,1,-1,-1,-1
1588,12,1005.35,526.77,159.61,150.83000000000004,1,-1,-1,-1
1589,12,1006.25,525.1,163.58999999999992,153.0,1,-1,-1,-1
1590,12,1007.14,523.44,167.58000000000004,155.15999999999997,1,-1,-1,-1
1591,12,1008.04,521.77,171.55999999999995,157.33000000000004,1,-1,-1,-1
1592,12,1009.65,520.44,175.42999999999995,159.93999999999994,1,-1,-1,-1
1593,12,1011.26,519.1,179.29999999999995,162.55999999999995,1,-1,-1,-1
1594,12,1012.88,517.77,183.15999999999997,165.17000000000007,1,-1,-1,-1
1595,12,1014.49,516.43,187.02999999999997,167.79000000000008,1,-1,-1,-1
1596,12,1016.1,515.1,190.89999999999998,170.39999999999998,1,-1,-1,-1
1597,12,1017.71,513.64,196.49,173.98000000000002,1,-1,-1,-1
1598,12,1019.33,512.18,202.07000000000005,177.56000000000006,1,-1,-1,-1
1599,12,1020.94,510.72,207.65999999999985,181.14,1,-1,-1,-1
1600,12,1022.56,509.26,213.24,184.72000000000003,1,-1,-1,-1
1601,12,1024.17,507.8,218.82999999999993,188.3,1,-1,-1,-1
1602,12,1025.65,504.71,226.12999999999988,193.02000000000004,1,-1,-1,-1
1603,12,1027.12,501.63,233.44000000000005,197.73000000000002,1,-1,-1,-1
1604,12,1028.6,498.54,240.74,202.44,1,-1,-1,-1
1605,12,1030.07,495.46,248.04999999999995,207.15000000000003,1,-1,-1,-1
1606,12,1031.55,492.37,255.35000000000014,211.87,1,-1,-1,-1
1607,12,1033.52,488.82,263.76,216.25000000000006,1,-1,-1,-1
1608,12,1035.49,485.26,272.1700000000001,220.64,1,-1,-1,-1
1609,12,1037.46,481.71,280.5799999999999,225.03000000000003,1,-1,-1,-1
1610,12,1039.43,478.15,288.99,229.42000000000007,1,-1,-1,-1
1611,12,1041.4,474.6,297.39999999999986,233.79999999999995,1,-1,-1,-1
1612,12,1043.38,469.78,309.0,241.82000000000005,1,-1,-1,-1
1613,12,1045.36,464.96,320.60000000000014,249.83999999999997,1,-1,-1,-1
1614,12,1047.34,460.14,332.20000000000005,257.86,1,-1,-1,-1
1615,12,1049.32,455.32,343.79999999999995,265.88000000000005,1,-1,-1,-1
1616,12,1051.3,450.5,355.4000000000001,273.9,1,-1,-1,-1
1617,12,1054.12,444.32,370.10000000000014,284.16,1,-1,-1,-1
1618,12,1056.95,438.14,384.78999999999996,294.41999999999996,1,-1,-1,-1
1619,12,1059.77,431.95,399.49,304.69,1,-1,-1,-1
1620,12,1062.6,425.77,414.18000000000006,314.95000000000005,1,-1,-1,-1
1621,12,1065.42,419.59,428.8799999999999,325.21,1,-1,-1,-1
1622,12,1068.36,411.23,449.20000000000005,339.59000000000003,1,-1,-1,-1
1623,12,1071.29,402.87,469.53,353.97,1,-1,-1,-1
1624,12,1074.23,394.52,489.8499999999999,368.34000000000003,1,-1,-1,-1
1625,12,1077.16,386.16,510.17999999999984,382.71999999999997,1,-1,-1,-1
1626,12,1080.1,377.8,530.5,397.09999999999997,1,-1,-1,-1
1627,12,1083.58,366.16,556.5,417.47999999999996,1,-1,-1,-1
1628,12,1087.07,354.52,582.49,437.86,1,-1,-1,-1
1629,12,1090.55,342.88,608.49,458.24,1,-1,-1,-1
1630,12,1094.04,331.24,634.48,478.62,1,-1,-1,-1
1631,12,1097.52,319.6,660.48,499.0,1,-1,-1,-1
1632,12,1102.6,300.75,692.98,532.33,1,-1,-1,-1
1633,12,1107.67,281.89,725.48,565.66,1,-1,-1,-1
1634,12,1112.74,263.04,757.98,598.99,1,-1,-1,-1
1635,12,1117.82,244.18,790.48,632.3199999999999,1,-1,-1,-1
1636,12,1122.9,226.0,797.0999999999999,663.9,1,-1,-1,-1
1637,12,1129.34,191.8,790.6600000000001,722.5999999999999,1,-1,-1,-1
1638,12,1135.78,157.6,784.22,781.3,1,-1,-1,-1
1639,12,1142.22,123.4,777.78,840.0,1,-1,-1,-1
1640,12,1148.66,89.2,771.3399999999999,898.6999999999999,1,-1,-1,-1
1641,12,1155.1,55.0,764.9000000000001,957.4,1,-1,-1,-1
1642,12,1163.26,47.6,756.74,964.8,1,-1,-1,-1
1643,12,1171.42,40.2,748.5799999999999,972.1999999999999,1,-1,-1,-1
1644,12,1179.58,32.8,740.4200000000001,979.6,1,-1,-1,-1
1645,12,1187.74,25.4,732.26,987.0,1,-1,-1,-1
1646,12,1195.9,18.0,724.0999999999999,994.4,1,-1,-1,-1
1647,12,1208.02,22.02,711.98,990.38,1,-1,-1,-1
1648,12,1220.14,26.04,699.8599999999999,986.36,1,-1,-1,-1
1649,12,1232.26,30.06,687.74,982.34,1,-1,-1,-1
1650,12,1244.38,34.08,675.6199999999999,978.3199999999999,1,-1,-1,-1
1651,12,1256.5,38.1,663.5,974.3,1,-1,-1,-1
1652,12,1274.86,40.58,645.1400000000001,971.8199999999999,1,-1,-1,-1
1653,12,1293.22,43.06,626.78,969.3399999999999,1,-1,-1,-1
1654,12,1311.58,45.54,608.4200000000001,966.86,1,-1,-1,-1
1655,12,1329.94,48.02,590.06,964.38,1,-1,-1,-1
1656,12,1348.3,50.5,571.7,961.9,1,-1,-1,-1
1657,12,1374.73,37.33,545.27,975.0699999999999,1,-1,-1,-1
1658,12,1401.17,24.17,518.8299999999999,988.23,1,-1,-1,-1
1659,12,1427.6,11.0,492.4000000000001,1001.4,1,-1,-1,-1
1660,12,1463.3,0.0,456.70000000000005,1012.4,1,-1,-1,-1
1661,12,1499.0,0.0,421.0,1012.4,1,-1,-1,-1
1662,12,1546.4,0.0,373.5999999999999,1012.4,1,-1,-1,-1
1663,12,1593.8,0.0,326.20000000000005,1012.4,1,-1,-1,-1
1664,12,1655.4,0.0,264.5999999999999,1012.4,1,-1,-1,-1
1665,12,1717.0,0.0,203.0,1012.4,1,-1,-1,-1
1666,12,1788.25,0.0,131.75,1012.4,1,-1,-1,-1
1667,12,1859.5,0.0,60.5,1012.4,1,-1,-1,-1
